1.0 4.457934856414795 88
1.0 9.428740501403809 197
1.0 3.938596248626709 77
1.0 9.248656272888184 200
1.0 4.953243732452393 103
1.0 4.852579593658447 98
1.0 7.966189861297607 161
1.0 0.05542569234967232 1
1.0 5.511496067047119 111
1.0 0.43503618240356445 8
1.0 1.0699375867843628 20
1.0 35.12873458862305 1024
1.0 2.0770411491394043 41
1.0 33.071380615234375 865
1.0 15.614800453186035 360
1.0 8.248396873474121 163
1.0 2.8958797454833984 57
1.0 5.637724876403809 112
1.0 3.829442262649536 74
1.0 9.74345588684082 214
1.0 2.0990488529205322 40
1.0 22.39268684387207 477
1.0 0.05542583763599396 1
1.0 28.470800399780273 721
1.0 0.055425532162189484 1
1.0 12.413435935974121 276
1.0 1.805014967918396 34
1.0 6.174911975860596 124
1.0 5.588951110839844 110
1.0 12.405425071716309 278
1.0 0.05542643740773201 1
1.0 5.096951961517334 103
1.0 0.055424973368644714 1
1.0 5.853614330291748 120
1.0 14.442021369934082 354
1.0 1.8552159070968628 35
1.0 4.119526386260986 83
1.0 7.68687629699707 158
1.0 23.987648010253906 615
1.0 10.075102806091309 218
1.0 10.272562026977539 215
1.0 10.354423522949219 223
1.0 10.329825401306152 226
1.0 7.376519203186035 156
1.0 6.651248931884766 135
1.0 14.261581420898438 326
1.0 1.5758289098739624 30
1.0 0.055425290018320084 1
1.0 2.45470929145813 47
1.0 4.166788101196289 81
1.0 5.724602699279785 112
1.0 4.326356887817383 85
1.0 0.0554267019033432 1
1.0 4.264100551605225 86
1.0 20.531423568725586 521
1.0 12.961527824401855 290
1.0 2.995608329772949 57
1.0 0.0554242767393589 1
1.0 0.27248281240463257 5
1.0 0.055425241589546204 1
1.0 11.391341209411621 248
1.0 0.055425114929676056 1
1.0 18.169675827026367 425
1.0 0.05542465299367905 1
1.0 5.704383850097656 114
1.0 0.8577736020088196 16
1.0 4.4089436531066895 91
1.0 12.524625778198242 258
1.0 5.066946983337402 102
1.0 6.427467346191406 131
1.0 0.21836784482002258 4
1.0 2.6185901165008545 51
1.0 19.166162490844727 442
1.0 11.545182228088379 249
1.0 5.308921813964844 106
1.0 15.472977638244629 346
1.0 3.606334686279297 70
1.0 3.6757655143737793 72
1.0 3.9628429412841797 78
1.0 19.248106002807617 436
1.0 4.532902717590332 90
1.0 0.05542506277561188 1
1.0 16.565406799316406 406
1.0 9.526432037353516 201
1.0 6.46931791305542 133
1.0 0.055425286293029785 1
1.0 9.320256233215332 192
1.0 5.483118534088135 107
1.0 9.666972160339355 209
1.0 13.067283630371094 297
1.0 6.677336692810059 134
1.0 1.5837335586547852 30
1.0 11.759954452514648 238
1.0 12.738443374633789 273
1.0 2.093705415725708 41
1.0 3.8579084873199463 80
1.0 10.561243057250977 236
1.0 5.851229667663574 115
1.0 20.08555793762207 443
1.0 11.40078067779541 267
1.0 3.45281720161438 68
1.0 1.3676857948303223 26
1.0 9.901710510253906 204
1.0 11.845483779907227 252
1.0 25.571704864501953 678
1.0 18.430648803710938 439
1.0 3.3884084224700928 66
1.0 8.920366287231445 199
1.0 6.129573822021484 124
1.0 11.50492000579834 240
1.0 7.857663154602051 163
1.0 16.119306564331055 354
1.0 5.2241950035095215 104
1.0 3.4678618907928467 68
1.0 4.973349571228027 97
1.0 1.7386430501937866 33
1.0 15.271037101745605 330
1.0 7.312211036682129 152
1.0 0.055423833429813385 1
1.0 0.92062908411026 17
1.0 5.200849533081055 104
1.0 4.535247802734375 89
1.0 13.686134338378906 328
1.0 16.72353744506836 363
1.0 10.89468002319336 233
1.0 0.05542464554309845 1
1.0 2.999788284301758 59
1.0 4.702681064605713 95
1.0 0.05542578920722008 1
1.0 2.46144437789917 47
1.0 6.1270318031311035 128
1.0 22.337812423706055 599
1.0 2.609265089035034 50
1.0 19.97239875793457 460
1.0 4.980202674865723 100
1.0 4.717931270599365 94
1.0 8.565597534179688 175
1.0 9.003034591674805 188
1.0 7.724658012390137 181
1.0 0.05542543902993202 1
1.0 5.202548503875732 106
1.0 10.240288734436035 216
1.0 9.04723834991455 190
1.0 6.502049922943115 137
1.0 10.797869682312012 229
1.0 0.9136896133422852 17
1.0 9.276450157165527 207
1.0 0.055425308644771576 1
1.0 5.760743141174316 116
1.0 9.233071327209473 188
1.0 16.220151901245117 347
1.0 6.233659744262695 124
1.0 5.089045524597168 106
1.0 4.857079982757568 97
1.0 8.194942474365234 167
1.0 3.9664430618286133 79
1.0 4.534413814544678 87
1.0 12.62183666229248 263
1.0 0.055425215512514114 1
1.0 9.325048446655273 201
1.0 11.078702926635742 230
1.0 7.96404504776001 160
1.0 1.8372682332992554 35
1.0 1.7137221097946167 33
1.0 0.9142499566078186 17
1.0 0.05542461574077606 1
1.0 8.62666130065918 182
1.0 0.5919930338859558 11
1.0 5.902860641479492 117
1.0 0.32532432675361633 6
1.0 10.55806827545166 224
1.0 7.543794631958008 157
1.0 1.482828974723816 28
1.0 5.0526442527771 98
1.0 12.621850967407227 302
1.0 13.051395416259766 297
1.0 7.11092472076416 146
1.0 1.6433793306350708 31
1.0 0.05542484670877457 1
1.0 12.879215240478516 287
1.0 9.961051940917969 203
1.0 20.60116195678711 506
1.0 12.026684761047363 266
1.0 2.7519397735595703 54
1.0 4.294923305511475 85
1.0 10.725228309631348 223
1.0 0.05542620271444321 1
1.0 4.357784271240234 87
1.0 1.0733283758163452 20
1.0 0.05542553588747978 1
1.0 7.647279739379883 161
1.0 1.7202436923980713 32
1.0 0.055425360798835754 1
1.0 9.326845169067383 206
1.0 4.880663871765137 98
1.0 1.280654788017273 25
1.0 8.37986946105957 168
1.0 5.624167442321777 113
1.0 14.013737678527832 309
1.0 0.8639749884605408 16
1.0 2.209775686264038 43
1.0 3.4449639320373535 67
1.0 19.84634017944336 476
1.0 11.549491882324219 249
1.0 11.943265914916992 279
1.0 6.949282646179199 145
1.0 9.188909530639648 204
1.0 8.568599700927734 179
1.0 19.289457321166992 508
1.0 7.794493198394775 167
1.0 1.3430447578430176 25
1.0 11.691010475158691 244
1.0 11.390520095825195 248
1.0 0.0554254949092865 1
1.0 8.151741027832031 164
1.0 7.376339435577393 147
1.0 28.584962844848633 705
1.0 4.351383209228516 90
1.0 0.05542285740375519 1
1.0 7.577526569366455 157
1.0 5.264039516448975 105
1.0 0.055425215512514114 1
1.0 21.084707260131836 529
1.0 4.352316856384277 87
1.0 0.05542602762579918 1
1.0 4.622495174407959 91
1.0 0.055425435304641724 1
1.0 7.795050144195557 159
1.0 2.927504301071167 56
1.0 2.4816646575927734 48
1.0 17.400991439819336 414
1.0 27.844966888427734 723
1.0 1.9467999935150146 37
1.0 4.8566060066223145 97
1.0 8.585787773132324 179
1.0 25.73807144165039 641
1.0 11.329380989074707 253
1.0 0.0554247610270977 1
1.0 6.2788166999816895 127
1.0 11.578404426574707 253
1.0 24.430843353271484 622
1.0 11.188989639282227 255
1.0 0.38196200132369995 7
1.0 5.962859630584717 117
1.0 24.534868240356445 586
1.0 2.0001375675201416 38
1.0 10.11579418182373 228
1.0 0.055426135659217834 1
1.0 10.28363037109375 228
1.0 4.717532157897949 91
1.0 8.315997123718262 172
1.0 0.05542531982064247 1
1.0 26.080102920532227 618
1.0 7.3210320472717285 152
1.0 1.0697699785232544 20
1.0 1.9372042417526245 37
1.0 3.135800838470459 61
1.0 13.120171546936035 269
1.0 0.05542529746890068 1
1.0 5.43394660949707 108
1.0 3.1207900047302246 60
1.0 7.101803779602051 148
1.0 2.309201717376709 44
1.0 1.6850675344467163 32
1.0 0.05542536452412605 1
1.0 9.721531867980957 203
1.0 0.055425602942705154 1
1.0 12.455259323120117 285
1.0 6.16446590423584 127
1.0 2.9272356033325195 58
1.0 4.7379045486450195 96
1.0 1.2118560075759888 23
1.0 11.64423942565918 268
1.0 2.8659379482269287 54
1.0 7.250596046447754 143
1.0 0.05542583763599396 1
1.0 5.090280532836914 99
1.0 0.05542534589767456 1
1.0 3.5258500576019287 70
1.0 6.479417324066162 131
1.0 1.7043794393539429 32
1.0 1.8178653717041016 34
1.0 8.591638565063477 183
1.0 14.413311958312988 318
1.0 2.4027442932128906 46
1.0 14.894309997558594 363
1.0 10.896868705749512 235
1.0 0.0554250106215477 1
1.0 18.025175094604492 415
1.0 9.8287992477417 210
1.0 18.931856155395508 453
1.0 10.49202823638916 230
1.0 5.918990612030029 124
1.0 0.11023591458797455 2
1.0 9.434552192687988 203
1.0 5.122425556182861 109
1.0 14.436461448669434 350
1.0 15.555615425109863 338
1.0 5.301751613616943 103
1.0 8.590932846069336 194
1.0 14.917708396911621 349
1.0 2.4921772480010986 48
1.0 0.21817350387573242 4
1.0 6.574221134185791 129
1.0 9.90832233428955 225
1.0 7.78288459777832 161
1.0 2.6238250732421875 50
1.0 2.6325018405914307 51
1.0 3.1478538513183594 60
1.0 0.05542507767677307 1
1.0 9.651658058166504 211
1.0 27.2225284576416 722
1.0 2.2599353790283203 43
1.0 0.43389979004859924 8
1.0 0.055425941944122314 1
1.0 11.241866111755371 229
1.0 1.020371675491333 19
1.0 5.764892101287842 116
1.0 7.263274192810059 146
1.0 6.762022495269775 151
1.0 9.12037181854248 198
1.0 6.55405855178833 125
1.0 4.837640762329102 93
1.0 0.3255438506603241 6
1.0 5.879078388214111 119
1.0 4.490243911743164 87
1.0 1.7938886880874634 34
1.0 4.547542095184326 92
1.0 10.120939254760742 217
1.0 3.2755894660949707 65
1.0 29.647666931152344 756
1.0 16.168119430541992 367
1.0 0.05542517453432083 1
1.0 9.656388282775879 216
1.0 4.701786994934082 95
1.0 12.552125930786133 282
1.0 6.4168877601623535 132
1.0 6.033233165740967 122
1.0 6.569891929626465 131
1.0 6.023826599121094 123
1.0 0.0554252490401268 1
1.0 13.408858299255371 305
1.0 0.8068023920059204 15
1.0 5.84705114364624 122
1.0 5.443290710449219 109
1.0 8.40538501739502 198
1.0 6.367435455322266 130
1.0 3.909797191619873 79
1.0 21.036479949951172 491
1.0 4.676295280456543 92
1.0 23.071624755859375 566
1.0 5.553846836090088 116
1.0 0.05542541295289993 1
1.0 26.632116317749023 617
1.0 0.055424634367227554 1
1.0 0.05542515590786934 1
1.0 0.05542461946606636 1
1.0 2.800734281539917 54
1.0 9.034122467041016 194
1.0 9.897271156311035 215
1.0 4.638628959655762 93
1.0 7.151185035705566 153
1.0 18.7408447265625 433
1.0 2.1968531608581543 42
1.0 14.02331829071045 309
1.0 9.933128356933594 219
1.0 2.4561052322387695 47
1.0 4.719567775726318 96
1.0 0.05542588233947754 1
1.0 7.945255279541016 176
1.0 1.0088633298873901 19
1.0 29.16634178161621 728
1.0 13.178926467895508 303
1.0 1.7167575359344482 33
1.0 16.853649139404297 384
1.0 8.151904106140137 171
1.0 0.05542340502142906 1
1.0 4.689602851867676 96
1.0 0.05542517080903053 1
1.0 12.503449440002441 291
1.0 9.08231258392334 203
1.0 9.612236976623535 203
1.0 15.894890785217285 357
1.0 9.100151062011719 182
1.0 0.05542566254734993 1
1.0 7.656915187835693 156
1.0 3.8326447010040283 75
1.0 1.079385757446289 20
1.0 6.3841400146484375 127
1.0 11.712977409362793 253
1.0 17.490232467651367 429
1.0 13.627091407775879 303
1.0 15.352777481079102 357
1.0 4.111237049102783 81
1.0 0.9682378768920898 18
1.0 3.503755807876587 70
1.0 5.15565299987793 103
1.0 5.499186038970947 112
1.0 9.03474235534668 183
1.0 6.377133846282959 130
1.0 13.233378410339355 289
1.0 7.059925556182861 143
1.0 3.6006908416748047 70
1.0 12.696493148803711 268
1.0 17.029916763305664 395
1.0 0.7507205009460449 14
1.0 10.258970260620117 217
1.0 9.191803932189941 190
1.0 12.447127342224121 276
1.0 4.292104721069336 83
1.0 24.054853439331055 616
1.0 7.154877185821533 145
1.0 2.5216898918151855 49
1.0 19.129657745361328 484
1.0 20.975122451782227 520
1.0 17.225072860717773 413
1.0 0.05542641505599022 1
1.0 11.876205444335938 271
1.0 2.135599136352539 41
1.0 6.837175369262695 145
1.0 5.920900821685791 119
1.0 2.58296799659729 50
1.0 0.055425066500902176 1
1.0 17.81057357788086 389
1.0 8.533021926879883 188
1.0 16.4130916595459 412
1.0 0.32639604806900024 6
1.0 6.98790979385376 144
1.0 0.055425334721803665 1
1.0 16.04983901977539 370
1.0 2.7208123207092285 53
1.0 8.903216361999512 187
1.0 4.35008430480957 85
1.0 0.0554254949092865 1
1.0 1.481289267539978 28
1.0 6.22010612487793 123
1.0 3.8000612258911133 79
1.0 0.9642807245254517 18
1.0 3.7838337421417236 74
1.0 0.055425334721803665 1
1.0 24.65215492248535 675
1.0 1.1130298376083374 21
1.0 16.96479606628418 395
1.0 6.059357643127441 122
1.0 5.748713970184326 121
1.0 5.20103645324707 103
1.0 2.1870126724243164 42
1.0 17.18511962890625 403
1.0 4.900685787200928 100
1.0 0.055425360798835754 1
1.0 6.258802890777588 126
1.0 7.820096492767334 158
1.0 14.248394012451172 334
1.0 3.619929552078247 73
1.0 8.544673919677734 175
1.0 10.82452392578125 226
1.0 1.120298981666565 21
1.0 3.5044524669647217 68
1.0 0.05542481690645218 1
1.0 3.326188802719116 64
1.0 16.952922821044922 402
1.0 4.4383158683776855 91
1.0 10.130294799804688 218
1.0 4.200998306274414 83
1.0 3.643657922744751 70
1.0 6.266589164733887 134
1.0 11.466887474060059 251
1.0 16.22699737548828 361
1.0 16.589401245117188 375
1.0 7.406917095184326 156
1.0 0.055425263941287994 1
1.0 5.857261657714844 120
1.0 18.44405746459961 438
1.0 3.097046375274658 61
1.0 3.9537765979766846 76
1.0 7.801289081573486 161
1.0 2.4071269035339355 47
1.0 1.935687780380249 37
1.0 6.639840602874756 134
1.0 5.580981731414795 114
1.0 0.3824827969074249 7
1.0 10.37120246887207 240
1.0 18.26214599609375 408
1.0 0.05542550981044769 1
1.0 8.725574493408203 183
1.0 0.5402050614356995 10
1.0 10.989360809326172 241
1.0 11.774230003356934 259
1.0 0.11010836064815521 2
1.0 12.532758712768555 272
1.0 27.801668167114258 736
1.0 10.648938179016113 226
1.0 8.736162185668945 180
1.0 14.918625831604004 358
1.0 10.77863883972168 251
1.0 17.438974380493164 408
1.0 5.558141231536865 109
1.0 1.9953337907791138 38
1.0 5.999919414520264 121
1.0 12.07352352142334 258
1.0 0.32731515169143677 6
1.0 6.552979946136475 139
1.0 0.05542553588747978 1
1.0 4.374863147735596 88
1.0 3.6700851917266846 71
1.0 13.628528594970703 305
1.0 6.556221008300781 132
1.0 6.220459461212158 129
1.0 4.629997253417969 91
1.0 1.6183744668960571 31
1.0 20.389442443847656 528
1.0 6.769565105438232 151
1.0 23.639089584350586 658
1.0 6.23622465133667 128
1.0 13.282042503356934 305
1.0 9.541717529296875 202
1.0 23.023550033569336 533
1.0 8.82089900970459 185
1.0 0.11025256663560867 2
1.0 10.729020118713379 229
1.0 2.1945340633392334 42
1.0 12.539546012878418 269
1.0 7.945512294769287 164
1.0 11.450370788574219 251
1.0 4.236582279205322 83
1.0 4.112383842468262 82
1.0 0.055425435304641724 1
1.0 0.0554254911839962 1
1.0 3.0852088928222656 59
1.0 11.04335880279541 253
1.0 12.494563102722168 288
1.0 4.0048828125 78
1.0 1.3817049264907837 26
1.0 11.122273445129395 241
1.0 7.685139179229736 160
1.0 5.691465854644775 115
1.0 6.182459354400635 126
1.0 2.753556489944458 53
1.0 0.05542493611574173 1
1.0 3.68880033493042 71
1.0 5.972262382507324 122
1.0 3.8860156536102295 75
1.0 13.179235458374023 290
1.0 13.098478317260742 290
1.0 20.785991668701172 520
1.0 8.293861389160156 172
1.0 10.896921157836914 234
1.0 6.483022212982178 136
1.0 1.4211832284927368 27
1.0 6.57115364074707 133
1.0 0.05542515218257904 1
1.0 0.05542581155896187 1
1.0 9.902931213378906 207
1.0 0.05542589724063873 1
1.0 9.798063278198242 202
1.0 6.147799968719482 127
1.0 0.05542510747909546 1
1.0 16.921300888061523 402
1.0 10.877278327941895 233
1.0 13.005228042602539 290
1.0 15.303374290466309 341
1.0 8.316265106201172 169
1.0 0.05542521923780441 1
1.0 2.2980005741119385 45
1.0 8.776626586914062 181
1.0 0.8090341687202454 15
1.0 7.849555969238281 161
1.0 0.05542564392089844 1
1.0 2.6406266689300537 52
1.0 9.996164321899414 216
1.0 6.7461771965026855 137
1.0 13.925907135009766 329
1.0 5.770328998565674 113
1.0 3.5738112926483154 69
1.0 16.2683162689209 361
1.0 5.702764511108398 116
1.0 13.550777435302734 310
1.0 0.05542583018541336 1
1.0 5.921761512756348 119
1.0 11.337156295776367 275
1.0 8.156438827514648 173
1.0 7.005279541015625 143
1.0 7.114595890045166 143
1.0 4.695972919464111 93
1.0 15.909777641296387 362
1.0 5.651602268218994 114
1.0 0.11016273498535156 2
1.0 2.752711534500122 54
1.0 9.17519474029541 199
1.0 6.704253673553467 136
1.0 13.774543762207031 310
1.0 6.53180456161499 134
1.0 10.843168258666992 247
1.0 4.5496368408203125 92
1.0 7.65731143951416 172
1.0 3.6326284408569336 70
1.0 10.560988426208496 229
1.0 3.0692741870880127 60
1.0 0.055425357073545456 1
1.0 4.3536577224731445 89
1.0 8.691574096679688 178
1.0 8.850035667419434 186
1.0 14.361576080322266 307
1.0 7.9193854331970215 169
1.0 34.1399040222168 1047
1.0 19.31087303161621 469
1.0 4.704066276550293 93
1.0 3.356318950653076 66
1.0 7.973874568939209 167
1.0 34.886192321777344 926
1.0 5.884902477264404 121
1.0 10.241847038269043 217
1.0 16.856767654418945 374
1.0 9.172863006591797 191
1.0 5.23253059387207 109
1.0 0.05542555823922157 1
1.0 10.606600761413574 228
1.0 5.139103889465332 103
1.0 3.61773681640625 71
1.0 11.103660583496094 242
1.0 11.651660919189453 265
1.0 0.055425141006708145 1
1.0 15.041227340698242 373
1.0 16.98128318786621 385
1.0 13.429533004760742 294
1.0 8.135366439819336 167
1.0 9.13530445098877 194
1.0 6.117719650268555 127
1.0 9.951653480529785 212
1.0 1.169533371925354 22
1.0 2.3439154624938965 45
1.0 0.055425193160772324 1
1.0 11.092267036437988 256
1.0 1.795021653175354 34
1.0 0.055425699800252914 1
1.0 3.8704540729522705 78
1.0 9.662535667419434 202
1.0 4.134757041931152 83
1.0 0.05542313680052757 1
1.0 0.05542561784386635 1
1.0 0.05542530491948128 1
1.0 2.1993801593780518 42
1.0 8.877716064453125 184
1.0 13.485649108886719 301
1.0 13.640965461730957 311
1.0 5.761909008026123 115
1.0 3.7969164848327637 76
1.0 2.0378174781799316 39
1.0 8.214574813842773 179
1.0 10.612836837768555 226
1.0 7.069098472595215 148
1.0 4.570448398590088 90
1.0 1.3212276697158813 25
1.0 1.0123120546340942 19
1.0 10.699234008789062 218
1.0 7.304556846618652 153
1.0 22.122133255004883 548
1.0 5.577038288116455 112
1.0 2.3515076637268066 45
1.0 7.0859785079956055 150
1.0 4.776648044586182 94
1.0 6.38773775100708 130
1.0 13.26207160949707 297
1.0 7.2176666259765625 158
1.0 3.7993004322052 74
1.0 0.055425118654966354 1
1.0 9.98112678527832 220
1.0 10.117318153381348 220
1.0 5.057207107543945 98
1.0 9.975584030151367 205
1.0 9.598276138305664 216
1.0 3.9361703395843506 77
1.0 0.0554252564907074 1
1.0 9.54151725769043 203
1.0 2.315089464187622 45
1.0 0.05542488768696785 1
1.0 4.460251331329346 89
1.0 0.055425792932510376 1
1.0 10.276795387268066 209
1.0 0.05542503669857979 1
1.0 0.05542490631341934 1
1.0 11.362563133239746 277
1.0 0.05542542785406113 1
1.0 0.055425453931093216 1
1.0 2.2552378177642822 43
1.0 0.05542490631341934 1
1.0 2.864443302154541 55
1.0 3.2095797061920166 64
1.0 0.05542507395148277 1
1.0 0.0554254911839962 1
1.0 6.996192455291748 143
1.0 21.17582130432129 496
1.0 5.181432247161865 102
1.0 6.957971572875977 143
1.0 17.28628921508789 401
1.0 0.05542571842670441 1
1.0 6.661106109619141 133
1.0 6.267402648925781 124
1.0 5.5731520652771 113
1.0 3.041499137878418 60
1.0 7.652422904968262 154
1.0 11.016767501831055 235
1.0 4.57965087890625 92
1.0 0.05542469397187233 1
1.0 3.198315143585205 62
1.0 8.168344497680664 181
1.0 6.54617166519165 130
1.0 2.354553461074829 45
1.0 5.233170986175537 103
1.0 13.804888725280762 323
1.0 3.083176851272583 60
1.0 6.391084671020508 125
1.0 12.285985946655273 269
1.0 4.266633987426758 84
1.0 4.0958662033081055 81
1.0 1.493796706199646 28
1.0 0.8051077127456665 15
1.0 6.970958232879639 137
1.0 2.784083127975464 54
1.0 0.8554124236106873 16
1.0 4.426726818084717 87
1.0 21.23369026184082 530
1.0 10.73918342590332 234
1.0 19.066694259643555 487
1.0 17.40860366821289 393
1.0 0.055425696074962616 1
1.0 22.85968589782715 597
1.0 0.05542541667819023 1
1.0 5.182747840881348 109
1.0 8.42326831817627 175
1.0 7.437530517578125 155
1.0 1.2373955249786377 23
1.0 18.5079345703125 452
1.0 8.02934741973877 165
1.0 0.055425629019737244 1
1.0 0.055425915867090225 1
1.0 3.383491039276123 66
1.0 15.841561317443848 352
1.0 13.66823959350586 309
1.0 0.542127788066864 10
1.0 0.055425550788640976 1
1.0 8.802007675170898 185
1.0 3.7360687255859375 72
1.0 18.788162231445312 433
1.0 3.160926580429077 62
1.0 4.566255569458008 89
1.0 1.95647132396698 38
1.0 12.610577583312988 303
1.0 16.178176879882812 375
1.0 0.0554257333278656 1
1.0 8.52624797821045 181
1.0 0.055425431579351425 1
1.0 7.606235504150391 154
1.0 11.718670845031738 254
1.0 6.050361633300781 123
1.0 0.0554252490401268 1
1.0 9.35326099395752 208
1.0 18.69068717956543 430
1.0 5.818160533905029 118
1.0 18.352386474609375 448
1.0 3.155809164047241 62
1.0 2.2316110134124756 43
1.0 4.0137939453125 81
1.0 14.851239204406738 321
1.0 10.47513484954834 236
1.0 9.875889778137207 204
1.0 2.974228620529175 57
1.0 4.650618553161621 93
1.0 0.05542531609535217 1
1.0 5.829229354858398 121
1.0 2.271080493927002 44
1.0 0.4308972656726837 8
1.0 5.970932960510254 120
1.0 2.7455081939697266 54
1.0 7.342460632324219 149
1.0 1.3367868661880493 25
1.0 0.05542461946606636 1
1.0 8.69717788696289 188
1.0 11.329744338989258 242
1.0 1.3292444944381714 25
1.0 13.018545150756836 295
1.0 10.229191780090332 222
1.0 10.682854652404785 226
1.0 5.144745349884033 105
1.0 6.290209770202637 128
1.0 5.793612003326416 119
1.0 9.352828025817871 205
1.0 6.045935153961182 120
1.0 4.395256996154785 89
1.0 13.155065536499023 285
1.0 0.055423568934202194 1
1.0 19.828109741210938 419
1.0 3.479156494140625 67
1.0 0.05542581155896187 1
1.0 0.8554098010063171 16
1.0 7.2614827156066895 149
1.0 0.05542600527405739 1
1.0 4.605264186859131 95
1.0 6.201172828674316 125
1.0 0.27117130160331726 5
1.0 10.902483940124512 243
1.0 11.233748435974121 247
1.0 8.075393676757812 165
1.0 8.76274299621582 192
1.0 2.1344175338745117 41
1.0 6.127413749694824 129
1.0 11.553722381591797 240
1.0 0.8037393093109131 15
1.0 14.962600708007812 340
1.0 7.536794662475586 147
1.0 0.05542554333806038 1
1.0 0.9694230556488037 18
1.0 5.414291858673096 108
1.0 8.83986759185791 188
1.0 7.18096923828125 144
1.0 20.791322708129883 467
1.0 4.849092483520508 96
1.0 2.785271167755127 53
1.0 2.675886631011963 51
1.0 6.173384666442871 124
1.0 5.397815227508545 109
1.0 6.282922267913818 129
1.0 8.464217185974121 179
1.0 13.975343704223633 319
1.0 8.686039924621582 180
1.0 7.7220964431762695 154
1.0 7.58090353012085 150
1.0 17.30059051513672 457
1.0 7.2914719581604 148
1.0 6.315260887145996 126
1.0 8.315711975097656 176
1.0 1.5332694053649902 29
1.0 10.945855140686035 237
1.0 6.3930559158325195 131
1.0 2.209423303604126 42
1.0 2.0792124271392822 40
1.0 0.1100907027721405 2
1.0 6.4139509201049805 134
1.0 3.090655565261841 59
1.0 15.65119743347168 373
1.0 31.283594131469727 780
1.0 3.73555850982666 73
1.0 18.917917251586914 466
1.0 7.756481170654297 165
1.0 9.137463569641113 189
1.0 5.970408916473389 120
1.0 7.889748573303223 161
1.0 6.735899925231934 142
1.0 4.090944766998291 80
1.0 3.592242479324341 71
1.0 1.118753433227539 21
1.0 12.825130462646484 272
1.0 4.089959144592285 81
1.0 0.05542542785406113 1
1.0 11.288291931152344 239
1.0 21.334056854248047 516
1.0 9.8897705078125 211
1.0 2.2912349700927734 43
1.0 14.201530456542969 322
1.0 2.03851056098938 39
1.0 5.449038028717041 111
1.0 5.437857151031494 111
1.0 2.8288888931274414 55
1.0 11.561758995056152 247
1.0 25.832019805908203 636
1.0 14.809083938598633 348
1.0 0.05542496219277382 1
1.0 3.785503387451172 73
1.0 17.243745803833008 401
1.0 4.091275215148926 81
1.0 2.1118099689483643 40
1.0 34.13936233520508 989
1.0 5.183091640472412 106
1.0 8.96511459350586 190
1.0 9.941088676452637 213
1.0 13.049751281738281 281
1.0 8.705025672912598 185
1.0 2.5348291397094727 49
1.0 5.325839042663574 107
1.0 4.46528434753418 89
1.0 20.60092544555664 495
1.0 4.722060680389404 93
1.0 0.05542435869574547 1
1.0 16.807758331298828 358
1.0 2.9680662155151367 57
1.0 8.775338172912598 180
1.0 5.185626029968262 104
1.0 5.428979873657227 111
1.0 1.186848521232605 22
1.0 1.018593430519104 19
1.0 5.4561052322387695 111
1.0 9.181783676147461 199
1.0 16.02674674987793 389
1.0 0.8094635009765625 15
1.0 21.333995819091797 480
1.0 9.90843677520752 201
1.0 12.960281372070312 291
1.0 2.284167766571045 44
1.0 0.05542570352554321 1
1.0 11.565831184387207 238
1.0 0.05542583018541336 1
1.0 4.865936279296875 98
1.0 6.816412448883057 148
1.0 8.155183792114258 162
1.0 4.54171895980835 89
1.0 5.153919696807861 104
1.0 10.218765258789062 248
1.0 7.118401527404785 150
1.0 3.525806427001953 70
1.0 15.308111190795898 346
1.0 0.5382587313652039 10
1.0 13.005803108215332 287
1.0 0.05542507767677307 1
1.0 9.222182273864746 196
1.0 7.943943500518799 159
1.0 22.77790069580078 569
1.0 1.5551809072494507 30
1.0 15.170339584350586 322
1.0 10.698698043823242 230
1.0 4.808908462524414 95
1.0 3.9081661701202393 76
1.0 30.670984268188477 825
1.0 5.788460731506348 118
1.0 3.8918497562408447 76
1.0 0.9576642513275146 18
1.0 0.05542357638478279 1
1.0 9.973268508911133 206
1.0 5.249806880950928 110
1.0 11.688323974609375 239
1.0 2.579134464263916 49
1.0 7.5897135734558105 168
1.0 13.655914306640625 302
1.0 2.0610849857330322 40
1.0 0.05542631447315216 1
1.0 40.58394241333008 1385
1.0 13.917855262756348 306
1.0 2.386914014816284 46
1.0 7.203253269195557 150
1.0 2.3216538429260254 45
1.0 16.23044204711914 366
1.0 26.23741340637207 683
1.0 8.353599548339844 169
1.0 6.034238815307617 120
1.0 3.8478803634643555 76
1.0 15.41104507446289 351
1.0 2.5535826683044434 50
1.0 15.723248481750488 340
1.0 9.80243968963623 212
1.0 0.05542580410838127 1
1.0 17.175018310546875 378
1.0 0.055425193160772324 1
1.0 9.920644760131836 213
1.0 3.3397092819213867 64
1.0 4.629248142242432 92
1.0 4.5077948570251465 93
1.0 9.332541465759277 210
1.0 0.05542528256773949 1
1.0 0.0554262138903141 1
1.0 11.051619529724121 251
1.0 13.780177116394043 308
1.0 6.8387579917907715 141
1.0 3.331062078475952 65
1.0 12.180574417114258 258
1.0 6.590299129486084 139
1.0 5.2300124168396 105
1.0 1.119811773300171 21
1.0 5.1585211753845215 105
1.0 4.801553726196289 94
1.0 9.47080135345459 208
1.0 9.835836410522461 207
1.0 6.926126003265381 142
1.0 4.9980149269104 100
1.0 5.6377973556518555 114
1.0 12.08741283416748 266
1.0 2.584747076034546 50
1.0 6.742703437805176 140
1.0 8.666498184204102 179
1.0 8.014824867248535 171
1.0 2.9603397846221924 58
1.0 5.956008434295654 120
1.0 0.055425651371479034 1
1.0 3.3158113956451416 64
1.0 0.055425845086574554 1
1.0 2.490044116973877 48
1.0 0.05542491376399994 1
1.0 14.650843620300293 327
1.0 14.553709983825684 328
1.0 18.313236236572266 468
1.0 10.849160194396973 242
1.0 3.76369571685791 73
1.0 11.089669227600098 242
1.0 0.0554259791970253 1
1.0 15.258523941040039 337
1.0 0.05542553588747978 1
1.0 3.894376516342163 77
1.0 0.05542529374361038 1
1.0 7.668870449066162 155
1.0 3.561286211013794 69
1.0 14.439142227172852 332
1.0 21.118976593017578 476
