1.0 2.425403118133545 46
1.0 2.9370648860931396 56
1.0 4.689205169677734 95
1.0 7.1378374099731445 143
1.0 0.7536650896072388 14
1.0 0.273465633392334 5
1.0 2.6466305255889893 50
1.0 2.1072280406951904 40
1.0 3.1928911209106445 63
1.0 1.442962408065796 27
1.0 2.3026208877563477 43
1.0 20.305269241333008 474
1.0 2.0151844024658203 38
1.0 19.49342918395996 427
1.0 10.273322105407715 225
1.0 3.312720537185669 63
1.0 5.9182939529418945 118
1.0 3.989227771759033 77
1.0 2.1612935066223145 41
1.0 3.2785003185272217 64
1.0 3.627373456954956 70
1.0 5.297307014465332 102
1.0 0.05542556568980217 1
1.0 18.846521377563477 440
1.0 0.05542606860399246 1
1.0 3.756016969680786 72
1.0 0.055425141006708145 1
1.0 8.570276260375977 180
1.0 3.32504940032959 68
1.0 5.9140543937683105 124
1.0 1.6886223554611206 32
1.0 2.9694316387176514 57
1.0 1.3747503757476807 26
1.0 2.023651361465454 38
1.0 10.898300170898438 232
1.0 0.05542547628283501 1
1.0 0.05542481690645218 1
1.0 4.3874897956848145 84
1.0 15.18398666381836 355
1.0 6.631476402282715 151
1.0 7.1345534324646 140
1.0 2.5486719608306885 49
1.0 4.595489025115967 90
1.0 3.735302209854126 72
1.0 7.3924360275268555 147
1.0 7.918920516967773 169
1.0 1.4473849534988403 27
1.0 0.9679823517799377 18
1.0 5.2462873458862305 107
1.0 1.8872517347335815 36
1.0 5.477417945861816 107
1.0 2.7473461627960205 52
1.0 0.9148798584938049 17
1.0 1.4871106147766113 28
1.0 6.8150458335876465 135
1.0 5.499329566955566 110
1.0 3.1591386795043945 60
1.0 0.0554242767393589 1
1.0 0.05542546138167381 1
1.0 2.790473222732544 53
1.0 13.679205894470215 308
1.0 1.6720073223114014 32
1.0 5.174994468688965 103
1.0 2.967299699783325 57
1.0 4.858546733856201 96
1.0 2.9210450649261475 56
1.0 4.35474157333374 88
1.0 12.858224868774414 290
1.0 6.6230082511901855 136
1.0 3.1888113021850586 62
1.0 0.05542504042387009 1
1.0 1.8172550201416016 34
1.0 4.378471374511719 85
1.0 8.207188606262207 172
1.0 0.6482776999473572 12
1.0 10.84634780883789 227
1.0 3.861964225769043 76
1.0 1.8605118989944458 35
1.0 0.8632252812385559 16
1.0 19.304039001464844 451
1.0 8.602882385253906 183
1.0 0.43891265988349915 8
1.0 20.957246780395508 519
1.0 11.763479232788086 251
1.0 5.999688148498535 118
1.0 0.055424708873033524 1
1.0 2.1200029850006104 40
1.0 3.203011989593506 62
1.0 10.465879440307617 221
1.0 11.815653800964355 261
1.0 4.372680187225342 85
1.0 3.2032761573791504 62
1.0 5.894981861114502 118
1.0 13.043148040771484 291
1.0 0.055425602942705154 1
1.0 2.4663169384002686 48
1.0 5.022353649139404 100
1.0 3.905289888381958 75
1.0 8.624446868896484 171
1.0 11.246772766113281 246
1.0 0.055424921214580536 1
1.0 2.0088701248168945 38
1.0 3.245123863220215 62
1.0 8.543304443359375 182
1.0 16.78696060180664 394
1.0 16.07707405090332 357
1.0 3.4619874954223633 66
1.0 5.314853191375732 109
1.0 4.27940034866333 86
1.0 8.979884147644043 185
1.0 2.9908225536346436 57
1.0 9.046299934387207 184
1.0 2.190025806427002 41
1.0 1.5056095123291016 28
1.0 9.837004661560059 211
1.0 4.726024150848389 92
1.0 13.35931396484375 285
1.0 2.7260212898254395 52
1.0 0.05542400851845741 1
1.0 0.05542564392089844 1
1.0 6.665139675140381 132
1.0 2.927349090576172 56
1.0 5.414366245269775 113
1.0 11.90184497833252 244
1.0 4.610570907592773 90
1.0 0.055425241589546204 1
1.0 4.086371898651123 81
1.0 4.123676300048828 81
1.0 0.0554257407784462 1
1.0 3.254852533340454 62
1.0 4.887282371520996 97
1.0 9.474120140075684 199
1.0 3.2005550861358643 61
1.0 12.45898723602295 266
1.0 0.055424764752388 1
1.0 3.1804709434509277 61
1.0 3.5936267375946045 71
1.0 12.781341552734375 279
1.0 11.811341285705566 260
1.0 0.055425725877285004 1
1.0 0.05542481690645218 1
1.0 8.777518272399902 177
1.0 0.055423982441425323 1
1.0 4.542455196380615 95
1.0 2.8117103576660156 54
1.0 1.239030122756958 23
1.0 5.452391624450684 106
1.0 0.05542534962296486 1
1.0 3.0154266357421875 57
1.0 4.902363300323486 97
1.0 7.10692024230957 143
1.0 3.160824775695801 60
1.0 3.604020357131958 71
1.0 8.168440818786621 165
1.0 10.875447273254395 247
1.0 4.084654331207275 83
1.0 5.600599765777588 109
1.0 9.866475105285645 211
1.0 0.05542556568980217 1
1.0 4.826468467712402 97
1.0 5.075486183166504 97
1.0 8.838656425476074 191
1.0 0.05542517825961113 1
1.0 0.055424999445676804 1
1.0 0.383017361164093 7
1.0 0.0554252564907074 1
1.0 5.664475917816162 117
1.0 0.9082419276237488 17
1.0 3.8970706462860107 75
1.0 0.055425722151994705 1
1.0 6.924156188964844 139
1.0 4.043176651000977 80
1.0 0.7628190517425537 14
1.0 1.816035509109497 34
1.0 7.266308784484863 158
1.0 18.769756317138672 441
1.0 3.346405506134033 66
1.0 2.383415460586548 45
1.0 0.055425431579351425 1
1.0 7.910689353942871 162
1.0 6.881850242614746 140
1.0 17.137107849121094 401
1.0 12.405078887939453 264
1.0 0.8102800250053406 15
1.0 4.034617900848389 79
1.0 9.522088050842285 209
1.0 0.7054228782653809 13
1.0 1.7063915729522705 32
1.0 5.075481414794922 98
1.0 0.055425308644771576 1
1.0 0.328218936920166 6
1.0 1.6165279150009155 31
1.0 2.657075881958008 50
1.0 5.371214866638184 109
1.0 7.924665927886963 166
1.0 0.05542563274502754 1
1.0 4.382616996765137 86
1.0 8.181626319885254 177
1.0 12.112077713012695 257
1.0 0.05542559176683426 1
1.0 4.181217670440674 81
1.0 1.6008589267730713 30
1.0 14.548398971557617 321
1.0 5.174644470214844 101
1.0 9.130123138427734 198
1.0 2.413968086242676 46
1.0 5.287124156951904 105
1.0 9.819607734680176 208
1.0 20.808530807495117 474
1.0 8.039432525634766 180
1.0 0.9202529191970825 17
1.0 6.020303249359131 119
1.0 8.429617881774902 184
1.0 0.05542505532503128 1
1.0 2.6852264404296875 51
1.0 4.472499370574951 85
1.0 18.499000549316406 404
1.0 5.033195972442627 106
1.0 0.05542299523949623 1
1.0 4.764254093170166 97
1.0 4.1435065269470215 81
1.0 0.055425260215997696 1
1.0 7.948324680328369 164
1.0 3.396542549133301 66
1.0 0.055425770580768585 1
1.0 1.028571367263794 19
1.0 0.055425312370061874 1
1.0 3.518981695175171 69
1.0 4.7140913009643555 93
1.0 2.0276236534118652 38
1.0 8.861185073852539 191
1.0 9.63021469116211 201
1.0 0.05542527511715889 1
1.0 2.3800158500671387 45
1.0 5.4817914962768555 109
1.0 20.669639587402344 536
1.0 7.1090288162231445 146
1.0 0.05542461946606636 1
1.0 2.851100444793701 54
1.0 8.630128860473633 172
1.0 16.05691146850586 368
1.0 7.364832878112793 154
1.0 0.055425215512514114 1
1.0 3.9390223026275635 77
1.0 11.797348022460938 252
1.0 5.285522937774658 104
1.0 11.298633575439453 251
1.0 0.05542592331767082 1
1.0 8.35007381439209 183
1.0 5.436313152313232 109
1.0 6.2190752029418945 128
1.0 0.6476625204086304 12
1.0 14.479255676269531 323
1.0 4.833041667938232 99
1.0 0.913703441619873 17
1.0 1.3406693935394287 25
1.0 1.0238442420959473 19
1.0 11.345782279968262 235
1.0 0.05542465299367905 1
1.0 3.5464043617248535 68
1.0 5.982050895690918 121
1.0 3.0702123641967773 61
1.0 3.2350573539733887 62
1.0 2.8714234828948975 55
1.0 5.552711486816406 110
1.0 7.138452529907227 144
1.0 0.055425580590963364 1
1.0 6.663561820983887 134
1.0 4.267387866973877 83
1.0 1.9590905904769897 37
1.0 2.255509614944458 43
1.0 2.117014169692993 40
1.0 6.7499680519104 147
1.0 1.963972806930542 37
1.0 4.441381454467773 87
1.0 0.055426061153411865 1
1.0 2.91330885887146 55
1.0 0.05542571842670441 1
1.0 3.12423038482666 60
1.0 1.918973684310913 36
1.0 3.1287426948547363 59
1.0 2.181262493133545 41
1.0 4.586350440979004 89
1.0 7.2736663818359375 153
1.0 0.5417788624763489 10
1.0 9.628179550170898 214
1.0 4.666617393493652 90
1.0 0.0554250031709671 1
1.0 6.613038063049316 130
1.0 5.10353946685791 100
1.0 8.990208625793457 189
1.0 4.626248836517334 89
1.0 0.32740190625190735 6
1.0 3.1413052082061768 61
1.0 5.383844375610352 106
1.0 1.4372477531433105 27
1.0 13.804004669189453 301
1.0 18.041011810302734 403
1.0 4.165746688842773 80
1.0 5.5339837074279785 115
1.0 8.660075187683105 183
1.0 2.534909248352051 48
1.0 1.004916787147522 19
1.0 5.006374835968018 100
1.0 9.67004108428955 205
1.0 6.630423545837402 133
1.0 0.4891393780708313 9
1.0 2.8116888999938965 55
1.0 2.335623264312744 44
1.0 0.055424731224775314 1
1.0 3.7480366230010986 73
1.0 11.788811683654785 260
1.0 4.2066826820373535 81
1.0 0.76024329662323 14
1.0 1.390612006187439 26
1.0 8.470051765441895 168
1.0 0.05542529374361038 1
1.0 5.648065567016602 116
1.0 8.078036308288574 168
1.0 5.004213809967041 101
1.0 3.0174474716186523 59
1.0 6.554540157318115 131
1.0 5.862799644470215 114
1.0 1.4571595191955566 27
1.0 2.457850694656372 47
1.0 0.21985597908496857 4
1.0 4.237893581390381 88
1.0 6.528229236602783 140
1.0 6.213688850402832 122
1.0 2.673745632171631 52
1.0 14.079855918884277 326
1.0 14.386805534362793 310
1.0 0.055424951016902924 1
1.0 5.227259635925293 104
1.0 5.617667198181152 111
1.0 8.074278831481934 166
1.0 7.044989109039307 147
1.0 3.870547294616699 75
1.0 3.929399013519287 75
1.0 2.894745111465454 55
1.0 1.7830477952957153 34
1.0 4.9884161949157715 98
1.0 4.277909755706787 83
1.0 4.216241359710693 84
1.0 4.80460262298584 94
1.0 2.344470977783203 44
1.0 6.085083484649658 125
1.0 1.8053863048553467 35
1.0 12.918046951293945 273
1.0 6.7461724281311035 139
1.0 14.057562828063965 319
1.0 3.6161394119262695 73
1.0 0.05542498454451561 1
1.0 19.32084083557129 415
1.0 0.05542481690645218 1
1.0 0.05542551353573799 1
1.0 0.05542481690645218 1
1.0 1.750156283378601 33
1.0 7.5531487464904785 156
1.0 5.550053119659424 115
1.0 1.9017316102981567 36
1.0 4.2711567878723145 87
1.0 7.053515434265137 145
1.0 2.4935495853424072 47
1.0 6.4739298820495605 135
1.0 5.756059169769287 112
1.0 0.05542534962296486 1
1.0 3.1742095947265625 62
1.0 0.05542584881186485 1
1.0 7.3812785148620605 151
1.0 1.7730315923690796 34
1.0 19.347055435180664 454
1.0 12.541155815124512 283
1.0 1.018513798713684 19
1.0 15.342618942260742 346
1.0 5.2717366218566895 107
1.0 4.18026876449585 84
1.0 3.0689926147460938 59
1.0 0.05542541295289993 1
1.0 6.464285373687744 132
1.0 4.127455234527588 82
1.0 3.6672284603118896 73
1.0 10.443552017211914 219
1.0 3.7145864963531494 72
1.0 0.05542517825961113 1
1.0 6.789471626281738 133
1.0 4.372547626495361 85
1.0 0.05542550981044769 1
1.0 2.7463364601135254 52
1.0 7.187225818634033 143
1.0 8.314018249511719 178
1.0 15.201178550720215 308
1.0 5.847666263580322 115
1.0 2.067852735519409 39
1.0 1.5933970212936401 30
1.0 0.9149706959724426 17
1.0 4.940465927124023 99
1.0 5.0384202003479 102
1.0 4.115989685058594 80
1.0 2.8123154640197754 54
1.0 8.289674758911133 172
1.0 3.9249305725097656 77
1.0 5.164666175842285 102
1.0 9.831103324890137 213
1.0 6.708632946014404 138
1.0 0.05542554706335068 1
1.0 6.617977142333984 135
1.0 2.854604959487915 54
1.0 9.217840194702148 183
1.0 4.613981246948242 91
1.0 16.958993911743164 375
1.0 5.408257961273193 110
1.0 6.118772983551025 123
1.0 7.949091911315918 171
1.0 9.794588088989258 214
1.0 12.498676300048828 271
1.0 4.419585704803467 86
1.0 5.572369575500488 111
1.0 2.4886772632598877 48
1.0 4.753233432769775 96
1.0 4.61461877822876 93
1.0 0.05542546510696411 1
1.0 0.05542534217238426 1
1.0 11.874771118164062 254
1.0 1.2260626554489136 23
1.0 9.605753898620605 213
1.0 0.055425360798835754 1
1.0 3.642348289489746 71
1.0 1.3385151624679565 25
1.0 7.58360481262207 150
1.0 0.05542522668838501 1
1.0 5.666232109069824 113
1.0 2.7678494453430176 53
1.0 0.05542616546154022 1
1.0 3.1694767475128174 61
1.0 7.026469707489014 148
1.0 0.16494739055633545 3
1.0 0.2194002866744995 4
1.0 3.6734979152679443 72
1.0 0.0554257333278656 1
1.0 13.938173294067383 309
1.0 2.600161075592041 51
1.0 12.861351013183594 291
1.0 4.950117111206055 97
1.0 6.562027931213379 141
1.0 3.357550859451294 65
1.0 0.970354437828064 18
1.0 7.118587493896484 141
1.0 0.5922869443893433 11
1.0 0.5457227826118469 10
1.0 3.29424786567688 63
1.0 6.490245342254639 136
1.0 7.740694999694824 161
1.0 0.11025428026914597 2
1.0 6.3238444328308105 135
1.0 5.678691387176514 113
1.0 0.9079020619392395 17
1.0 2.2220139503479004 42
1.0 0.055425215512514114 1
1.0 0.055425964295864105 1
1.0 15.481120109558105 339
1.0 2.841815710067749 55
1.0 6.32156229019165 129
1.0 0.05542530119419098 1
1.0 1.3272868394851685 25
1.0 2.551703929901123 49
1.0 3.796757459640503 72
1.0 9.901753425598145 201
1.0 7.23805570602417 144
1.0 4.879679203033447 100
1.0 0.8497108221054077 16
1.0 6.67242956161499 138
1.0 7.439699649810791 154
1.0 1.2443403005599976 23
1.0 3.2766835689544678 62
1.0 7.815868377685547 162
1.0 0.8625110387802124 16
1.0 1.2042545080184937 23
1.0 5.00034236907959 98
1.0 2.166548252105713 41
1.0 1.438361406326294 27
1.0 3.5895652770996094 70
1.0 13.084371566772461 283
1.0 0.05542536824941635 1
1.0 6.9621663093566895 152
1.0 0.0554252490401268 1
1.0 7.31480598449707 152
1.0 7.179469108581543 149
1.0 3.415292739868164 67
1.0 0.59676194190979 11
1.0 17.47146987915039 413
1.0 4.079150676727295 78
1.0 7.997514247894287 162
1.0 18.979778289794922 454
1.0 6.125252723693848 132
1.0 12.597187995910645 270
1.0 5.994576930999756 120
1.0 0.05542507767677307 1
1.0 3.961923360824585 76
1.0 6.601930141448975 130
1.0 1.4992632865905762 28
1.0 2.531991481781006 50
1.0 0.055425893515348434 1
1.0 2.577625274658203 49
1.0 3.5005314350128174 69
1.0 6.069033622741699 122
1.0 6.3073248863220215 130
1.0 8.936511039733887 200
1.0 8.578566551208496 172
1.0 1.4963417053222656 28
1.0 20.762527465820312 485
1.0 2.087524175643921 40
1.0 12.466586112976074 277
1.0 5.419435977935791 111
1.0 10.600028038024902 227
1.0 7.182769775390625 149
1.0 14.560630798339844 315
1.0 7.955572128295898 168
1.0 1.75260329246521 33
1.0 7.729723930358887 153
1.0 1.6135928630828857 30
1.0 11.499835968017578 259
1.0 0.7569474577903748 14
1.0 11.545031547546387 253
1.0 5.29611873626709 104
1.0 1.021356463432312 19
1.0 0.055425018072128296 1
1.0 2.8315188884735107 53
1.0 0.273857444524765 5
1.0 8.318161010742188 186
1.0 5.91778564453125 116
1.0 0.0554247610270977 1
1.0 0.05542550981044769 1
1.0 20.6429500579834 484
1.0 3.326920747756958 65
1.0 4.442819595336914 90
1.0 5.564061641693115 111
1.0 1.6515274047851562 31
1.0 0.05542440339922905 1
1.0 4.191932201385498 83
1.0 6.5190935134887695 131
1.0 2.1897101402282715 41
1.0 4.921042442321777 98
1.0 5.801412105560303 117
1.0 21.556612014770508 493
1.0 8.660341262817383 189
1.0 6.367156028747559 129
1.0 3.233137369155884 63
1.0 0.055424951016902924 1
1.0 9.005988121032715 188
1.0 0.27432599663734436 5
1.0 4.728267192840576 91
1.0 10.3019380569458 214
1.0 0.05542583391070366 1
1.0 7.132874011993408 160
1.0 0.05542519688606262 1
1.0 1.3650007247924805 26
1.0 11.181492805480957 242
1.0 7.056154727935791 148
1.0 5.088386058807373 101
1.0 12.97393798828125 286
1.0 6.847061634063721 145
1.0 0.05542571097612381 1
1.0 1.692739725112915 32
1.0 6.84321403503418 142
1.0 0.22036758065223694 4
1.0 6.2961506843566895 127
1.0 0.05542609468102455 1
1.0 4.786348342895508 94
1.0 7.8826212882995605 161
1.0 1.710778832435608 32
1.0 7.46165657043457 156
1.0 2.8095576763153076 54
1.0 2.991729497909546 57
1.0 7.86867618560791 158
1.0 1.9647877216339111 38
1.0 3.3993706703186035 65
1.0 0.05542580410838127 1
1.0 2.1703081130981445 41
1.0 7.025245189666748 147
1.0 4.023665904998779 78
1.0 2.0336170196533203 38
1.0 5.8798980712890625 116
1.0 6.7270636558532715 150
1.0 8.191973686218262 166
1.0 4.848372459411621 102
1.0 0.6464958190917969 12
1.0 4.405556678771973 89
1.0 6.717097759246826 137
1.0 5.547876358032227 111
1.0 4.836528301239014 95
1.0 5.406310558319092 105
1.0 7.279678821563721 146
1.0 2.4390041828155518 49
1.0 7.060094356536865 151
1.0 3.632319450378418 69
1.0 8.219236373901367 173
1.0 1.4822337627410889 28
1.0 1.7804962396621704 34
1.0 4.937158107757568 104
1.0 1.8194806575775146 34
1.0 6.824473857879639 139
1.0 6.844165802001953 140
1.0 4.6758317947387695 93
1.0 18.07941436767578 439
1.0 6.874805927276611 143
1.0 2.067600727081299 39
1.0 0.4900253713130951 9
1.0 2.0983591079711914 40
1.0 18.907976150512695 441
1.0 4.42657995223999 88
1.0 9.12537956237793 189
1.0 6.988035202026367 138
1.0 7.627326965332031 155
1.0 6.466131687164307 135
1.0 0.38232725858688354 7
1.0 9.306502342224121 196
1.0 2.1687660217285156 41
1.0 5.119998931884766 101
1.0 15.305832862854004 344
1.0 9.666518211364746 213
1.0 2.923539161682129 56
1.0 14.298247337341309 334
1.0 7.855297088623047 158
1.0 4.325561046600342 83
1.0 6.526919364929199 132
1.0 5.669243812561035 111
1.0 4.7037458419799805 93
1.0 5.502269744873047 107
1.0 1.5799301862716675 30
1.0 0.6522840261459351 12
1.0 0.05542510002851486 1
1.0 5.394590854644775 111
1.0 0.055426664650440216 1
1.0 1.2835896015167236 24
1.0 0.05542489513754845 1
1.0 7.963313579559326 163
1.0 2.0434911251068115 40
1.0 0.05542328208684921 1
1.0 0.9170542359352112 17
1.0 0.055425014346838 1
1.0 1.7083784341812134 33
1.0 0.055425386875867844 1
1.0 10.40927505493164 226
1.0 7.683917999267578 157
1.0 6.58060884475708 130
1.0 4.123045444488525 80
1.0 0.05542575567960739 1
1.0 5.490978717803955 110
1.0 8.265932083129883 172
1.0 6.518904209136963 133
1.0 1.911543846130371 36
1.0 3.1458985805511475 59
1.0 1.4869474172592163 28
1.0 6.064375400543213 119
1.0 0.5967317223548889 11
1.0 10.04636287689209 216
1.0 3.978647470474243 78
1.0 3.153660535812378 60
1.0 3.961040735244751 79
1.0 1.6128565073013306 31
1.0 1.538564920425415 29
1.0 10.994508743286133 242
1.0 3.880798816680908 77
1.0 3.6131036281585693 70
1.0 0.9680136442184448 18
1.0 7.733403205871582 158
1.0 6.323253631591797 129
1.0 7.236446857452393 146
1.0 6.945497512817383 138
1.0 3.0869290828704834 59
1.0 1.1807421445846558 22
1.0 0.05542512238025665 1
1.0 9.651444435119629 196
1.0 3.069218158721924 60
1.0 0.05542530491948128 1
1.0 3.2707855701446533 63
1.0 0.055425938218832016 1
1.0 5.717978477478027 115
1.0 5.0030107498168945 100
1.0 0.0554252527654171 1
1.0 8.13170051574707 175
1.0 0.055425018072128296 1
1.0 0.05542513728141785 1
1.0 1.1246390342712402 21
1.0 0.0554250106215477 1
1.0 2.050560235977173 39
1.0 1.7671247720718384 33
1.0 1.1731057167053223 22
1.0 0.055425867438316345 1
1.0 4.99640417098999 103
1.0 8.901473045349121 181
1.0 3.989057779312134 75
1.0 7.448275089263916 153
1.0 6.081348419189453 123
1.0 1.3945715427398682 26
1.0 3.3128042221069336 64
1.0 5.747934818267822 116
1.0 3.48183536529541 67
1.0 1.8794820308685303 36
1.0 7.677437782287598 157
1.0 9.7501220703125 206
1.0 1.121469497680664 21
1.0 0.055425215512514114 1
1.0 3.6524314880371094 73
1.0 7.847477436065674 164
1.0 8.552314758300781 173
1.0 3.0388662815093994 59
1.0 1.8370602130889893 35
1.0 5.880356788635254 120
1.0 2.1405489444732666 41
1.0 5.387018203735352 105
1.0 3.870882034301758 77
1.0 0.055425647646188736 1
1.0 2.584172487258911 49
1.0 4.9109930992126465 101
1.0 1.3751081228256226 26
1.0 2.2348222732543945 42
1.0 1.2365964651107788 23
1.0 1.9898995161056519 38
1.0 2.671943426132202 51
1.0 13.957812309265137 300
1.0 6.563751697540283 133
1.0 12.350804328918457 269
1.0 10.158281326293945 219
1.0 0.05542571842670441 1
1.0 15.427251815795898 358
1.0 0.2727054953575134 5
1.0 1.589387059211731 30
1.0 4.829564571380615 100
1.0 1.9753878116607666 37
1.0 0.055426985025405884 1
1.0 13.953142166137695 308
1.0 2.754312515258789 54
1.0 0.21841275691986084 4
1.0 0.05542553961277008 1
1.0 3.2850522994995117 64
1.0 11.47213077545166 233
1.0 9.031786918640137 192
1.0 0.597425103187561 11
1.0 0.055425286293029785 1
1.0 3.518941879272461 67
1.0 3.050929069519043 58
1.0 14.570239067077637 314
1.0 0.8109029531478882 15
1.0 5.056321144104004 103
1.0 2.3109261989593506 44
1.0 8.621227264404297 180
1.0 11.346240043640137 252
1.0 0.05542559176683426 1
1.0 6.903748035430908 142
1.0 0.3816581964492798 7
1.0 6.219601154327393 128
1.0 6.817470550537109 154
1.0 4.679877758026123 101
1.0 0.055424898862838745 1
1.0 3.2099130153656006 64
1.0 17.022159576416016 375
1.0 0.49011558294296265 9
1.0 7.647761821746826 158
1.0 1.5626932382583618 29
1.0 0.5436116456985474 10
1.0 2.0029361248016357 38
1.0 7.819069862365723 157
1.0 11.547712326049805 255
1.0 11.424419403076172 240
1.0 0.05542588606476784 1
1.0 4.616592884063721 89
1.0 6.639397144317627 132
1.0 5.5283050537109375 118
1.0 0.21885627508163452 4
1.0 0.05542513728141785 1
1.0 4.821444034576416 96
1.0 0.75419682264328 14
1.0 4.516359329223633 87
1.0 0.05542571097612381 1
1.0 0.055425114929676056 1
1.0 0.9156412482261658 17
1.0 3.5098562240600586 68
1.0 1.0802608728408813 20
1.0 19.27056312561035 443
1.0 4.840578079223633 96
1.0 4.087517738342285 79
1.0 4.070891380310059 83
1.0 6.73594331741333 141
1.0 2.215855598449707 42
1.0 7.714614391326904 164
1.0 4.599582195281982 88
1.0 0.7542979717254639 14
1.0 4.858735084533691 96
1.0 0.0554235577583313 1
1.0 13.658108711242676 293
1.0 0.055425893515348434 1
1.0 0.055426135659217834 1
1.0 1.757568120956421 33
1.0 7.486102104187012 151
1.0 0.05542563274502754 1
1.0 0.05542547628283501 1
1.0 9.030901908874512 200
1.0 0.05542471259832382 1
1.0 7.583162307739258 158
1.0 6.285589218139648 132
1.0 0.05542463809251785 1
1.0 6.323526382446289 128
1.0 3.3066365718841553 67
1.0 3.9080846309661865 78
1.0 8.000802993774414 162
1.0 1.3888641595840454 26
1.0 8.668754577636719 175
1.0 5.659947395324707 111
1.0 0.05542553961277008 1
1.0 0.05542541295289993 1
1.0 9.753722190856934 209
1.0 7.606932163238525 160
1.0 2.541323661804199 48
1.0 11.407393455505371 258
1.0 1.8881865739822388 36
1.0 3.212266445159912 62
1.0 0.9587843418121338 18
1.0 3.6849756240844727 72
1.0 4.036356449127197 81
1.0 4.667076587677002 92
1.0 3.3610715866088867 64
1.0 7.93568754196167 171
1.0 7.204158306121826 150
1.0 4.5348334312438965 87
1.0 4.808812141418457 98
1.0 5.845348834991455 121
1.0 8.241808891296387 162
1.0 0.43841296434402466 8
1.0 3.19472074508667 61
1.0 0.05542518571019173 1
1.0 5.051046371459961 99
1.0 5.053433418273926 100
1.0 3.3432397842407227 66
1.0 3.007352828979492 57
1.0 0.05542542785406113 1
1.0 2.8751912117004395 56
1.0 2.95625901222229 56
1.0 11.539603233337402 256
1.0 24.87126350402832 593
1.0 0.05542689561843872 1
1.0 12.048054695129395 271
1.0 5.213422775268555 106
1.0 2.3737287521362305 45
1.0 2.3941702842712402 45
1.0 4.621954917907715 90
1.0 7.058596134185791 147
1.0 1.2736833095550537 24
1.0 2.726672410964966 52
1.0 0.05542611703276634 1
1.0 6.501806735992432 131
1.0 2.3211522102355957 44
1.0 0.05542614683508873 1
1.0 6.521650791168213 137
1.0 17.64837646484375 382
1.0 5.757556915283203 113
1.0 0.9800798296928406 18
1.0 12.525910377502441 262
1.0 0.0554254911839962 1
1.0 3.1025002002716064 61
1.0 2.1137733459472656 40
1.0 0.055426422506570816 1
1.0 6.503187656402588 132
1.0 14.125569343566895 322
1.0 10.308807373046875 229
1.0 2.5518369674682617 49
1.0 2.84902024269104 54
1.0 7.8853068351745605 161
1.0 1.9233020544052124 36
1.0 1.5578808784484863 29
1.0 12.882352828979492 281
1.0 5.349364280700684 103
1.0 6.473996162414551 130
1.0 10.152754783630371 226
1.0 8.662091255187988 184
1.0 8.086695671081543 180
1.0 2.288351535797119 43
1.0 3.570706367492676 70
1.0 9.046577453613281 197
1.0 13.937766075134277 303
1.0 2.694354772567749 53
1.0 0.05542440339922905 1
1.0 7.818409442901611 156
1.0 0.5428882837295532 10
1.0 5.2425055503845215 105
1.0 0.05542486533522606 1
1.0 4.073099613189697 82
1.0 0.38294142484664917 7
1.0 1.3380628824234009 25
1.0 4.887946128845215 96
1.0 10.006363868713379 220
1.0 8.00812816619873 162
1.0 0.055423151701688766 1
1.0 11.829304695129395 248
1.0 2.1902976036071777 41
1.0 12.764078140258789 274
1.0 2.02987003326416 38
1.0 0.05542568862438202 1
1.0 3.4512271881103516 67
1.0 0.9207389950752258 17
1.0 0.05542471259832382 1
1.0 13.051623344421387 300
1.0 8.23150634765625 174
1.0 3.992419481277466 78
1.0 3.282794713973999 63
1.0 13.675214767456055 313
1.0 4.692895889282227 96
1.0 3.7722833156585693 73
1.0 5.2661638259887695 103
1.0 4.139480113983154 82
1.0 6.583017349243164 135
1.0 0.055424947291612625 1
1.0 3.5890610218048096 69
1.0 0.05542614683508873 1
1.0 16.411426544189453 385
1.0 0.055425435304641724 1
1.0 11.989808082580566 273
1.0 9.54872989654541 206
1.0 3.705026149749756 72
1.0 2.686061143875122 51
1.0 12.899502754211426 283
1.0 0.05542583018541336 1
1.0 0.05542553961277008 1
1.0 1.6000897884368896 30
1.0 0.05542349815368652 1
1.0 8.486479759216309 177
1.0 3.7920939922332764 74
1.0 7.8576250076293945 159
1.0 4.414212703704834 87
1.0 5.299960613250732 107
1.0 11.95233154296875 265
1.0 1.5579299926757812 30
1.0 0.055425986647605896 1
1.0 21.35529136657715 500
1.0 8.958953857421875 179
1.0 0.7576377391815186 14
1.0 5.317680358886719 106
1.0 3.10212779045105 60
1.0 6.600827693939209 130
1.0 22.483413696289062 518
1.0 0.0554252564907074 1
1.0 5.645655632019043 115
1.0 3.397644519805908 69
1.0 5.144124984741211 102
1.0 0.651247501373291 12
1.0 2.451775550842285 46
1.0 7.905648708343506 168
1.0 0.055425480008125305 1
1.0 8.111539840698242 164
1.0 2.4135730266571045 46
1.0 4.107937335968018 81
1.0 4.106407642364502 82
1.0 1.5516581535339355 29
1.0 1.8476835489273071 35
1.0 5.502474308013916 109
1.0 0.055425167083740234 1
1.0 2.634997844696045 51
1.0 12.914424896240234 289
1.0 10.236747741699219 225
1.0 1.1910676956176758 22
1.0 0.05542535334825516 1
1.0 6.52587890625 130
1.0 1.0760717391967773 20
1.0 0.05542553961277008 1
1.0 4.267919063568115 84
1.0 0.7012258768081665 13
1.0 2.1914255619049072 41
1.0 5.612977981567383 111
1.0 8.490119934082031 182
1.0 1.5512897968292236 29
1.0 5.240335941314697 103
1.0 1.3927663564682007 26
1.0 5.955216407775879 123
1.0 0.16511863470077515 3
1.0 5.953457355499268 125
1.0 5.779530048370361 118
1.0 6.9367899894714355 141
1.0 0.0554254949092865 1
1.0 4.383055210113525 88
1.0 4.07316255569458 81
1.0 4.255778789520264 82
1.0 0.05542692542076111 1
1.0 3.6852805614471436 74
1.0 4.244307994842529 83
1.0 9.679228782653809 197
1.0 5.661436557769775 112
1.0 12.372967720031738 301
1.0 4.897393703460693 98
1.0 0.05542518571019173 1
1.0 10.808088302612305 239
1.0 0.0554252527654171 1
1.0 7.702346324920654 167
1.0 0.05542583763599396 1
1.0 0.7578976154327393 14
1.0 0.05542529374361038 1
1.0 2.222848653793335 42
1.0 0.16494737565517426 3
1.0 11.570188522338867 257
1.0 16.065431594848633 367
