1.0 2.5779242515563965 51
1.0 3.3798739910125732 66
1.0 2.407027244567871 48
1.0 7.686482906341553 163
1.0 2.933997869491577 58
1.0 1.5798259973526 30
1.0 4.44027042388916 90
1.0 3.3683950901031494 73
1.0 1.7521824836730957 33
1.0 0.9143164753913879 17
1.0 2.02974796295166 39
1.0 15.060479164123535 355
1.0 1.614579200744629 31
1.0 11.22730541229248 248
1.0 4.191861152648926 87
1.0 2.9152300357818604 58
1.0 3.61844539642334 72
1.0 4.31088924407959 89
1.0 2.6705172061920166 52
1.0 7.487807273864746 167
1.0 2.149900197982788 41
1.0 7.658382415771484 158
1.0 1.266934871673584 24
1.0 13.835807800292969 330
1.0 0.2196999490261078 4
1.0 3.341041088104248 66
1.0 0.05542503669857979 1
1.0 3.1259238719940186 61
1.0 2.833277702331543 57
1.0 4.17316198348999 91
1.0 2.153723955154419 42
1.0 4.689901828765869 98
1.0 1.7617586851119995 34
1.0 1.217482089996338 23
1.0 5.657345294952393 118
1.0 0.055425506085157394 1
1.0 1.127259373664856 21
1.0 2.630802869796753 50
1.0 12.429108619689941 277
1.0 13.259693145751953 313
1.0 5.160843849182129 104
1.0 3.3196113109588623 67
1.0 2.28311824798584 44
1.0 4.760540008544922 104
1.0 9.674519538879395 216
1.0 11.082218170166016 243
1.0 4.1327667236328125 85
1.0 1.7629550695419312 34
1.0 7.425808429718018 160
1.0 1.8558943271636963 36
1.0 2.850801467895508 56
1.0 5.01066780090332 105
1.0 0.9648672938346863 18
1.0 1.3893697261810303 26
1.0 5.904992580413818 122
1.0 5.5010809898376465 116
1.0 3.5082173347473145 69
1.0 0.05542423948645592 1
1.0 0.05542499199509621 1
1.0 0.964900553226471 18
1.0 11.673351287841797 266
1.0 0.2730569541454315 5
1.0 6.475827693939209 141
1.0 2.7834391593933105 54
1.0 3.9393045902252197 83
1.0 3.094866991043091 61
1.0 3.0151424407958984 59
1.0 8.65933609008789 183
1.0 2.9922518730163574 59
1.0 2.576754570007324 50
1.0 0.05542531982064247 1
1.0 2.1266286373138428 41
1.0 4.174591541290283 85
1.0 7.150075435638428 156
1.0 2.602900266647339 51
1.0 12.413986206054688 285
1.0 2.330314874649048 45
1.0 8.2989501953125 187
1.0 2.695002317428589 52
1.0 11.425325393676758 260
1.0 4.88776969909668 110
1.0 2.0112714767456055 38
1.0 16.942731857299805 431
1.0 8.233461380004883 189
1.0 2.9586968421936035 60
1.0 2.0048093795776367 39
1.0 1.7270375490188599 33
1.0 1.1648883819580078 22
1.0 6.207851886749268 129
1.0 4.691776275634766 108
1.0 3.904960870742798 81
1.0 3.7453839778900146 75
1.0 4.020248889923096 79
1.0 10.466286659240723 242
1.0 0.48262515664100647 9
1.0 2.098804235458374 40
1.0 6.939450740814209 156
1.0 1.12558913230896 21
1.0 10.085063934326172 207
1.0 8.765668869018555 197
1.0 0.8569138646125793 16
1.0 2.4434688091278076 48
1.0 4.350483417510986 88
1.0 7.547276496887207 171
1.0 12.732625007629395 300
1.0 15.293830871582031 370
1.0 5.011706352233887 102
1.0 6.4424309730529785 143
1.0 8.562067985534668 186
1.0 4.796372413635254 99
1.0 2.0602385997772217 39
1.0 6.964712142944336 148
1.0 5.533660888671875 113
1.0 3.0531346797943115 61
1.0 7.661290168762207 172
1.0 2.8715462684631348 56
1.0 6.369630336761475 135
1.0 1.885094404220581 36
1.0 0.05542410537600517 1
1.0 1.6474353075027466 31
1.0 3.975477457046509 82
1.0 3.111255407333374 61
1.0 3.858470916748047 83
1.0 11.123000144958496 243
1.0 4.9238386154174805 102
1.0 1.2933857440948486 25
1.0 5.1009440422058105 104
1.0 3.44626522064209 71
1.0 0.05542566254734993 1
1.0 1.8284335136413574 35
1.0 2.479299783706665 49
1.0 9.719955444335938 213
1.0 3.8909718990325928 86
1.0 8.715911865234375 200
1.0 2.3698885440826416 46
1.0 3.47556209564209 69
1.0 4.465237140655518 94
1.0 8.131321907043457 174
1.0 4.1586737632751465 91
1.0 0.05542566254734993 1
1.0 0.11003477871417999 2
1.0 4.20018196105957 81
1.0 3.1773860454559326 67
1.0 3.6342720985412598 75
1.0 3.850569486618042 76
1.0 0.43580737709999084 8
1.0 5.0549540519714355 105
1.0 0.05542515590786934 1
1.0 1.2779924869537354 24
1.0 2.0975279808044434 40
1.0 6.918256759643555 148
1.0 3.602552890777588 72
1.0 2.525866985321045 49
1.0 5.883451461791992 121
1.0 5.79095458984375 125
1.0 2.2284793853759766 43
1.0 0.32726186513900757 6
1.0 6.892612457275391 158
1.0 0.5394731163978577 10
1.0 5.619055271148682 128
1.0 3.3630189895629883 65
1.0 6.027144908905029 125
1.0 0.055424515157938004 1
1.0 2.5922539234161377 51
1.0 0.05542508885264397 1
1.0 0.055425047874450684 1
1.0 2.8057525157928467 55
1.0 2.415221929550171 48
1.0 8.453917503356934 187
1.0 0.055425163358449936 1
1.0 9.355825424194336 205
1.0 2.745584487915039 54
1.0 1.9808335304260254 38
1.0 2.516130208969116 48
1.0 6.20566463470459 138
1.0 13.127302169799805 314
1.0 2.741746664047241 54
1.0 4.612039089202881 93
1.0 0.05542518198490143 1
1.0 7.255119800567627 156
1.0 5.580749034881592 112
1.0 12.815210342407227 286
1.0 13.132611274719238 305
1.0 0.055424485355615616 1
1.0 4.2180867195129395 85
1.0 11.04726505279541 266
1.0 2.8198962211608887 57
1.0 2.605262517929077 50
1.0 0.435549795627594 8
1.0 1.3903447389602661 26
1.0 4.794281959533691 103
1.0 4.173616886138916 86
1.0 3.8212130069732666 75
1.0 2.5930399894714355 50
1.0 6.1454315185546875 127
1.0 1.2589786052703857 24
1.0 4.420187473297119 92
1.0 3.064626693725586 60
1.0 3.0799522399902344 60
1.0 2.3850111961364746 47
1.0 1.582659363746643 30
1.0 2.4552042484283447 47
1.0 9.866929054260254 233
1.0 3.487687349319458 70
1.0 7.088346481323242 157
1.0 2.5724871158599854 51
1.0 4.209659099578857 84
1.0 7.851982116699219 176
1.0 8.256787300109863 184
1.0 5.742867469787598 124
1.0 2.1684274673461914 42
1.0 5.439756870269775 112
1.0 7.030453205108643 157
1.0 0.055425263941287994 1
1.0 3.1212563514709473 62
1.0 2.56148099899292 49
1.0 15.344165802001953 361
1.0 3.785653591156006 79
1.0 1.516107201576233 29
1.0 5.299475193023682 109
1.0 4.114156246185303 84
1.0 0.05542587488889694 1
1.0 7.802314758300781 175
1.0 1.0119051933288574 19
1.0 0.05542565882205963 1
1.0 1.906492829322815 36
1.0 0.05542541667819023 1
1.0 4.870522499084473 103
1.0 2.3578176498413086 46
1.0 2.668550729751587 52
1.0 10.672054290771484 242
1.0 8.982068061828613 188
1.0 0.055425193160772324 1
1.0 3.258180618286133 67
1.0 4.555806636810303 97
1.0 14.894318580627441 357
1.0 4.110264301300049 85
1.0 1.5901366472244263 30
1.0 4.092250347137451 81
1.0 2.614907741546631 50
1.0 15.672828674316406 390
1.0 4.107203960418701 87
1.0 0.055424850434064865 1
1.0 7.6786017417907715 166
1.0 12.860904693603516 295
1.0 1.7905832529067993 34
1.0 5.531194686889648 116
1.0 0.05542578548192978 1
1.0 5.043442726135254 104
1.0 4.297576904296875 88
1.0 4.115841865539551 86
1.0 3.2674365043640137 65
1.0 13.386524200439453 306
1.0 3.775614023208618 75
1.0 1.4885305166244507 29
1.0 1.6425895690917969 31
1.0 6.2859578132629395 135
1.0 8.540627479553223 182
1.0 0.055424902588129044 1
1.0 3.873072385787964 78
1.0 5.902260780334473 122
1.0 2.5366339683532715 50
1.0 2.638868570327759 51
1.0 0.9619038105010986 18
1.0 4.401607036590576 87
1.0 4.1865363121032715 90
1.0 0.3262813687324524 6
1.0 3.6529674530029297 80
1.0 9.050383567810059 215
1.0 1.2152336835861206 23
1.0 1.5864653587341309 30
1.0 1.627738356590271 31
1.0 5.606533050537109 123
1.0 2.5991272926330566 51
1.0 3.2777562141418457 65
1.0 0.05542553961277008 1
1.0 3.712322950363159 72
1.0 0.05542537197470665 1
1.0 1.3987435102462769 27
1.0 2.5528697967529297 49
1.0 2.6730234622955322 52
1.0 1.2294846773147583 23
1.0 2.2827377319335938 44
1.0 5.945842266082764 124
1.0 0.8593140244483948 16
1.0 9.713094711303711 226
1.0 5.2990403175354 107
1.0 1.456860065460205 28
1.0 8.515995979309082 182
1.0 3.051863193511963 60
1.0 12.079237937927246 294
1.0 7.904696464538574 177
1.0 2.7505409717559814 57
1.0 2.9087202548980713 58
1.0 7.153861999511719 150
1.0 3.881101608276367 79
1.0 8.550430297851562 192
1.0 7.255363464355469 146
1.0 3.684751510620117 71
1.0 5.485252380371094 118
1.0 5.189539909362793 115
1.0 4.0507917404174805 87
1.0 1.1009395122528076 21
1.0 3.713073968887329 73
1.0 6.616333484649658 144
1.0 8.015247344970703 172
1.0 1.478894591331482 28
1.0 1.099988341331482 21
1.0 2.885410785675049 55
1.0 0.05542479828000069 1
1.0 5.1351728439331055 111
1.0 14.667725563049316 358
1.0 0.0554250068962574 1
1.0 2.142822027206421 41
1.0 0.27255779504776 5
1.0 6.79463529586792 140
1.0 1.0712213516235352 20
1.0 5.927250862121582 131
1.0 7.242382049560547 162
1.0 5.772058486938477 124
1.0 3.7894020080566406 77
1.0 3.9079878330230713 77
1.0 5.612720489501953 124
1.0 3.671168327331543 74
1.0 1.5294008255004883 29
1.0 3.0137927532196045 61
1.0 4.849033832550049 103
1.0 4.087432384490967 85
1.0 5.7830352783203125 123
1.0 3.6539690494537354 74
1.0 9.260769844055176 210
1.0 7.221826553344727 147
1.0 0.05542527884244919 1
1.0 3.962433099746704 86
1.0 7.828629493713379 177
1.0 6.426996231079102 134
1.0 7.911849021911621 175
1.0 2.5720715522766113 51
1.0 2.5294618606567383 49
1.0 4.923164367675781 104
1.0 0.5376357436180115 10
1.0 2.475599527359009 47
1.0 1.8437379598617554 35
1.0 3.968647003173828 82
1.0 4.318718910217285 92
1.0 2.1371102333068848 41
1.0 2.0952930450439453 40
1.0 3.290177345275879 69
1.0 5.5523905754089355 113
1.0 4.122520446777344 85
1.0 9.082761764526367 206
1.0 3.598604202270508 74
1.0 0.3276619613170624 6
1.0 12.291080474853516 269
1.0 0.592399001121521 11
1.0 0.055425021797418594 1
1.0 0.8009058833122253 15
1.0 1.0210583209991455 19
1.0 5.730283737182617 125
1.0 6.526699066162109 144
1.0 8.423815727233887 192
1.0 3.933518648147583 82
1.0 6.086586952209473 129
1.0 3.962470054626465 81
1.0 10.709108352661133 247
1.0 5.13266134262085 105
1.0 2.2830824851989746 45
1.0 3.2231438159942627 65
1.0 0.11034508049488068 2
1.0 8.129819869995117 176
1.0 0.055424731224775314 1
1.0 10.535843849182129 235
1.0 5.396945476531982 114
1.0 1.9801695346832275 38
1.0 8.915523529052734 201
1.0 2.7180230617523193 53
1.0 3.2443087100982666 64
1.0 3.901331663131714 82
1.0 0.05542523041367531 1
1.0 9.013163566589355 199
1.0 3.1870415210723877 66
1.0 2.02345871925354 39
1.0 11.678187370300293 287
1.0 3.3457677364349365 65
1.0 0.05542541295289993 1
1.0 4.6305718421936035 92
1.0 5.078714847564697 110
1.0 4.46571683883667 90
1.0 2.7120134830474854 52
1.0 4.650176048278809 97
1.0 11.56043529510498 275
1.0 10.941694259643555 239
1.0 4.584352493286133 90
1.0 2.191272258758545 42
1.0 2.2368617057800293 43
1.0 2.83467698097229 58
1.0 3.5465147495269775 71
1.0 0.5964683294296265 11
1.0 2.918412685394287 57
1.0 6.1364054679870605 129
1.0 7.667681694030762 164
1.0 4.307416915893555 85
1.0 3.583728313446045 72
1.0 8.53569221496582 188
1.0 8.436147689819336 192
1.0 0.05542627349495888 1
1.0 7.12906551361084 154
1.0 1.694237232208252 32
1.0 9.316184043884277 211
1.0 1.9033018350601196 36
1.0 15.983981132507324 388
1.0 5.052816867828369 102
1.0 2.4458281993865967 48
1.0 8.994757652282715 201
1.0 9.426219940185547 218
1.0 8.552755355834961 188
1.0 3.4442520141601562 66
1.0 7.252407550811768 154
1.0 1.3718934059143066 26
1.0 5.800792694091797 127
1.0 0.9071902632713318 17
1.0 1.058105707168579 20
1.0 0.05542523041367531 1
1.0 5.82332181930542 125
1.0 4.477597236633301 103
1.0 6.392972469329834 136
1.0 0.32741665840148926 6
1.0 1.5733447074890137 30
1.0 1.6395695209503174 31
1.0 6.04280424118042 128
1.0 0.6480942368507385 12
1.0 9.389575958251953 210
1.0 3.1359307765960693 64
1.0 0.5975905656814575 11
1.0 2.6365408897399902 52
1.0 7.965068340301514 183
1.0 1.1505646705627441 22
1.0 0.5945031046867371 11
1.0 2.3321921825408936 46
1.0 0.05542546510696411 1
1.0 9.98364543914795 221
1.0 1.4217082262039185 27
1.0 10.620805740356445 252
1.0 3.247199058532715 64
1.0 10.289889335632324 252
1.0 4.533342361450195 93
1.0 2.621854543685913 52
1.0 6.27979850769043 131
1.0 1.6546111106872559 32
1.0 1.232221007347107 23
1.0 2.343165159225464 45
1.0 5.70853853225708 121
1.0 6.677830219268799 146
1.0 3.394441843032837 70
1.0 6.6318678855896 146
1.0 5.393067836761475 111
1.0 0.9105224609375 17
1.0 2.5232291221618652 49
1.0 0.0554254911839962 1
1.0 1.3030074834823608 25
1.0 11.479248046875 249
1.0 1.68282949924469 32
1.0 3.999204635620117 81
1.0 0.05542527884244919 1
1.0 1.2105649709701538 23
1.0 3.4149651527404785 72
1.0 3.8526103496551514 78
1.0 3.8025524616241455 76
1.0 2.9626505374908447 57
1.0 1.744024395942688 33
1.0 1.1157828569412231 21
1.0 4.6343865394592285 103
1.0 10.682418823242188 246
1.0 0.055425167083740234 1
1.0 0.37959718704223633 7
1.0 5.416830062866211 118
1.0 1.2254117727279663 23
1.0 2.3736300468444824 47
1.0 1.5171589851379395 29
1.0 3.6487855911254883 75
1.0 0.21893157064914703 4
1.0 7.419401168823242 170
1.0 14.796804428100586 342
1.0 0.05542499199509621 1
1.0 3.851195812225342 79
1.0 0.0554254911839962 1
1.0 5.539670467376709 123
1.0 6.4302520751953125 139
1.0 3.1004416942596436 62
1.0 3.816317558288574 76
1.0 11.253878593444824 281
1.0 4.652354717254639 92
1.0 7.782702922821045 175
1.0 6.404394626617432 137
1.0 11.963826179504395 291
1.0 8.576987266540527 194
1.0 3.6440796852111816 72
1.0 0.05542522668838501 1
1.0 6.3415045738220215 130
1.0 9.064571380615234 195
1.0 1.7794631719589233 34
1.0 4.257990837097168 91
1.0 0.8065985441207886 15
1.0 1.6806533336639404 32
1.0 3.753039598464966 76
1.0 3.5559000968933105 73
1.0 6.154666900634766 134
1.0 5.624310493469238 120
1.0 5.208955764770508 106
1.0 3.3228578567504883 70
1.0 10.400622367858887 226
1.0 2.9434072971343994 62
1.0 7.185589790344238 158
1.0 4.01768159866333 80
1.0 4.6713361740112305 98
1.0 4.844072341918945 96
1.0 9.233990669250488 204
1.0 5.202136993408203 112
1.0 0.05542515963315964 1
1.0 6.5533576011657715 142
1.0 0.5944992303848267 11
1.0 7.892366886138916 167
1.0 2.2980735301971436 44
1.0 9.30556583404541 206
1.0 5.469425201416016 113
1.0 3.0504696369171143 61
1.0 1.5111709833145142 29
1.0 4.740030765533447 93
1.0 4.287342548370361 87
1.0 8.4635648727417 190
1.0 9.655938148498535 223
1.0 0.055424924939870834 1
1.0 2.6320528984069824 51
1.0 10.254748344421387 226
1.0 4.57112455368042 98
1.0 3.2019803524017334 64
1.0 5.932931423187256 139
1.0 2.1765763759613037 43
1.0 1.3460357189178467 25
1.0 4.44036865234375 90
1.0 2.961638927459717 57
1.0 8.67372989654541 190
1.0 4.905299186706543 100
1.0 7.436637878417969 160
1.0 9.9423828125 217
1.0 9.137557983398438 206
1.0 5.748162269592285 123
1.0 3.3962767124176025 71
1.0 1.476773977279663 28
1.0 3.151477336883545 61
1.0 0.055425699800252914 1
1.0 2.292527914047241 44
1.0 4.207305431365967 88
1.0 1.6864255666732788 32
1.0 9.779598236083984 230
1.0 2.1338672637939453 41
1.0 1.5848075151443481 30
1.0 7.247568130493164 160
1.0 7.751850605010986 173
1.0 5.5888752937316895 123
1.0 11.522002220153809 261
1.0 9.99158000946045 236
1.0 0.6477596163749695 12
1.0 1.4741263389587402 28
1.0 5.885833740234375 126
1.0 2.931814432144165 57
1.0 4.650157928466797 97
1.0 0.05542563274502754 1
1.0 2.4187846183776855 47
1.0 5.123661518096924 107
1.0 0.647711992263794 12
1.0 8.609269142150879 196
1.0 4.075010299682617 81
1.0 4.742025852203369 99
1.0 4.825097560882568 98
1.0 2.503063678741455 52
1.0 4.653487205505371 94
1.0 0.05542507395148277 1
1.0 4.385913372039795 92
1.0 9.79239273071289 224
1.0 2.489304304122925 51
1.0 5.070485591888428 109
1.0 3.8656485080718994 79
1.0 3.695213556289673 75
1.0 6.895786762237549 149
1.0 7.494700908660889 158
1.0 1.8088704347610474 35
1.0 2.217968225479126 44
1.0 11.226410865783691 273
1.0 6.2155232429504395 134
1.0 7.4510650634765625 159
1.0 4.473019599914551 90
1.0 7.729069232940674 184
1.0 1.3089896440505981 25
1.0 7.7794318199157715 172
1.0 4.448143005371094 90
1.0 4.261404991149902 87
1.0 3.4825916290283203 71
1.0 0.4828830063343048 9
1.0 2.5369670391082764 51
1.0 1.171231746673584 22
1.0 3.5299813747406006 70
1.0 7.317323207855225 163
1.0 6.228353500366211 136
1.0 16.167335510253906 399
1.0 6.593777656555176 143
1.0 2.486032247543335 50
1.0 3.01574444770813 61
1.0 4.8626227378845215 101
1.0 15.978404998779297 366
1.0 3.772437334060669 75
1.0 3.4209253787994385 67
1.0 6.195504188537598 126
1.0 4.013309001922607 80
1.0 6.473820209503174 141
1.0 0.05542595311999321 1
1.0 6.058690071105957 128
1.0 3.1782329082489014 65
1.0 3.05254864692688 60
1.0 7.937049865722656 174
1.0 12.608076095581055 283
1.0 4.271461009979248 84
1.0 6.9873881340026855 159
1.0 1.375836968421936 26
1.0 4.8859782218933105 98
1.0 5.141779899597168 104
1.0 4.3674702644348145 90
1.0 7.897806644439697 186
1.0 3.8750252723693848 78
1.0 2.4521684646606445 48
1.0 1.1171138286590576 21
1.0 0.27226489782333374 5
1.0 4.4033894538879395 90
1.0 0.11034562438726425 2
1.0 1.0167280435562134 19
1.0 1.582179069519043 30
1.0 2.9097046852111816 57
1.0 3.045048952102661 61
1.0 1.6789225339889526 32
1.0 0.0554250031709671 1
1.0 0.0554250106215477 1
1.0 1.1679227352142334 22
1.0 1.8988665342330933 36
1.0 11.852130889892578 277
1.0 5.897336483001709 127
1.0 4.678084373474121 93
1.0 3.484412670135498 72
1.0 1.1092028617858887 21
1.0 4.3616509437561035 91
1.0 2.8414371013641357 54
1.0 7.889634609222412 190
1.0 1.9920620918273926 38
1.0 2.0578110218048096 39
1.0 0.3798651695251465 7
1.0 3.510564088821411 70
1.0 2.797880172729492 56
1.0 9.58471965789795 217
1.0 2.9689013957977295 58
1.0 2.0721817016601562 42
1.0 11.813299179077148 289
1.0 3.072631359100342 61
1.0 0.05542499199509621 1
1.0 8.765783309936523 195
1.0 5.160924434661865 109
1.0 4.000399112701416 81
1.0 1.2224928140640259 23
1.0 7.539348125457764 167
1.0 4.105259418487549 84
1.0 5.08684778213501 106
1.0 5.924807548522949 124
1.0 5.641725063323975 130
1.0 3.165658712387085 62
1.0 0.05542537569999695 1
1.0 9.43597412109375 203
1.0 1.5808087587356567 30
1.0 0.27351051568984985 5
1.0 7.896309852600098 183
1.0 1.954695701599121 39
1.0 4.193145751953125 83
1.0 2.825320243835449 56
1.0 0.05542513728141785 1
1.0 4.901105880737305 102
1.0 0.055424951016902924 1
1.0 0.05542523413896561 1
1.0 5.238833427429199 114
1.0 0.05542513355612755 1
1.0 3.170541286468506 64
1.0 2.122040033340454 41
1.0 2.532808542251587 50
1.0 0.055425338447093964 1
1.0 4.148024559020996 86
1.0 6.582740306854248 134
1.0 2.730041742324829 52
1.0 8.470942497253418 184
1.0 15.991835594177246 400
1.0 4.752514362335205 103
1.0 1.5241432189941406 29
1.0 2.345524787902832 46
1.0 6.107192039489746 129
1.0 2.7740726470947266 54
1.0 8.061429977416992 178
1.0 3.325498104095459 64
1.0 4.380617141723633 91
1.0 4.345280647277832 87
1.0 2.3270978927612305 45
1.0 6.769726753234863 146
1.0 5.4942169189453125 109
1.0 5.899558067321777 134
1.0 1.4727673530578613 28
1.0 8.47193431854248 190
1.0 2.8608925342559814 56
1.0 4.181725978851318 86
1.0 8.96695613861084 205
1.0 1.7354737520217896 33
1.0 1.5812920331954956 30
1.0 1.2853857278823853 25
1.0 1.8643161058425903 36
1.0 4.70733642578125 97
1.0 0.8554248809814453 16
1.0 3.3093385696411133 66
1.0 4.813872337341309 102
1.0 9.067046165466309 209
1.0 5.01552677154541 112
1.0 9.830881118774414 231
1.0 7.87415885925293 176
1.0 0.903717577457428 17
1.0 8.384597778320312 187
1.0 2.6970715522766113 52
1.0 1.6871343851089478 32
1.0 6.496921062469482 144
1.0 1.7805745601654053 34
1.0 0.055427566170692444 1
1.0 13.712193489074707 326
1.0 4.032434463500977 84
1.0 0.05542604625225067 1
1.0 0.432775616645813 8
1.0 2.2993991374969482 44
1.0 5.027566432952881 102
1.0 4.572875499725342 93
1.0 1.2788739204406738 24
1.0 0.05542541295289993 1
1.0 6.654223442077637 142
1.0 13.345775604248047 296
1.0 11.215964317321777 256
1.0 2.616243839263916 51
1.0 10.483154296875 246
1.0 0.908538281917572 17
1.0 3.8955860137939453 80
1.0 12.391474723815918 306
1.0 0.055426232516765594 1
1.0 4.756247520446777 99
1.0 0.21896100044250488 4
1.0 3.293147563934326 66
1.0 8.935154914855957 190
1.0 3.779067039489746 80
1.0 0.055424898862838745 1
1.0 3.6293485164642334 77
1.0 10.877155303955078 254
1.0 3.6502654552459717 75
1.0 7.491944789886475 163
1.0 1.8934615850448608 36
1.0 1.474197268486023 28
1.0 3.35891056060791 68
1.0 8.724122047424316 188
1.0 5.037302494049072 103
1.0 9.398309707641602 210
1.0 0.4881308376789093 9
1.0 2.72702956199646 53
1.0 1.4356379508972168 27
1.0 3.9828598499298096 82
1.0 0.05542663112282753 1
1.0 1.9799575805664062 38
1.0 7.642125606536865 168
1.0 1.8347270488739014 36
1.0 8.010774612426758 178
1.0 1.9166051149368286 37
1.0 0.0554250068962574 1
1.0 4.059482574462891 90
1.0 7.906785011291504 170
1.0 1.4518752098083496 28
1.0 12.354920387268066 290
1.0 8.872798919677734 209
1.0 4.237995624542236 86
1.0 3.391672372817993 68
1.0 6.684828281402588 149
1.0 3.4420623779296875 68
1.0 5.8325700759887695 126
1.0 4.308622360229492 91
1.0 1.1614940166473389 22
1.0 2.631957530975342 51
1.0 2.6971492767333984 52
1.0 12.627939224243164 291
1.0 1.9888883829116821 38
1.0 0.05542617663741112 1
1.0 2.29142165184021 45
1.0 6.5381879806518555 138
1.0 0.055425696074962616 1
1.0 1.1522756814956665 22
1.0 4.505954742431641 93
1.0 0.7481618523597717 14
1.0 13.583829879760742 319
1.0 5.463983058929443 115
1.0 6.384346008300781 128
1.0 8.912752151489258 206
1.0 3.1423847675323486 63
1.0 4.183022975921631 86
1.0 4.052215576171875 81
1.0 1.4955945014953613 29
1.0 8.304840087890625 178
1.0 4.257227420806885 85
1.0 0.05542571842670441 1
1.0 0.05542542040348053 1
1.0 6.086617946624756 132
1.0 5.9698567390441895 127
1.0 2.927720785140991 57
1.0 10.690328598022461 258
1.0 8.5411376953125 194
1.0 2.120728015899658 42
1.0 2.463193416595459 47
1.0 5.212738037109375 112
1.0 2.0728862285614014 41
1.0 3.430277109146118 68
1.0 2.909240245819092 58
1.0 4.385703086853027 89
1.0 10.404239654541016 237
1.0 8.07007884979248 171
1.0 3.9552292823791504 83
1.0 5.287889003753662 113
1.0 2.7513625621795654 52
1.0 2.690667152404785 53
1.0 1.7937361001968384 34
1.0 1.7541296482086182 35
1.0 6.332301616668701 134
1.0 3.2360191345214844 65
1.0 3.1171844005584717 62
1.0 0.05542552471160889 1
1.0 0.05542531609535217 1
1.0 3.162837505340576 64
1.0 2.75705885887146 54
1.0 13.336638450622559 310
1.0 15.450871467590332 373
1.0 3.3016083240509033 68
1.0 9.278429985046387 204
1.0 5.3285813331604 112
1.0 6.012953281402588 128
1.0 3.1915245056152344 62
1.0 6.313324928283691 140
1.0 8.11062240600586 175
1.0 0.05542536824941635 1
1.0 3.284879446029663 67
1.0 0.05542584881186485 1
1.0 5.717747688293457 119
1.0 2.9450974464416504 58
1.0 0.382193922996521 7
1.0 7.566404819488525 166
1.0 12.079588890075684 264
1.0 4.924051761627197 101
1.0 1.39039146900177 26
1.0 10.527823448181152 243
1.0 1.5987807512283325 31
1.0 1.2610573768615723 24
1.0 3.1984448432922363 66
1.0 2.4264676570892334 48
1.0 4.233479022979736 89
1.0 6.319043159484863 135
1.0 7.517914772033691 164
1.0 2.473618268966675 48
1.0 2.946721315383911 58
1.0 11.817432403564453 268
1.0 3.9080939292907715 80
1.0 0.05542523413896561 1
1.0 15.400715827941895 378
1.0 4.726049423217773 94
1.0 4.114948272705078 84
1.0 7.967823028564453 175
1.0 7.493752956390381 171
1.0 3.7316970825195312 77
1.0 0.5423965454101562 10
1.0 8.274107933044434 178
1.0 5.284882545471191 109
1.0 10.487577438354492 234
1.0 1.7694177627563477 34
1.0 0.055424582213163376 1
1.0 5.27040433883667 104
1.0 2.6950979232788086 53
1.0 3.4013514518737793 68
1.0 1.7071436643600464 33
1.0 0.4337061047554016 8
1.0 0.2192133069038391 4
1.0 0.43514811992645264 8
1.0 3.0163745880126953 61
1.0 6.926324844360352 158
1.0 6.272980690002441 129
1.0 0.055423155426979065 1
1.0 8.670897483825684 182
1.0 0.3815324604511261 7
1.0 10.313637733459473 234
1.0 1.6326794624328613 31
1.0 0.5940176248550415 11
1.0 3.902766466140747 78
1.0 0.27262067794799805 5
1.0 1.8380461931228638 36
1.0 5.623478412628174 126
1.0 9.742283821105957 214
1.0 3.2878499031066895 65
1.0 2.5067176818847656 49
1.0 7.354919910430908 169
1.0 3.012833595275879 61
1.0 2.4226202964782715 46
1.0 7.313754558563232 165
1.0 0.1098179817199707 2
1.0 4.0550971031188965 81
1.0 0.8952270746231079 17
1.0 3.9316439628601074 83
1.0 3.7374091148376465 75
1.0 14.909394264221191 368
1.0 1.2364002466201782 24
1.0 6.955661296844482 147
1.0 7.238561630249023 166
1.0 2.911069869995117 57
1.0 3.0834715366363525 62
1.0 14.246260643005371 339
1.0 1.331307291984558 25
1.0 1.5822371244430542 30
1.0 1.0189242362976074 19
1.0 0.05542346090078354 1
1.0 4.497672080993652 90
1.0 2.4299604892730713 47
1.0 8.629142761230469 189
1.0 7.793933391571045 180
1.0 8.672051429748535 195
1.0 7.926341533660889 172
1.0 2.8735458850860596 57
1.0 0.05542626976966858 1
1.0 12.540326118469238 287
1.0 9.503701210021973 208
1.0 0.05542489141225815 1
1.0 3.4984254837036133 68
1.0 1.0184800624847412 19
1.0 8.018829345703125 180
1.0 13.229488372802734 303
1.0 1.2273856401443481 23
1.0 5.09712553024292 107
1.0 1.8066881895065308 35
1.0 5.942439079284668 135
1.0 2.2433278560638428 43
1.0 9.47344970703125 217
1.0 6.312095642089844 128
1.0 0.3276573717594147 6
1.0 6.442930698394775 143
1.0 3.078115701675415 62
1.0 3.6659038066864014 78
1.0 2.8352675437927246 56
1.0 1.2810035943984985 24
1.0 2.7009811401367188 54
1.0 12.526933670043945 309
1.0 0.6502174139022827 12
1.0 0.32642728090286255 6
1.0 12.14260196685791 277
1.0 10.668169975280762 236
1.0 3.9008333683013916 77
1.0 2.607450485229492 51
1.0 7.163182258605957 159
1.0 3.5734801292419434 73
1.0 0.0554264634847641 1
1.0 2.5019190311431885 48
1.0 1.8759229183197021 36
1.0 3.2494547367095947 67
1.0 7.501733303070068 165
1.0 6.687839984893799 146
1.0 6.203701496124268 135
1.0 5.017678260803223 105
1.0 1.309539556503296 25
1.0 5.351345539093018 115
1.0 4.2195281982421875 84
1.0 8.206321716308594 179
1.0 2.942145347595215 60
1.0 7.254703044891357 154
1.0 0.05542546138167381 1
1.0 6.6163649559021 148
1.0 4.033290386199951 83
1.0 2.2236762046813965 43
1.0 0.05542641505599022 1
1.0 4.174137115478516 86
1.0 7.160909175872803 164
1.0 7.371434211730957 158
1.0 3.84940242767334 80
1.0 10.703864097595215 255
1.0 8.904388427734375 207
1.0 1.3869694471359253 26
1.0 9.263592720031738 205
1.0 0.0554257370531559 1
1.0 8.17936897277832 189
1.0 1.3330426216125488 25
1.0 0.32664743065834045 6
1.0 0.05542473867535591 1
1.0 3.546051502227783 71
1.0 0.05542576685547829 1
1.0 8.847562789916992 190
1.0 14.546655654907227 359
