1.0 1.8738218545913696 43
1.0 0.908634603023529 19
1.0 0.3136361539363861 6
1.0 0.5109931826591492 10
1.0 2.776400327682495 68
1.0 1.2734708786010742 28
1.0 1.0803372859954834 22
1.0 1.2294460535049438 27
1.0 1.2074192762374878 28
1.0 0.9427763819694519 19
1.0 0.6957565546035767 15
1.0 3.9153971672058105 92
1.0 0.6232321858406067 13
1.0 2.808650016784668 67
1.0 1.368665099143982 29
1.0 1.0835288763046265 22
1.0 1.0921818017959595 24
1.0 1.289282202720642 28
1.0 2.3686983585357666 61
1.0 3.542417287826538 84
1.0 0.9192535281181335 19
1.0 1.3202970027923584 32
1.0 0.3060920238494873 6
1.0 7.375101089477539 187
1.0 0.3681967258453369 7
1.0 0.9717798829078674 20
1.0 0.4621681272983551 9
1.0 0.9779453873634338 20
1.0 2.827056884765625 71
1.0 1.9573562145233154 44
1.0 1.293267846107483 29
1.0 1.4517635107040405 35
1.0 0.7631824612617493 15
1.0 0.5120171904563904 10
1.0 1.8885958194732666 45
1.0 0.05542568489909172 1
1.0 1.273633360862732 27
1.0 0.05542458966374397 1
1.0 5.818871974945068 147
1.0 2.5782179832458496 62
1.0 1.8063737154006958 39
1.0 3.1488728523254395 86
1.0 1.2091455459594727 26
1.0 2.2810776233673096 55
1.0 1.3631525039672852 32
1.0 3.4221925735473633 84
1.0 0.10764738917350769 2
1.0 0.05542569234967232 1
1.0 2.7059662342071533 62
1.0 0.6767403483390808 14
1.0 1.1416176557540894 23
1.0 1.7587356567382812 40
1.0 0.055426470935344696 1
1.0 0.05542537942528725 1
1.0 2.843367576599121 78
1.0 1.8653403520584106 47
1.0 0.7779552340507507 15
1.0 0.3543824255466461 7
1.0 0.21300627291202545 4
1.0 0.2633891701698303 5
1.0 1.9425394535064697 43
1.0 0.05542519688606262 1
1.0 1.1703710556030273 25
1.0 0.4549235999584198 9
1.0 1.8963319063186646 46
1.0 2.1509525775909424 48
1.0 1.015716791152954 21
1.0 3.22825026512146 76
1.0 0.4673234224319458 9
1.0 0.10893947631120682 2
1.0 0.2604605257511139 5
1.0 2.161132335662842 51
1.0 1.9190768003463745 47
1.0 1.9104098081588745 45
1.0 0.31385982036590576 6
1.0 2.5383620262145996 70
1.0 1.0292943716049194 21
1.0 1.5470350980758667 36
1.0 0.36398807168006897 7
1.0 2.50382924079895 64
1.0 3.0990407466888428 85
1.0 0.5021412372589111 10
1.0 3.682882308959961 95
1.0 1.2877944707870483 31
1.0 0.4523414969444275 9
1.0 0.7205198407173157 15
1.0 0.6051753759384155 12
1.0 0.3079628646373749 6
1.0 2.690708637237549 67
1.0 2.2696285247802734 52
1.0 1.119870662689209 25
1.0 0.8493624925613403 18
1.0 1.8620944023132324 42
1.0 3.1559877395629883 79
1.0 1.274156093597412 28
1.0 1.5906116962432861 33
1.0 2.363827705383301 54
1.0 0.3246842324733734 7
1.0 1.8704628944396973 42
1.0 2.7590177059173584 64
1.0 1.6861470937728882 42
1.0 0.8634325265884399 18
1.0 2.2708253860473633 53
1.0 1.0390324592590332 22
1.0 3.487095355987549 90
1.0 4.071230411529541 114
1.0 0.5962716937065125 12
1.0 2.3224990367889404 57
1.0 1.183372139930725 25
1.0 1.5572177171707153 35
1.0 1.9217201471328735 43
1.0 1.6168614625930786 36
1.0 1.892256259918213 45
1.0 0.7710450887680054 17
1.0 2.605825901031494 66
1.0 0.8328840732574463 17
1.0 1.2206963300704956 26
1.0 0.5075334906578064 10
1.0 0.05542421713471413 1
1.0 1.0914884805679321 22
1.0 1.0959160327911377 25
1.0 0.3223675489425659 7
1.0 2.7610983848571777 70
1.0 1.6007953882217407 38
1.0 1.7236149311065674 42
1.0 0.05542513728141785 1
1.0 1.2374370098114014 28
1.0 0.31718504428863525 6
1.0 0.0554252527654171 1
1.0 0.4634154140949249 9
1.0 1.4004360437393188 30
1.0 4.375533580780029 108
1.0 0.9633803963661194 20
1.0 3.8861989974975586 95
1.0 0.6073570847511292 12
1.0 0.8244501352310181 19
1.0 2.9899795055389404 70
1.0 2.5497753620147705 60
1.0 0.9783070683479309 21
1.0 0.7138374447822571 15
1.0 1.446245789527893 33
1.0 1.6320269107818604 35
1.0 2.077549457550049 50
1.0 0.6102443933486938 12
1.0 2.6223723888397217 64
1.0 0.3690134584903717 7
1.0 1.9772624969482422 46
1.0 0.05542474985122681 1
1.0 0.6594333052635193 13
1.0 1.4207768440246582 32
1.0 1.1558562517166138 25
1.0 0.4162224233150482 8
1.0 1.0675041675567627 22
1.0 0.7922508120536804 16
1.0 0.5591952204704285 12
1.0 0.6716051697731018 14
1.0 0.7445801496505737 17
1.0 2.66570782661438 65
1.0 0.05542547255754471 1
1.0 2.3784003257751465 59
1.0 0.612973690032959 13
1.0 1.9185194969177246 46
1.0 0.3674951195716858 7
1.0 1.6887327432632446 39
1.0 0.4042157530784607 8
1.0 0.6425973176956177 13
1.0 0.7889372110366821 17
1.0 1.0672274827957153 24
1.0 1.7030119895935059 39
1.0 0.1605743169784546 3
1.0 3.3075268268585205 76
1.0 0.6571617126464844 13
1.0 1.0040228366851807 22
1.0 1.1329606771469116 28
1.0 2.515115976333618 57
1.0 2.9024529457092285 70
1.0 0.7026926279067993 14
1.0 1.1251819133758545 25
1.0 0.05542512610554695 1
1.0 0.260137677192688 5
1.0 0.8469275236129761 18
1.0 2.477694034576416 62
1.0 3.1001980304718018 76
1.0 0.10860776901245117 2
1.0 1.2085704803466797 27
1.0 2.318601608276367 56
1.0 1.4618358612060547 34
1.0 0.8837029933929443 19
1.0 0.6773954033851624 14
1.0 0.05542493611574173 1
1.0 2.8329262733459473 65
1.0 2.2643253803253174 55
1.0 0.7296655178070068 15
1.0 3.8303260803222656 104
1.0 1.4478557109832764 30
1.0 0.4599939286708832 9
1.0 1.921525478363037 42
1.0 0.40544018149375916 8
1.0 1.2232481241226196 27
1.0 1.2310539484024048 27
1.0 0.710430920124054 15
1.0 0.534797728061676 11
1.0 2.110769033432007 55
1.0 0.7620747685432434 15
1.0 1.9535175561904907 47
1.0 1.9420748949050903 46
1.0 1.9965049028396606 48
1.0 2.3864121437072754 54
1.0 5.219412326812744 131
1.0 1.7119704484939575 39
1.0 0.952183187007904 20
1.0 1.296655535697937 30
1.0 1.899649739265442 46
1.0 0.05542503669857979 1
1.0 1.1869670152664185 26
1.0 1.0272759199142456 23
1.0 2.227837085723877 52
1.0 1.240526795387268 28
1.0 0.487464964389801 10
1.0 2.1363940238952637 45
1.0 0.9046135544776917 18
1.0 0.494458943605423 10
1.0 4.137389183044434 110
1.0 0.6802791953086853 14
1.0 0.055425357073545456 1
1.0 1.1602250337600708 26
1.0 0.10783234983682632 2
1.0 1.8620107173919678 42
1.0 0.10864409059286118 2
1.0 1.4425662755966187 32
1.0 0.9679648280143738 20
1.0 2.2689273357391357 48
1.0 0.10899432748556137 2
1.0 0.6584816575050354 13
1.0 2.4149625301361084 62
1.0 3.48893141746521 99
1.0 2.003382921218872 50
1.0 0.10834930092096329 2
1.0 0.8378379344940186 18
1.0 1.829559564590454 41
1.0 3.9202160835266113 98
1.0 1.0762333869934082 22
1.0 0.36695340275764465 7
1.0 1.3217288255691528 30
1.0 2.4746837615966797 57
1.0 0.5884749293327332 12
1.0 3.9632158279418945 108
1.0 0.3353816568851471 7
1.0 1.5508018732070923 34
1.0 0.055424969643354416 1
1.0 1.4944186210632324 33
1.0 0.7817314267158508 16
1.0 4.673130989074707 113
1.0 1.3609026670455933 31
1.0 1.1666653156280518 26
1.0 0.30867576599121094 6
1.0 2.071643352508545 45
1.0 1.5759201049804688 35
1.0 0.41019439697265625 8
1.0 1.2361135482788086 26
1.0 1.7482125759124756 39
1.0 1.2361348867416382 27
1.0 1.298369288444519 29
1.0 0.40091797709465027 8
1.0 0.5114634037017822 10
1.0 0.35849729180336 7
1.0 0.5647222995758057 11
1.0 0.9557774662971497 20
1.0 1.728813886642456 39
1.0 0.25907689332962036 5
1.0 1.76870596408844 47
1.0 0.4120466113090515 8
1.0 2.93183970451355 73
1.0 0.055425014346838 1
1.0 2.1434459686279297 53
1.0 0.055426061153411865 1
1.0 0.5608267188072205 11
1.0 0.42377743124961853 8
1.0 0.9604604840278625 20
1.0 0.7432618141174316 15
1.0 1.8758606910705566 43
1.0 0.8947158455848694 18
1.0 3.181056022644043 79
1.0 2.259448528289795 55
1.0 0.8657111525535583 18
1.0 1.5930825471878052 34
1.0 2.3617987632751465 61
1.0 0.055424995720386505 1
1.0 1.0083696842193604 22
1.0 1.3983887434005737 34
1.0 1.9914740324020386 43
1.0 2.6062963008880615 68
1.0 1.6600669622421265 37
1.0 0.6550431251525879 13
1.0 1.4236392974853516 33
1.0 0.9230255484580994 20
1.0 4.471077919006348 108
1.0 1.1914961338043213 28
1.0 1.1745480298995972 24
1.0 3.7076685428619385 94
1.0 3.421327829360962 83
1.0 2.369487762451172 54
1.0 0.4137744903564453 8
1.0 1.986801028251648 50
1.0 0.8720260262489319 19
1.0 1.0588605403900146 24
1.0 0.36682233214378357 7
1.0 0.41275539994239807 8
1.0 0.055425748229026794 1
1.0 0.10663778334856033 2
1.0 0.7933792471885681 18
1.0 4.259003639221191 117
1.0 0.10798132419586182 2
1.0 0.20628847181797028 4
1.0 0.9797250032424927 20
1.0 0.715323805809021 14
1.0 0.3653460144996643 7
1.0 0.8352722525596619 17
1.0 1.1104999780654907 23
1.0 2.32733154296875 54
1.0 2.1237406730651855 56
1.0 1.5622522830963135 37
1.0 0.9504307508468628 22
1.0 0.45014840364456177 9
1.0 0.9436810612678528 20
1.0 0.9478389620780945 20
1.0 1.2120885848999023 26
1.0 1.8704583644866943 46
1.0 1.7393733263015747 39
1.0 3.107924461364746 71
1.0 2.3129043579101562 58
1.0 2.5377542972564697 59
1.0 0.2124621719121933 4
1.0 1.8474520444869995 42
1.0 3.908586025238037 100
1.0 2.898690700531006 72
1.0 1.4513176679611206 33
1.0 1.1026216745376587 24
1.0 0.643284022808075 13
1.0 2.364495038986206 53
1.0 0.2670116126537323 5
1.0 2.363515615463257 53
1.0 0.25579652190208435 5
1.0 1.2801138162612915 28
1.0 1.6324864625930786 37
1.0 0.5613048076629639 11
1.0 0.5933422446250916 12
1.0 1.9086828231811523 41
1.0 1.440760850906372 31
1.0 1.50753653049469 33
1.0 4.64115047454834 119
1.0 1.1342263221740723 24
1.0 0.3553927540779114 7
1.0 2.5686991214752197 66
1.0 0.36747685074806213 7
1.0 0.05542546138167381 1
1.0 0.3081011474132538 6
1.0 0.31131061911582947 6
1.0 1.457062005996704 31
1.0 1.6096644401550293 38
1.0 2.2151434421539307 52
1.0 1.448000192642212 32
1.0 3.354484796524048 92
1.0 0.8739374279975891 18
1.0 4.022913932800293 106
1.0 1.8620902299880981 44
1.0 0.6213584542274475 12
1.0 0.6626064777374268 13
1.0 0.10838723927736282 2
1.0 2.451807737350464 60
1.0 0.20941606163978577 4
1.0 2.0374770164489746 47
1.0 1.9140805006027222 46
1.0 0.6370004415512085 13
1.0 3.310739278793335 86
1.0 1.145316481590271 25
1.0 0.1982843577861786 4
1.0 0.36622145771980286 7
1.0 0.055424854159355164 1
1.0 3.8857367038726807 96
1.0 1.8433637619018555 41
1.0 1.0614163875579834 22
1.0 1.8357869386672974 48
1.0 0.8330010771751404 17
1.0 0.055425114929676056 1
1.0 2.9242002964019775 83
1.0 0.916020393371582 19
1.0 0.9035781621932983 19
1.0 0.21211422979831696 4
1.0 1.6390202045440674 37
1.0 3.8883860111236572 104
1.0 3.660165548324585 100
1.0 2.091885805130005 46
1.0 1.264999270439148 28
1.0 0.7507580518722534 15
1.0 1.4259732961654663 32
1.0 0.5585110783576965 11
1.0 0.6368498802185059 13
1.0 0.5024821162223816 10
1.0 1.888571858406067 44
1.0 2.268108367919922 55
1.0 1.4851328134536743 33
1.0 1.0417606830596924 21
1.0 0.9084192514419556 20
1.0 2.852842092514038 74
1.0 0.4561000168323517 9
1.0 1.6633814573287964 40
1.0 1.1169644594192505 26
1.0 3.009793996810913 75
1.0 1.1970340013504028 28
1.0 3.824193000793457 101
1.0 0.4988570213317871 10
1.0 0.7929972410202026 16
1.0 1.9841924905776978 44
1.0 2.920478343963623 70
1.0 3.3909218311309814 87
1.0 0.7302395105361938 15
1.0 0.7090097665786743 14
1.0 0.3146860599517822 6
1.0 2.1232640743255615 51
1.0 0.6911914944648743 14
1.0 1.4946649074554443 32
1.0 0.0554252564907074 1
1.0 1.7722020149230957 39
1.0 2.6915838718414307 67
1.0 1.8329195976257324 42
1.0 0.055425629019737244 1
1.0 1.7273930311203003 39
1.0 0.21602825820446014 4
1.0 1.8692694902420044 42
1.0 0.8689804077148438 19
1.0 1.1388357877731323 25
1.0 0.8533507585525513 18
1.0 0.3660738170146942 7
1.0 1.6160173416137695 37
1.0 2.189079999923706 51
1.0 0.6177630424499512 12
1.0 0.9047989845275879 21
1.0 1.2501429319381714 27
1.0 0.7632947564125061 15
1.0 3.6001479625701904 93
1.0 0.588334321975708 12
1.0 3.572666645050049 92
1.0 0.9871288537979126 22
1.0 1.8867148160934448 42
1.0 1.570406198501587 34
1.0 1.0273383855819702 24
1.0 1.3758354187011719 36
1.0 0.9280267953872681 21
1.0 0.34556475281715393 7
1.0 0.8157685995101929 17
1.0 1.0628077983856201 22
1.0 1.2568117380142212 27
1.0 1.262378215789795 32
1.0 1.9071104526519775 50
1.0 1.7106419801712036 36
1.0 0.05542502552270889 1
1.0 1.6740034818649292 38
1.0 0.5492944717407227 11
1.0 0.3102843761444092 6
1.0 3.380221366882324 81
1.0 1.9669826030731201 48
1.0 1.299823522567749 27
1.0 0.4605250358581543 9
1.0 0.2135583460330963 4
1.0 1.4681841135025024 33
1.0 1.6613255739212036 37
1.0 2.090237617492676 48
1.0 1.1314564943313599 24
1.0 1.3367940187454224 29
1.0 0.10829493403434753 2
1.0 1.177405834197998 25
1.0 3.5311617851257324 89
1.0 0.529977560043335 11
1.0 0.2134750485420227 4
1.0 1.7426350116729736 42
1.0 1.596908450126648 36
1.0 0.2620384991168976 5
1.0 0.31320804357528687 6
1.0 2.2358169555664062 53
1.0 0.6582772731781006 13
1.0 2.638725996017456 61
1.0 1.7826857566833496 47
1.0 0.05542517080903053 1
1.0 1.420762538909912 29
1.0 0.4082305431365967 8
1.0 2.3651695251464844 59
1.0 6.303215026855469 166
1.0 0.26611146330833435 5
1.0 0.9671920537948608 23
1.0 5.035652160644531 130
1.0 0.9389575123786926 19
1.0 2.0323922634124756 52
1.0 1.913088321685791 42
1.0 2.772754430770874 74
1.0 3.1636955738067627 86
1.0 0.5511510372161865 11
1.0 0.35647785663604736 7
1.0 2.051968812942505 49
1.0 0.8792507648468018 21
1.0 1.8339539766311646 41
1.0 0.9569696187973022 20
1.0 0.40884190797805786 8
1.0 0.7786082029342651 16
1.0 1.208069086074829 29
1.0 2.5707240104675293 62
1.0 1.82783043384552 42
1.0 2.2028350830078125 57
1.0 0.6455498337745667 13
1.0 1.16813325881958 26
1.0 3.9697718620300293 105
1.0 1.0672292709350586 22
1.0 2.9790546894073486 70
1.0 1.173158049583435 25
1.0 1.8742129802703857 45
1.0 1.9290715456008911 45
1.0 2.462200403213501 60
1.0 2.805269718170166 71
1.0 0.10714354366064072 2
1.0 1.0528119802474976 24
1.0 0.5544413924217224 11
1.0 1.8358640670776367 41
1.0 0.6302279829978943 13
1.0 2.309440851211548 54
1.0 1.194854736328125 26
1.0 0.5087759494781494 10
1.0 0.3105781078338623 6
1.0 0.4025251567363739 8
1.0 1.4513390064239502 31
1.0 2.04231333732605 52
1.0 1.5252702236175537 38
1.0 0.1089203879237175 2
1.0 1.0007230043411255 21
1.0 2.097444534301758 54
1.0 1.0226874351501465 22
1.0 3.7679665088653564 101
1.0 3.04643177986145 78
1.0 0.26451194286346436 5
1.0 0.2595949172973633 5
1.0 1.7625986337661743 40
1.0 1.768990159034729 38
1.0 1.7252305746078491 40
1.0 1.8160077333450317 41
1.0 2.047887086868286 49
1.0 2.366826295852661 58
1.0 2.4730138778686523 58
1.0 2.0266051292419434 51
1.0 3.5715770721435547 84
1.0 1.539608359336853 36
1.0 0.5040258169174194 10
1.0 0.8862980604171753 18
1.0 0.10664065927267075 2
1.0 1.4710465669631958 36
1.0 0.5456437468528748 11
1.0 5.709268093109131 151
1.0 1.2847020626068115 31
1.0 1.2584670782089233 26
1.0 1.3873130083084106 31
1.0 1.102324366569519 24
1.0 2.9045791625976562 76
1.0 1.444600224494934 32
1.0 1.889617919921875 47
1.0 0.37087681889533997 7
1.0 0.4569963216781616 9
1.0 1.1368422508239746 25
1.0 1.3332328796386719 29
1.0 0.8064367175102234 17
1.0 0.36328309774398804 7
1.0 0.6464982032775879 13
1.0 2.6898722648620605 60
1.0 0.7512262463569641 16
1.0 2.157092332839966 51
1.0 0.41415539383888245 8
1.0 1.1604751348495483 26
1.0 1.6300925016403198 37
1.0 2.3561012744903564 59
1.0 1.9885296821594238 53
1.0 0.0554252564907074 1
1.0 1.0927131175994873 23
1.0 2.3720216751098633 63
1.0 2.882281541824341 72
1.0 0.841712236404419 17
1.0 1.887096643447876 41
1.0 1.0804048776626587 23
1.0 3.177778959274292 85
1.0 2.3878440856933594 61
1.0 0.40904495120048523 8
1.0 1.886849045753479 46
1.0 3.0736303329467773 77
1.0 3.914651870727539 102
1.0 2.3556125164031982 57
1.0 2.2965030670166016 55
1.0 1.2320975065231323 29
1.0 1.5706881284713745 36
1.0 3.4228100776672363 85
1.0 1.0496069192886353 23
1.0 1.3839912414550781 32
1.0 0.9681623578071594 20
1.0 0.05542539805173874 1
1.0 1.03388512134552 22
1.0 0.7842461466789246 16
1.0 0.21166573464870453 4
1.0 0.8868574500083923 20
1.0 2.316964864730835 58
1.0 5.737529754638672 157
1.0 2.142730951309204 50
1.0 2.4917473793029785 59
1.0 0.6476684212684631 13
1.0 1.2590055465698242 29
1.0 5.992414474487305 156
1.0 1.7271097898483276 38
1.0 1.8749443292617798 44
1.0 2.1107637882232666 48
1.0 2.523824453353882 63
1.0 2.0146377086639404 49
1.0 0.8425883054733276 17
1.0 1.6276391744613647 35
1.0 1.1820775270462036 26
1.0 0.7051665186882019 14
1.0 2.246009349822998 53
1.0 3.408315658569336 78
1.0 0.05542553588747978 1
1.0 1.2579820156097412 28
1.0 0.8333994150161743 17
1.0 1.058800220489502 22
1.0 2.482940196990967 58
1.0 1.6350188255310059 39
1.0 1.9786996841430664 48
1.0 1.9498927593231201 46
1.0 1.3113597631454468 31
1.0 0.6444624066352844 13
1.0 0.05542564392089844 1
1.0 1.836229681968689 46
1.0 1.7590315341949463 39
1.0 0.5122194886207581 10
1.0 0.44417935609817505 9
1.0 0.9563913941383362 20
1.0 0.40491798520088196 8
1.0 0.752886950969696 17
1.0 0.05542532727122307 1
1.0 0.055425383150577545 1
1.0 1.0887305736541748 23
1.0 0.3646467328071594 7
1.0 2.0904791355133057 46
1.0 1.0917983055114746 23
1.0 0.9311731457710266 19
1.0 0.733473539352417 15
1.0 1.0461831092834473 25
1.0 1.5835137367248535 36
1.0 1.317976474761963 28
1.0 1.6421359777450562 40
1.0 1.012542963027954 21
1.0 1.5036195516586304 34
1.0 0.8553788065910339 18
1.0 1.6607751846313477 36
1.0 0.05542442202568054 1
1.0 4.6685380935668945 123
1.0 0.2688061594963074 5
1.0 0.5845034122467041 12
1.0 2.587017774581909 65
1.0 1.6864856481552124 39
1.0 0.6539014577865601 13
1.0 1.627623438835144 36
1.0 0.1607746183872223 3
1.0 1.093692660331726 24
1.0 0.05542539805173874 1
1.0 2.992504596710205 70
1.0 1.193878412246704 28
1.0 2.0488107204437256 50
1.0 0.9347553849220276 20
1.0 2.9597065448760986 76
1.0 0.05542450025677681 1
1.0 0.055425360798835754 1
1.0 1.729026436805725 39
1.0 0.7924304008483887 17
1.0 0.31898733973503113 6
1.0 2.2532975673675537 54
1.0 0.6032091975212097 12
1.0 0.7108322381973267 14
1.0 0.8865887522697449 19
1.0 0.16230738162994385 3
1.0 2.4463307857513428 60
1.0 0.6980250477790833 15
1.0 0.3612416386604309 7
1.0 2.423192262649536 58
1.0 0.10847901552915573 2
1.0 1.5981277227401733 36
1.0 1.1553561687469482 25
1.0 0.3032931089401245 6
1.0 0.05542571842670441 1
1.0 1.0939464569091797 26
1.0 1.9364477396011353 46
1.0 0.05542459711432457 1
1.0 1.599965214729309 35
1.0 2.357475996017456 61
1.0 0.8263857364654541 18
1.0 0.6366678476333618 13
1.0 0.6737205386161804 14
1.0 1.4721786975860596 31
1.0 0.7819632291793823 16
1.0 4.957190036773682 133
1.0 0.7788550853729248 16
1.0 1.385498046875 30
1.0 0.5988856554031372 12
1.0 0.31410932540893555 6
1.0 1.151413083076477 25
1.0 1.4640127420425415 36
1.0 2.0649607181549072 49
1.0 1.889623761177063 45
1.0 2.093533754348755 54
1.0 1.1705009937286377 24
1.0 0.8754622340202332 19
1.0 2.5361275672912598 62
1.0 0.9367541670799255 20
1.0 1.129142165184021 25
1.0 0.160848468542099 3
1.0 1.3854930400848389 32
1.0 2.0799851417541504 49
1.0 0.9160770773887634 19
1.0 0.46212244033813477 9
1.0 1.1555845737457275 25
1.0 2.551100969314575 65
1.0 2.7971577644348145 68
1.0 2.5973188877105713 62
1.0 2.7794930934906006 74
1.0 0.055425725877285004 1
1.0 2.407132863998413 53
1.0 0.055425893515348434 1
1.0 1.0293608903884888 22
1.0 1.652001142501831 35
1.0 1.0710008144378662 23
1.0 0.31280946731567383 6
1.0 2.740879535675049 63
1.0 0.7421543598175049 15
1.0 0.0554259791970253 1
1.0 0.7368128895759583 17
1.0 0.7851406931877136 17
1.0 1.4052441120147705 32
1.0 1.631678581237793 39
1.0 0.31498265266418457 6
1.0 0.4602712392807007 9
1.0 3.5285873413085938 80
1.0 2.4577407836914062 61
1.0 2.8867695331573486 65
1.0 0.7044394016265869 15
1.0 0.6931212544441223 14
1.0 0.6442261934280396 13
1.0 2.471012830734253 59
1.0 1.0673655271530151 23
1.0 0.44356217980384827 9
1.0 2.2387046813964844 57
1.0 0.055425580590963364 1
1.0 0.9526522159576416 20
1.0 3.1388320922851562 80
1.0 1.0365010499954224 25
1.0 0.38694649934768677 8
1.0 1.4093610048294067 33
1.0 2.472033739089966 69
1.0 2.658348321914673 76
1.0 7.670987129211426 208
1.0 0.05542592331767082 1
1.0 0.7199133038520813 15
1.0 2.347276210784912 54
1.0 1.7023165225982666 37
1.0 1.7221699953079224 37
1.0 1.5188298225402832 36
1.0 0.20796291530132294 4
1.0 0.5121660828590393 10
1.0 0.4579242169857025 9
1.0 1.5321086645126343 35
1.0 0.05542607977986336 1
1.0 0.40671947598457336 8
1.0 1.7729793787002563 37
1.0 1.043628454208374 22
1.0 0.8860329389572144 20
1.0 0.055426452308893204 1
1.0 0.055424898862838745 1
1.0 2.626850128173828 64
1.0 1.676040768623352 46
1.0 0.8788524866104126 17
1.0 4.518786907196045 115
1.0 2.7421300411224365 74
1.0 1.3769314289093018 29
1.0 1.7744084596633911 40
1.0 1.099407434463501 23
1.0 1.4400469064712524 32
1.0 2.2493033409118652 49
1.0 0.9839432835578918 21
1.0 1.2662060260772705 26
1.0 2.3181638717651367 58
1.0 0.9099103212356567 20
1.0 2.3922345638275146 56
1.0 0.055425193160772324 1
1.0 0.055426161736249924 1
1.0 0.6531564593315125 13
1.0 2.1421875953674316 51
1.0 0.10801828652620316 2
1.0 1.2569869756698608 28
1.0 0.7991861701011658 17
1.0 0.05542483180761337 1
1.0 2.209242343902588 53
1.0 2.601696491241455 64
1.0 2.141331434249878 51
1.0 1.75094735622406 39
1.0 0.948657751083374 21
1.0 0.9279740452766418 19
1.0 0.9134905338287354 20
1.0 1.2400273084640503 27
1.0 1.9337313175201416 44
1.0 1.3981471061706543 32
1.0 0.05542496591806412 1
1.0 0.055425286293029785 1
1.0 0.6583712697029114 13
1.0 2.556980848312378 67
1.0 1.1300437450408936 23
1.0 2.653968095779419 67
1.0 2.963225841522217 69
1.0 1.807320237159729 39
1.0 0.6863797307014465 14
1.0 2.2144970893859863 52
1.0 0.2643188536167145 5
1.0 1.4011214971542358 30
1.0 0.7362901568412781 15
1.0 1.2357124090194702 28
1.0 2.640817642211914 65
1.0 1.1927778720855713 26
1.0 0.9770276546478271 21
1.0 2.127207040786743 46
1.0 0.10926954448223114 2
1.0 0.6498618721961975 13
1.0 1.94937002658844 44
1.0 0.055425167083740234 1
1.0 2.37589430809021 58
1.0 0.7405833601951599 15
1.0 0.7822060585021973 16
1.0 0.6133661866188049 12
1.0 0.6520249247550964 13
1.0 1.2007783651351929 26
1.0 0.7631993293762207 16
1.0 2.377300500869751 63
1.0 2.4696578979492188 60
1.0 0.7809610962867737 17
1.0 2.323312759399414 53
1.0 1.8909237384796143 47
1.0 2.2133991718292236 50
1.0 0.05542527884244919 1
1.0 1.6932705640792847 39
1.0 1.332854986190796 30
1.0 0.15989893674850464 3
1.0 1.1139434576034546 24
1.0 0.0554257370531559 1
1.0 2.351550817489624 53
1.0 1.2359044551849365 27
1.0 0.6130955815315247 12
1.0 0.9047943353652954 19
1.0 2.2722034454345703 52
1.0 0.5687083601951599 11
1.0 0.3581431210041046 8
1.0 2.5538415908813477 62
1.0 1.3199310302734375 29
1.0 0.8675644397735596 19
1.0 1.217272400856018 25
1.0 0.40814483165740967 8
1.0 0.6478015780448914 13
1.0 3.2100331783294678 89
1.0 2.1683719158172607 50
1.0 0.5835455060005188 12
1.0 0.3140309154987335 6
1.0 2.4388058185577393 58
1.0 0.6125673651695251 12
1.0 0.3085293769836426 6
1.0 5.102713584899902 132
1.0 0.8292766809463501 20
1.0 1.0049266815185547 22
1.0 2.6600513458251953 63
1.0 1.7905398607254028 45
1.0 2.9361655712127686 73
1.0 0.6837517023086548 14
1.0 0.5945320129394531 12
1.0 1.7832753658294678 40
1.0 2.204697370529175 58
1.0 1.0724265575408936 22
1.0 0.055424876511096954 1
1.0 1.0787818431854248 22
1.0 0.5621137022972107 11
1.0 1.173864483833313 25
1.0 0.05542520433664322 1
1.0 0.5233042240142822 10
1.0 0.05542478710412979 1
1.0 0.424250990152359 8
1.0 1.5525816679000854 34
1.0 2.420776128768921 60
1.0 1.6716312170028687 37
1.0 0.21030505001544952 4
1.0 3.0616283416748047 71
1.0 0.3630519509315491 7
1.0 2.4893219470977783 59
1.0 1.0277440547943115 21
1.0 0.6591725945472717 13
1.0 1.4028434753417969 31
1.0 0.21142655611038208 4
1.0 0.7389126420021057 16
1.0 2.7800986766815186 70
1.0 1.2358636856079102 27
1.0 1.3980098962783813 31
1.0 0.6936061978340149 14
1.0 3.4913923740386963 91
1.0 1.586395502090454 40
1.0 0.8030422329902649 17
1.0 3.277266263961792 81
1.0 0.05542513728141785 1
1.0 1.13136625289917 25
1.0 0.5140112042427063 10
1.0 1.209355354309082 27
1.0 1.2742799520492554 30
1.0 2.826737880706787 68
1.0 0.16087061166763306 3
1.0 1.8243072032928467 48
1.0 2.2145230770111084 49
1.0 0.9684733748435974 20
1.0 1.3156453371047974 29
1.0 4.12836217880249 108
1.0 2.423044443130493 58
1.0 0.5044685006141663 10
1.0 0.6024749875068665 12
1.0 0.49126261472702026 10
1.0 1.5641745328903198 35
1.0 1.1418620347976685 24
1.0 1.101068139076233 25
1.0 1.3018041849136353 30
1.0 2.2270588874816895 55
1.0 0.8783836960792542 20
1.0 1.4528405666351318 31
1.0 0.40175139904022217 8
1.0 4.391872882843018 106
1.0 0.9216898679733276 21
1.0 0.517300546169281 11
1.0 1.1543258428573608 24
1.0 0.7012302875518799 14
1.0 1.6422199010849 42
1.0 5.088980674743652 122
1.0 0.8177918791770935 17
1.0 1.6843773126602173 38
1.0 1.052718997001648 22
1.0 1.142906904220581 25
1.0 0.7800057530403137 16
1.0 1.511270523071289 34
1.0 2.9812676906585693 81
1.0 0.7885609269142151 16
1.0 2.3859469890594482 56
1.0 1.823514699935913 43
1.0 2.2809090614318848 57
1.0 1.1214148998260498 25
1.0 0.3632240295410156 7
1.0 1.7060165405273438 38
1.0 1.0646600723266602 22
1.0 0.15796251595020294 3
1.0 0.45329344272613525 9
1.0 2.5853734016418457 59
1.0 1.7226639986038208 39
1.0 1.0599420070648193 22
1.0 0.9283866286277771 19
1.0 2.015254020690918 46
1.0 3.020711898803711 77
1.0 1.9598392248153687 46
1.0 1.2603862285614014 29
1.0 1.192903995513916 25
1.0 1.781632661819458 41
1.0 1.3540351390838623 32
1.0 2.5043768882751465 62
1.0 4.259914398193359 109
1.0 1.1382418870925903 25
1.0 0.6316792368888855 12
1.0 0.8734895586967468 18
1.0 0.7975636124610901 17
1.0 2.866687536239624 72
1.0 2.1287317276000977 51
1.0 2.541437864303589 64
1.0 0.3652913272380829 7
1.0 2.6961159706115723 68
1.0 1.468899130821228 36
1.0 0.668718159198761 14
1.0 0.055425845086574554 1
1.0 2.1514618396759033 54
1.0 2.3922533988952637 59
1.0 2.807703971862793 72
1.0 1.7136458158493042 40
1.0 4.0383620262146 98
1.0 2.2038824558258057 51
1.0 0.43600210547447205 9
1.0 3.3772969245910645 86
1.0 1.12044358253479 27
1.0 4.786935806274414 120
1.0 0.9547770023345947 20
1.0 0.21340788900852203 4
1.0 0.501157820224762 10
1.0 1.347099781036377 31
1.0 0.16225959360599518 3
1.0 2.3680689334869385 54
1.0 2.435105323791504 62
