1 0.017500001937150955 0.009999999776482582 1.750000238418579 10.000004768371582 3.7595138549804688
2 0.013500000350177288 0.010555555112659931 1.2789474725723267 12.7000150680542 3.4451065063476562
3 0.010500000789761543 0.009999999776482582 1.0500000715255737 8.29999828338623 2.5622975826263428
4 0.011500000953674316 0.009444444440305233 1.2176471948623657 7.0999979972839355 5.775444030761719
5 0.015500000678002834 0.009999999776482582 1.5500000715255737 8.699999809265137 3.7400779724121094
6 0.014500000514090061 0.009444444440305233 1.5352941751480103 9.400002479553223 3.305483818054199
7 0.017500001937150955 0.009444444440305233 1.8529413938522339 8.499999046325684 2.859752655029297
8 0.016499999910593033 0.009444444440305233 1.7470588684082031 6.599998474121094 1.4910398721694946
9 0.015500000678002834 0.009444444440305233 1.6411765813827515 13.000016212463379 0.0
10 0.015500000678002834 0.009999999776482582 1.5500000715255737 8.59999942779541 2.390497922897339
11 0.014500000514090061 0.009999999776482582 1.4500000476837158 14.000020027160645 6.741559028625488
12 0.013000000268220901 0.009444444440305233 1.3764705657958984 11.000008583068848 0.0
13 0.01600000075995922 0.010555555112659931 1.5157896280288696 9.20000171661377 2.2623324394226074
14 0.01600000075995922 0.010555555112659931 1.5157896280288696 15.90002727508545 0.0
15 0.01600000075995922 0.009999999776482582 1.6000001430511475 11.000008583068848 3.3918721675872803
16 0.014500000514090061 0.009444444440305233 1.5352941751480103 7.999997138977051 2.99371600151062
17 0.01600000075995922 0.009999999776482582 1.6000001430511475 9.400002479553223 2.840503692626953
18 0.01850000023841858 0.009999999776482582 1.850000023841858 10.900008201599121 3.161569356918335
19 0.007000000216066837 0.009444444440305233 0.7411764860153198 6.699998378753662 0.0
20 0.026000000536441803 0.010555555112659931 2.463158130645752 9.700003623962402 3.0139827728271484
21 0.01900000125169754 0.009999999776482582 1.9000002145767212 5.799999237060547 3.4664270877838135
22 0.007500000298023224 0.009999999776482582 0.7500000596046448 7.499997615814209 2.5533015727996826
23 0.008500000461935997 0.010555555112659931 0.8052632212638855 7.699997425079346 3.672271251678467
24 0.023000001907348633 0.009999999776482582 2.3000001907348633 13.300017356872559 3.667145252227783
25 0.01900000125169754 0.009999999776482582 1.9000002145767212 4.600000381469727 0.0
26 0.012000000104308128 0.009999999776482582 1.2000000476837158 14.900023460388184 6.4705376625061035
27 0.008500000461935997 0.009444444440305233 0.9000000357627869 7.299997806549072 4.779940128326416
28 0.006500000134110451 0.009444444440305233 0.6882352828979492 10.800007820129395 0.0
29 0.015000000596046448 0.010555555112659931 1.4210526943206787 13.300017356872559 0.0
30 0.017500001937150955 0.009444444440305233 1.8529413938522339 7.299997806549072 0.0
31 0.01600000075995922 0.009999999776482582 1.6000001430511475 12.40001392364502 3.4329371452331543
32 0.014500000514090061 0.009999999776482582 1.4500000476837158 6.599998474121094 1.7010799646377563
33 0.007500000298023224 0.009999999776482582 0.7500000596046448 12.200013160705566 3.4778151512145996
34 0.016499999910593033 0.010555555112659931 1.5631579160690308 10.800007820129395 4.472289085388184
35 0.013000000268220901 0.009999999776482582 1.3000000715255737 12.800015449523926 0.0
36 0.010500000789761543 0.009444444440305233 1.1117647886276245 13.700018882751465 3.374596118927002
37 0.009999999776482582 0.010555555112659931 0.9473684430122375 7.499997615814209 0.0
38 0.01600000075995922 0.009999999776482582 1.6000001430511475 9.100001335144043 3.317415952682495
39 0.017500001937150955 0.009999999776482582 1.750000238418579 6.899998188018799 2.4991044998168945
40 0.010500000789761543 0.009999999776482582 1.0500000715255737 8.800000190734863 2.2140843868255615
41 0.023000001907348633 0.009444444440305233 2.4352943897247314 7.699997425079346 2.694807529449463
42 0.018000001087784767 0.009999999776482582 1.8000001907348633 8.499999046325684 2.290637731552124
43 0.021000001579523087 0.010555555112659931 1.9894739389419556 5.099999904632568 0.0
44 0.023500001057982445 0.010555555112659931 2.226315975189209 11.80001163482666 5.476475715637207
45 0.01850000023841858 0.009444444440305233 1.958823561668396 8.499999046325684 2.0779008865356445
46 0.023500001057982445 0.010555555112659931 2.226315975189209 8.499999046325684 2.8254148960113525
47 0.017500001937150955 0.009444444440305233 1.8529413938522339 8.099997520446777 2.5536954402923584
48 0.027000002562999725 0.009444444440305233 2.858823776245117 12.40001392364502 3.651031970977783
49 0.016499999910593033 0.009999999776482582 1.649999976158142 11.50001049041748 0.0
50 0.02250000089406967 0.010555555112659931 2.1315791606903076 5.899999141693115 0.0
51 0.013000000268220901 0.010555555112659931 1.231579065322876 9.300002098083496 2.354609727859497
52 0.012000000104308128 0.009444444440305233 1.2705882787704468 10.600007057189941 3.9449918270111084
53 0.013500001281499863 0.009444444440305233 1.4294118881225586 10.700007438659668 0.0
54 0.018000001087784767 0.009444444440305233 1.905882477760315 8.099997520446777 2.6777405738830566
55 0.01250000111758709 0.009444444440305233 1.3235294818878174 14.70002269744873 0.0
56 0.021000001579523087 0.010555555112659931 1.9894739389419556 13.200016975402832 0.0
57 0.020000001415610313 0.010555555112659931 1.8947370052337646 15.00002384185791 0.0
58 0.01900000125169754 0.009999999776482582 1.9000002145767212 9.300002098083496 3.1243085861206055
59 0.008500000461935997 0.009444444440305233 0.9000000357627869 7.599997520446777 1.7511872053146362
60 0.013000000268220901 0.009444444440305233 1.3764705657958984 6.599998474121094 0.0
61 0.013000000268220901 0.010555555112659931 1.231579065322876 12.800015449523926 0.0
62 0.03150000050663948 0.010555555112659931 2.984210729598999 0.5000025033950806 0.0
63 0.03750000149011612 0.009999999776482582 3.750000238418579 3.100001811981201 1.6497492790222168
64 0.015500000678002834 0.010555555112659931 1.468421220779419 5.999999046325684 0.0
65 0.012000000104308128 0.009444444440305233 1.2705882787704468 12.40001392364502 0.0
66 0.01850000023841858 0.009444444440305233 1.958823561668396 4.600000381469727 1.744087815284729
67 0.006000000052154064 0.009444444440305233 0.6352941393852234 9.100001335144043 0.0
68 0.013000000268220901 0.009444444440305233 1.3764705657958984 8.399998664855957 2.108140707015991
69 0.007000000216066837 0.010555555112659931 0.6631579399108887 8.800000190734863 3.8472864627838135
70 0.020000001415610313 0.009444444440305233 2.117647171020508 14.100020408630371 6.064227104187012
71 0.010000000707805157 0.009444444440305233 1.058823585510254 9.900004386901855 3.221923589706421
72 0.010000000707805157 0.010555555112659931 0.9473685026168823 23.400054931640625 0.0
73 0.021000001579523087 0.009444444440305233 2.223529577255249 12.000012397766113 0.0
74 0.014000000432133675 0.010555555112659931 1.3263158798217773 5.499999523162842 0.0
75 0.016499999910593033 0.009444444440305233 1.7470588684082031 9.300002098083496 2.60799503326416
76 0.016499999910593033 0.010555555112659931 1.5631579160690308 14.200020790100098 0.0
77 0.013500000350177288 0.009444444440305233 1.429411768913269 9.400002479553223 0.0
78 0.013500000350177288 0.010555555112659931 1.2789474725723267 10.000004768371582 2.608619213104248
79 0.01900000125169754 0.009999999776482582 1.9000002145767212 7.499997615814209 0.0
80 0.018000001087784767 0.009444444440305233 1.905882477760315 13.900019645690918 0.0
81 0.017500001937150955 0.009444444440305233 1.8529413938522339 8.699999809265137 3.501763105392456
82 0.01600000075995922 0.009444444440305233 1.694117784500122 10.700007438659668 3.732261896133423
83 0.014000000432133675 0.009999999776482582 1.4000000953674316 22.200050354003906 7.349119663238525
84 0.020000001415610313 0.009444444440305233 2.117647171020508 9.400002479553223 3.523456335067749
85 0.013000000268220901 0.010555555112659931 1.231579065322876 10.000004768371582 3.465726852416992
86 0.016499999910593033 0.010555555112659931 1.5631579160690308 12.7000150680542 3.282130002975464
87 0.020500000566244125 0.010555555112659931 1.9421054124832153 12.7000150680542 3.645437717437744
88 0.015500001609325409 0.009444444440305233 1.641176700592041 6.599998474121094 4.630817890167236
89 0.01250000111758709 0.009999999776482582 1.2500001192092896 13.400017738342285 4.349933624267578
90 0.012500000186264515 0.009444444440305233 1.3235294818878174 8.399998664855957 2.358412742614746
91 0.015000000596046448 0.009444444440305233 1.5882353782653809 7.599997520446777 0.0
92 0.02250000089406967 0.009444444440305233 2.3823530673980713 11.700011253356934 0.0
93 0.01250000111758709 0.010555555112659931 1.1842106580734253 4.500000476837158 0.0
94 0.014000000432133675 0.009444444440305233 1.4823529720306396 8.199997901916504 0.0
95 0.00950000062584877 0.010555555112659931 0.9000000953674316 10.300005912780762 0.0
96 0.014500000514090061 0.009999999776482582 1.4500000476837158 13.900019645690918 3.9421608448028564
97 0.02250000089406967 0.010555555112659931 2.1315791606903076 2.9000020027160645 1.035246729850769
98 0.014000000432133675 0.009999999776482582 1.4000000953674316 14.900023460388184 0.0
99 0.021000001579523087 0.009444444440305233 2.223529577255249 10.100005149841309 2.3023929595947266
100 0.012000000104308128 0.009444444440305233 1.2705882787704468 8.59999942779541 3.981656312942505
101 0.01850000023841858 0.009999999776482582 1.850000023841858 10.700007438659668 0.0
102 0.011500000953674316 0.009444444440305233 1.2176471948623657 14.40002155303955 6.0010576248168945
103 0.017000000923871994 0.009444444440305233 1.8000000715255737 15.90002727508545 4.837103843688965
104 0.016499999910593033 0.010555555112659931 1.5631579160690308 15.100024223327637 4.910610198974609
105 1.0 0.9711111187934875 1.0297483205795288 -94.89912414550781 0.02800000086426735
106 0.015000000596046448 0.009999999776482582 1.5000001192092896 5.999999046325684 1.2397289276123047
107 0.023500001057982445 0.009444444440305233 2.4882354736328125 10.100005149841309 2.2848620414733887
108 0.01600000075995922 0.009444444440305233 1.694117784500122 9.100001335144043 0.0
109 0.014500000514090061 0.009999999776482582 1.4500000476837158 12.300013542175293 0.0
110 0.02500000223517418 0.009999999776482582 2.500000238418579 9.400002479553223 0.0
111 0.010999999940395355 0.009999999776482582 1.100000023841858 10.600007057189941 3.1619625091552734
112 0.01600000075995922 0.009444444440305233 1.694117784500122 7.599997520446777 0.0
113 0.00950000062584877 0.009444444440305233 1.0058823823928833 6.299998760223389 5.251585006713867
114 0.017000000923871994 0.010555555112659931 1.610526442527771 6.19999885559082 3.421759605407715
115 0.015500000678002834 0.010555555112659931 1.468421220779419 5.399999618530273 0.0
116 0.9990000128746033 0.9172222018241882 1.0891581773757935 -94.89912414550781 0.02800000086426735
117 0.01600000075995922 0.009444444440305233 1.694117784500122 7.0999979972839355 3.804081916809082
118 0.015000000596046448 0.009444444440305233 1.5882353782653809 12.800015449523926 0.0
119 0.01850000023841858 0.009444444440305233 1.958823561668396 6.399998664855957 1.8968424797058105
120 0.015500000678002834 0.009999999776482582 1.5500000715255737 6.999998092651367 2.7275655269622803
121 0.01600000075995922 0.009999999776482582 1.6000001430511475 15.700026512145996 5.359588146209717
122 0.027499999850988388 0.009444444440305233 2.911764621734619 4.900000095367432 0.0
123 0.014000000432133675 0.009999999776482582 1.4000000953674316 7.799997329711914 1.9596357345581055
124 0.020000001415610313 0.009444444440305233 2.117647171020508 12.10001277923584 4.895483016967773
125 0.021500002592802048 0.010555555112659931 2.0368423461914062 5.59999942779541 1.4946852922439575
126 0.017500001937150955 0.009444444440305233 1.8529413938522339 2.7000021934509277 0.0
127 0.01600000075995922 0.009999999776482582 1.6000001430511475 8.59999942779541 0.0
128 0.014000000432133675 0.009999999776482582 1.4000000953674316 17.500032424926758 4.730954170227051
129 0.014500000514090061 0.009444444440305233 1.5352941751480103 14.900023460388184 3.638441324234009
130 0.015500000678002834 0.009999999776482582 1.5500000715255737 14.800023078918457 4.501976013183594
131 0.01100000087171793 0.009999999776482582 1.1000001430511475 13.400017738342285 0.0
132 0.014500001445412636 0.009444444440305233 1.5352942943572998 12.000012397766113 3.553483009338379
133 0.012000000104308128 0.009999999776482582 1.2000000476837158 15.200024604797363 3.540623903274536
134 0.01600000075995922 0.010555555112659931 1.5157896280288696 6.099998950958252 0.0
135 0.005499999970197678 0.010555555112659931 0.5210526585578918 12.10001277923584 3.0014162063598633
136 0.017500001937150955 0.009444444440305233 1.8529413938522339 10.200005531311035 2.9643402099609375
137 0.018000001087784767 0.009444444440305233 1.905882477760315 12.300013542175293 0.0
138 0.019999999552965164 0.009444444440305233 2.1176469326019287 12.7000150680542 0.0
139 0.020500000566244125 0.010555555112659931 1.9421054124832153 13.100016593933105 3.7924954891204834
140 0.0195000022649765 0.009999999776482582 1.950000286102295 5.999999046325684 2.044483184814453
141 0.010999999940395355 0.009444444440305233 1.1647058725357056 8.800000190734863 2.3033928871154785
142 0.01600000075995922 0.009444444440305233 1.694117784500122 11.2000093460083 3.2668933868408203
143 0.012000000104308128 0.010555555112659931 1.136842131614685 11.50001049041748 0.0
144 0.017500001937150955 0.010555555112659931 1.6578949689865112 10.600007057189941 2.436732530593872
145 0.016500001773238182 0.009999999776482582 1.6500002145767212 11.600010871887207 2.7917826175689697
146 0.015500000678002834 0.009999999776482582 1.5500000715255737 8.399998664855957 2.0618398189544678
147 0.010999999940395355 0.009999999776482582 1.100000023841858 10.700007438659668 0.0
148 0.008999999612569809 0.009444444440305233 0.9529411196708679 20.700044631958008 5.704134941101074
149 0.016499999910593033 0.009444444440305233 1.7470588684082031 13.400017738342285 0.0
150 0.007000000216066837 0.004999999888241291 1.4000000953674316 0.3000025153160095 0.5312666893005371
151 0.017000000923871994 0.010555555112659931 1.610526442527771 10.100005149841309 2.375836133956909
152 0.020000001415610313 0.010555555112659931 1.8947370052337646 2.9000020027160645 1.1500470638275146
153 0.014000000432133675 0.010555555112659931 1.3263158798217773 13.200016975402832 3.8560922145843506
154 0.01549999974668026 0.010555555112659931 1.4684211015701294 7.999997138977051 0.0
155 0.013500000350177288 0.010555555112659931 1.2789474725723267 6.999998092651367 1.7833682298660278
156 0.010500000789761543 0.010555555112659931 0.9947369694709778 12.7000150680542 4.534432411193848
157 0.018000001087784767 0.009999999776482582 1.8000001907348633 8.199997901916504 2.6253366470336914
158 0.015500000678002834 0.009999999776482582 1.5500000715255737 12.40001392364502 0.0
159 0.013500000350177288 0.009444444440305233 1.429411768913269 5.399999618530273 0.0
160 0.02250000089406967 0.009999999776482582 2.250000238418579 9.400002479553223 2.5187900066375732
161 0.01250000111758709 0.009444444440305233 1.3235294818878174 5.499999523162842 4.714062690734863
162 0.013500000350177288 0.009999999776482582 1.350000023841858 11.700011253356934 4.3512043952941895
163 0.014000000432133675 0.009444444440305233 1.4823529720306396 21.400047302246094 6.994943141937256
164 0.01900000125169754 0.009444444440305233 2.0117647647857666 12.300013542175293 3.4618003368377686
165 0.012000000104308128 0.009444444440305233 1.2705882787704468 8.90000057220459 2.311187267303467
166 0.015000000596046448 0.009444444440305233 1.5882353782653809 15.00002384185791 5.009700298309326
167 0.014500000514090061 0.009999999776482582 1.4500000476837158 8.099997520446777 2.9262421131134033
168 0.019999999552965164 0.010555555112659931 1.894736886024475 8.90000057220459 0.0
169 0.014000000432133675 0.009999999776482582 1.4000000953674316 11.400010108947754 3.1228368282318115
170 0.013000000268220901 0.009999999776482582 1.3000000715255737 7.799997329711914 2.8947644233703613
171 0.012000000104308128 0.009444444440305233 1.2705882787704468 9.000000953674316 2.4929120540618896
172 0.015500000678002834 0.009444444440305233 1.6411765813827515 5.6999993324279785 0.0
173 0.012000000104308128 0.009999999776482582 1.2000000476837158 8.800000190734863 0.0
174 0.01250000111758709 0.009999999776482582 1.2500001192092896 10.400006294250488 2.871903896331787
175 0.013000000268220901 0.009444444440305233 1.3764705657958984 15.60002613067627 0.0
176 0.017000000923871994 0.009444444440305233 1.8000000715255737 1.100002646446228 0.5283330678939819
177 0.011500000953674316 0.009999999776482582 1.1500000953674316 8.29999828338623 2.908323049545288
178 0.020000001415610313 0.009999999776482582 2.000000238418579 8.199997901916504 2.04673171043396
179 0.013500000350177288 0.009999999776482582 1.350000023841858 10.500006675720215 3.2941365242004395
180 0.013500000350177288 0.009999999776482582 1.350000023841858 8.499999046325684 5.14628791809082
181 0.012000000104308128 0.009444444440305233 1.2705882787704468 8.59999942779541 2.9465341567993164
182 0.011500000953674316 0.009444444440305233 1.2176471948623657 14.200020790100098 3.667572259902954
183 0.014500001445412636 0.009999999776482582 1.4500001668930054 10.900008201599121 3.868643045425415
184 0.009000000543892384 0.009999999776482582 0.9000000953674316 19.600040435791016 5.203081130981445
185 0.00950000062584877 0.010555555112659931 0.9000000953674316 8.699999809265137 0.0
186 0.021000001579523087 0.010555555112659931 1.9894739389419556 7.199997901916504 1.7018194198608398
187 0.021000001579523087 0.009999999776482582 2.1000001430511475 17.600032806396484 3.5760252475738525
188 0.013500000350177288 0.009444444440305233 1.429411768913269 5.499999523162842 0.0
189 0.016499999910593033 0.009999999776482582 1.649999976158142 16.400028228759766 4.4296488761901855
190 0.010000000707805157 0.010555555112659931 0.9473685026168823 5.6999993324279785 1.4868422746658325
191 0.017500001937150955 0.010555555112659931 1.6578949689865112 8.59999942779541 2.346656084060669
192 0.01600000075995922 0.009444444440305233 1.694117784500122 5.6999993324279785 1.3021516799926758
193 0.017500001937150955 0.009444444440305233 1.8529413938522339 9.300002098083496 3.4846818447113037
194 0.012000000104308128 0.009444444440305233 1.2705882787704468 4.900000095367432 1.2914084196090698
195 0.00800000037997961 0.009444444440305233 0.847058892250061 9.600003242492676 4.414983749389648
196 0.012000000104308128 0.009444444440305233 1.2705882787704468 0.8000025749206543 1.1588772535324097
197 0.011500000953674316 0.009999999776482582 1.1500000953674316 9.600003242492676 2.6130924224853516
198 0.010500000789761543 0.009444444440305233 1.1117647886276245 10.700007438659668 0.0
199 0.006500000134110451 0.009999999776482582 0.6500000357627869 7.399997711181641 2.7421865463256836
200 0.014500000514090061 0.009999999776482582 1.4500000476837158 9.400002479553223 5.002851486206055
201 0.011500000953674316 0.009444444440305233 1.2176471948623657 8.499999046325684 2.8202171325683594
202 0.013000000268220901 0.009999999776482582 1.3000000715255737 18.00003433227539 0.0
203 0.02200000174343586 0.009444444440305233 2.3294119834899902 8.499999046325684 2.207271099090576
204 0.020000001415610313 0.010555555112659931 1.8947370052337646 6.899998188018799 2.001893997192383
205 0.008999999612569809 0.010555555112659931 0.8526315689086914 8.90000057220459 0.0
206 0.017000000923871994 0.009444444440305233 1.8000000715255737 8.699999809265137 0.0
207 0.015500000678002834 0.009444444440305233 1.6411765813827515 11.100008964538574 0.0
208 0.013500000350177288 0.009444444440305233 1.429411768913269 11.300009727478027 0.0
209 0.016499999910593033 0.010555555112659931 1.5631579160690308 19.000038146972656 4.900385856628418
210 0.015000000596046448 0.010555555112659931 1.4210526943206787 5.499999523162842 0.0
211 0.014500000514090061 0.010555555112659931 1.373684287071228 8.099997520446777 2.531747341156006
212 0.015000000596046448 0.009999999776482582 1.5000001192092896 5.099999904632568 0.0
213 0.013500000350177288 0.009999999776482582 1.350000023841858 9.400002479553223 0.0
214 0.021000001579523087 0.009999999776482582 2.1000001430511475 9.600003242492676 2.3801779747009277
215 0.015500000678002834 0.010555555112659931 1.468421220779419 7.699997425079346 1.5807392597198486
216 0.010000000707805157 0.009999999776482582 1.0000001192092896 5.799999237060547 2.170755624771118
217 0.01250000111758709 0.009444444440305233 1.3235294818878174 16.700029373168945 4.636654376983643
218 1.0 0.9711111187934875 1.0297483205795288 -94.89912414550781 0.02800000086426735
219 0.0195000022649765 0.009999999776482582 1.950000286102295 7.999997615814209 4.020366191864014
220 0.00950000062584877 0.010555555112659931 0.9000000953674316 6.19999885559082 1.9953157901763916
221 0.020000001415610313 0.009999999776482582 2.000000238418579 8.499999046325684 3.2102887630462646
222 0.015000000596046448 0.009999999776482582 1.5000001192092896 10.700007438659668 3.4554080963134766
223 0.014000000432133675 0.010555555112659931 1.3263158798217773 17.800033569335938 5.646813869476318
224 0.015500000678002834 0.010555555112659931 1.468421220779419 13.400017738342285 3.8673343658447266
225 0.01600000075995922 0.009999999776482582 1.6000001430511475 5.299999713897705 1.2927736043930054
226 0.01600000075995922 0.009444444440305233 1.694117784500122 10.000004768371582 3.072012424468994
227 0.01850000023841858 0.009999999776482582 1.850000023841858 15.200024604797363 0.0
228 0.018000001087784767 0.010555555112659931 1.705263376235962 7.299997806549072 2.1210103034973145
229 0.01900000125169754 0.009444444440305233 2.0117647647857666 11.100008964538574 3.0155229568481445
230 0.017000000923871994 0.009999999776482582 1.7000001668930054 6.499998569488525 2.3888909816741943
231 0.023000001907348633 0.010555555112659931 2.178947687149048 9.600003242492676 0.0
232 0.014000000432133675 0.009444444440305233 1.4823529720306396 8.499999046325684 2.1422617435455322
233 0.013000000268220901 0.009444444440305233 1.3764705657958984 8.29999828338623 4.115601062774658
234 0.020500000566244125 0.010555555112659931 1.9421054124832153 2.4000024795532227 2.1544034481048584
235 0.013500001281499863 0.009444444440305233 1.4294118881225586 6.399998664855957 2.319491147994995
236 0.02800000086426735 0.010555555112659931 2.6526317596435547 3.300001621246338 2.6787776947021484
237 0.008500000461935997 0.009444444440305233 0.9000000357627869 16.30002784729004 4.0977067947387695
238 0.020500000566244125 0.009444444440305233 2.170588254928589 15.30002498626709 0.0
239 0.014500000514090061 0.009444444440305233 1.5352941751480103 13.600018501281738 3.8360140323638916
240 0.018000001087784767 0.009999999776482582 1.8000001907348633 10.000004768371582 2.5803511142730713
241 0.020500000566244125 0.009999999776482582 2.0500001907348633 9.700003623962402 2.7954254150390625
242 0.011500000953674316 0.009444444440305233 1.2176471948623657 2.1000027656555176 1.1759833097457886
243 0.01900000125169754 0.009444444440305233 2.0117647647857666 13.000016212463379 2.6768369674682617
244 0.014500000514090061 0.009444444440305233 1.5352941751480103 11.80001163482666 2.266972541809082
245 0.016499999910593033 0.010555555112659931 1.5631579160690308 7.799997329711914 2.6433606147766113
246 0.01900000125169754 0.010555555112659931 1.8000001907348633 5.0 2.640134572982788
247 0.013500000350177288 0.009999999776482582 1.350000023841858 20.800045013427734 5.713746547698975
248 1.0 0.929444432258606 1.075911521911621 -94.89912414550781 0.02800000086426735
249 0.017500001937150955 0.010555555112659931 1.6578949689865112 11.700011253356934 0.0
250 0.016499999910593033 0.009444444440305233 1.7470588684082031 10.300005912780762 3.285529851913452
251 0.018000001087784767 0.009999999776482582 1.8000001907348633 5.099999904632568 0.0
252 0.019999999552965164 0.010555555112659931 1.894736886024475 5.899999141693115 1.692599892616272
253 0.018000001087784767 0.009444444440305233 1.905882477760315 11.300009727478027 2.3795673847198486
254 0.01850000023841858 0.009444444440305233 1.958823561668396 10.200005531311035 3.0970184803009033
255 0.023500001057982445 0.009999999776482582 2.3500001430511475 5.0 1.7957669496536255
256 0.018000001087784767 0.009999999776482582 1.8000001907348633 6.7999982833862305 0.0
257 0.012500000186264515 0.010555555112659931 1.1842105388641357 11.000008583068848 0.0
258 0.014500000514090061 0.010555555112659931 1.373684287071228 5.6999993324279785 3.011060953140259
259 0.006500000134110451 0.009444444440305233 0.6882352828979492 19.100038528442383 5.535004138946533
260 0.010500000789761543 0.009444444440305233 1.1117647886276245 3.000001907348633 0.0
261 0.024000000208616257 0.009999999776482582 2.4000000953674316 6.899998188018799 0.0
262 0.013000000268220901 0.009444444440305233 1.3764705657958984 9.50000286102295 3.283473014831543
263 0.01850000023841858 0.009444444440305233 1.958823561668396 13.200016975402832 3.7689695358276367
264 0.01850000023841858 0.009444444440305233 1.958823561668396 11.50001049041748 3.616429328918457
265 0.023000001907348633 0.010555555112659931 2.178947687149048 4.700000286102295 0.0
266 0.015000000596046448 0.009999999776482582 1.5000001192092896 10.600007057189941 3.652587890625
267 0.017000000923871994 0.009444444440305233 1.8000000715255737 6.19999885559082 2.5216996669769287
268 0.00950000062584877 0.009999999776482582 0.9500001072883606 11.300009727478027 0.0
269 0.010500000789761543 0.010555555112659931 0.9947369694709778 5.499999523162842 2.3997435569763184
270 0.015500000678002834 0.010555555112659931 1.468421220779419 11.900012016296387 0.0
271 0.015500000678002834 0.009444444440305233 1.6411765813827515 10.600007057189941 4.062150478363037
272 0.007000000216066837 0.009999999776482582 0.7000000476837158 14.000020027160645 0.0
273 0.010500000789761543 0.009444444440305233 1.1117647886276245 8.59999942779541 2.5225796699523926
274 0.01850000023841858 0.009999999776482582 1.850000023841858 7.299997806549072 3.4003849029541016
275 1.0 0.9655555486679077 1.0356731414794922 -94.89912414550781 0.02800000086426735
276 0.01600000075995922 0.010555555112659931 1.5157896280288696 9.000000953674316 3.803435802459717
277 0.010500000789761543 0.009999999776482582 1.0500000715255737 11.80001163482666 2.95465350151062
278 0.01850000023841858 0.009444444440305233 1.958823561668396 12.500014305114746 3.9806771278381348
279 0.016500001773238182 0.009444444440305233 1.7470589876174927 14.70002269744873 0.0
280 0.012500000186264515 0.009444444440305233 1.3235294818878174 8.90000057220459 2.248422145843506
281 0.01250000111758709 0.009444444440305233 1.3235294818878174 14.200020790100098 0.0
282 0.015000000596046448 0.009999999776482582 1.5000001192092896 9.900004386901855 2.0892574787139893
283 0.020000001415610313 0.010555555112659931 1.8947370052337646 7.899997234344482 0.0
284 0.016499999910593033 0.009444444440305233 1.7470588684082031 10.500006675720215 3.742682456970215
285 0.014000000432133675 0.010555555112659931 1.3263158798217773 8.800000190734863 2.3789172172546387
286 0.017000000923871994 0.010555555112659931 1.610526442527771 15.30002498626709 3.334871768951416
287 0.01600000075995922 0.009444444440305233 1.694117784500122 7.499997615814209 2.588618516921997
288 0.017500001937150955 0.009999999776482582 1.750000238418579 14.000020027160645 0.0
289 0.016499999910593033 0.010555555112659931 1.5631579160690308 7.599997520446777 2.368798017501831
290 0.014000000432133675 0.009444444440305233 1.4823529720306396 7.899997234344482 0.0
291 0.5135000348091125 0.2705555558204651 1.8979467153549194 0.10000251978635788 0.2981478273868561
292 0.015500000678002834 0.009444444440305233 1.6411765813827515 12.200013160705566 3.8916423320770264
293 0.015500000678002834 0.010555555112659931 1.468421220779419 7.699997425079346 2.8359782695770264
294 0.012000000104308128 0.010555555112659931 1.136842131614685 12.200013160705566 4.021263599395752
295 0.02500000037252903 0.009444444440305233 2.6470589637756348 12.000012397766113 3.5504038333892822
296 0.010999999940395355 0.009444444440305233 1.1647058725357056 13.500018119812012 4.8612494468688965
297 0.013000000268220901 0.009444444440305233 1.3764705657958984 20.800045013427734 6.323723316192627
298 0.009999999776482582 0.010555555112659931 0.9473684430122375 11.600010871887207 0.0
299 0.012000000104308128 0.009444444440305233 1.2705882787704468 12.900015830993652 4.166618347167969
300 0.01850000023841858 0.010555555112659931 1.752631664276123 10.900008201599121 4.0047688484191895
301 0.012500000186264515 0.009999999776482582 1.25 7.299997806549072 2.435368061065674
302 0.014500000514090061 0.010555555112659931 1.373684287071228 10.800007820129395 0.0
303 0.010999999940395355 0.009444444440305233 1.1647058725357056 10.100005149841309 3.489652633666992
304 0.020500000566244125 0.009444444440305233 2.170588254928589 1.5000027418136597 0.0
305 0.014000000432133675 0.009999999776482582 1.4000000953674316 13.000016212463379 4.350923538208008
306 0.012000000104308128 0.009999999776482582 1.2000000476837158 11.000008583068848 3.189836025238037
307 0.020500000566244125 0.009999999776482582 2.0500001907348633 11.80001163482666 2.9203686714172363
308 0.020000001415610313 0.010555555112659931 1.8947370052337646 5.099999904632568 1.715441346168518
309 0.02800000086426735 0.009444444440305233 2.9647059440612793 4.200000762939453 0.0
310 0.010500000789761543 0.010555555112659931 0.9947369694709778 9.400002479553223 2.5366973876953125
311 0.013000000268220901 0.009444444440305233 1.3764705657958984 8.499999046325684 0.0
312 0.01250000111758709 0.010555555112659931 1.1842106580734253 23.400054931640625 8.926947593688965
313 0.021000001579523087 0.009999999776482582 2.1000001430511475 15.30002498626709 4.044322967529297
314 0.010500000789761543 0.009444444440305233 1.1117647886276245 12.40001392364502 3.9261362552642822
315 0.015000000596046448 0.010555555112659931 1.4210526943206787 10.400006294250488 3.420186996459961
316 0.015000000596046448 0.009444444440305233 1.5882353782653809 7.399997711181641 0.0
317 0.010999999940395355 0.010555555112659931 1.0421053171157837 6.599998474121094 0.0
318 0.013000000268220901 0.009444444440305233 1.3764705657958984 15.200024604797363 6.205285549163818
319 0.009999999776482582 0.009444444440305233 1.0588234663009644 10.300005912780762 2.9348678588867188
320 0.02199999988079071 0.009444444440305233 2.329411745071411 14.40002155303955 5.215027332305908
321 0.023500001057982445 0.009999999776482582 2.3500001430511475 3.100001811981201 1.358466386795044
322 1.0 0.8611111044883728 1.1612902879714966 -94.89912414550781 0.02800000086426735
323 0.00950000062584877 0.009444444440305233 1.0058823823928833 11.300009727478027 0.0
324 0.01900000125169754 0.010555555112659931 1.8000001907348633 8.90000057220459 2.582395553588867
325 0.023500001057982445 0.010555555112659931 2.226315975189209 5.799999237060547 1.4971709251403809
326 0.014000000432133675 0.009999999776482582 1.4000000953674316 6.899998188018799 0.0
327 0.017000000923871994 0.010555555112659931 1.610526442527771 5.199999809265137 1.6226701736450195
328 0.015000000596046448 0.010555555112659931 1.4210526943206787 14.900023460388184 4.428218841552734
329 0.015500000678002834 0.009444444440305233 1.6411765813827515 11.100008964538574 2.7975361347198486
330 0.01600000075995922 0.009444444440305233 1.694117784500122 10.300005912780762 0.0
331 0.020000001415610313 0.009444444440305233 2.117647171020508 10.100005149841309 2.438131332397461
332 0.01600000075995922 0.010555555112659931 1.5157896280288696 11.50001049041748 3.095395088195801
333 0.015000000596046448 0.009444444440305233 1.5882353782653809 11.2000093460083 2.661879777908325
334 0.013500000350177288 0.009444444440305233 1.429411768913269 13.400017738342285 3.6097757816314697
335 0.015500000678002834 0.010555555112659931 1.468421220779419 12.10001277923584 0.0
336 0.015500000678002834 0.009999999776482582 1.5500000715255737 6.299998760223389 1.9506624937057495
337 0.013000000268220901 0.010555555112659931 1.231579065322876 8.699999809265137 2.3798458576202393
338 0.014500000514090061 0.009999999776482582 1.4500000476837158 5.199999809265137 0.0
339 0.010999999940395355 0.009444444440305233 1.1647058725357056 8.099997520446777 2.3472907543182373
340 0.015000000596046448 0.010555555112659931 1.4210526943206787 4.3000006675720215 0.0
341 0.999000072479248 0.7927777767181396 1.2601262331008911 -94.89912414550781 0.02800000086426735
342 0.017000000923871994 0.009444444440305233 1.8000000715255737 4.600000381469727 1.4702767133712769
343 0.01850000023841858 0.009444444440305233 1.958823561668396 9.600003242492676 2.502241373062134
344 0.012500000186264515 0.009999999776482582 1.25 13.800019264221191 4.27818489074707
345 0.01600000075995922 0.009999999776482582 1.6000001430511475 8.29999828338623 3.116201162338257
346 0.010999999940395355 0.010555555112659931 1.0421053171157837 9.100001335144043 2.6105291843414307
347 0.014500001445412636 0.010555555112659931 1.3736844062805176 10.800007820129395 0.0
348 0.013000000268220901 0.009444444440305233 1.3764705657958984 13.100016593933105 3.465456962585449
349 0.01600000075995922 0.009444444440305233 1.694117784500122 10.600007057189941 3.80591082572937
350 0.02199999988079071 0.009999999776482582 2.200000047683716 9.800004005432129 3.2759146690368652
351 0.01250000111758709 0.009999999776482582 1.2500001192092896 10.200005531311035 2.6661179065704346
352 0.012000000104308128 0.009444444440305233 1.2705882787704468 16.100027084350586 4.605380058288574
353 0.014500001445412636 0.010555555112659931 1.3736844062805176 10.600007057189941 0.0
354 0.01900000125169754 0.009999999776482582 1.9000002145767212 10.600007057189941 0.0
355 0.010999999940395355 0.009999999776482582 1.100000023841858 8.499999046325684 1.6793177127838135
356 0.011500000953674316 0.010555555112659931 1.089473843574524 10.300005912780762 3.0009396076202393
357 0.018000001087784767 0.009999999776482582 1.8000001907348633 15.00002384185791 4.348740100860596
358 0.01850000023841858 0.009444444440305233 1.958823561668396 6.399998664855957 1.6352863311767578
359 0.018000001087784767 0.009444444440305233 1.905882477760315 4.200000762939453 2.904823064804077
360 0.021000001579523087 0.009999999776482582 2.1000001430511475 2.7000021934509277 0.0
361 0.01900000125169754 0.010555555112659931 1.8000001907348633 17.200031280517578 5.2599873542785645
362 0.013000000268220901 0.009999999776482582 1.3000000715255737 13.400017738342285 0.0
363 0.014500000514090061 0.009999999776482582 1.4500000476837158 11.100008964538574 3.973670482635498
364 0.015500000678002834 0.009999999776482582 1.5500000715255737 11.700011253356934 3.6374166011810303
365 0.01900000125169754 0.010555555112659931 1.8000001907348633 17.600032806396484 4.420947074890137
366 0.010000000707805157 0.009999999776482582 1.0000001192092896 10.100005149841309 0.0
367 0.015000000596046448 0.009444444440305233 1.5882353782653809 7.799997329711914 0.0
368 0.011500000953674316 0.009999999776482582 1.1500000953674316 10.400006294250488 0.0
369 0.016500001773238182 0.009444444440305233 1.7470589876174927 8.59999942779541 2.6573398113250732
370 0.01900000125169754 0.010555555112659931 1.8000001907348633 9.900004386901855 3.437309503555298
371 0.01600000075995922 0.009999999776482582 1.6000001430511475 9.400002479553223 3.8387062549591064
372 0.0195000022649765 0.009999999776482582 1.950000286102295 18.00003433227539 4.512521743774414
373 0.0215000007301569 0.009444444440305233 2.27647066116333 8.29999828338623 3.438762664794922
374 0.008500000461935997 0.010555555112659931 0.8052632212638855 10.000004768371582 1.9548653364181519
375 0.00950000062584877 0.009999999776482582 0.9500001072883606 10.200005531311035 2.7783617973327637
376 0.016499999910593033 0.009999999776482582 1.649999976158142 18.30003547668457 5.395751953125
377 0.017500000074505806 0.009999999776482582 1.75 4.900000095367432 0.0
378 0.013000000268220901 0.009444444440305233 1.3764705657958984 9.50000286102295 3.0886991024017334
379 0.010000000707805157 0.010555555112659931 0.9473685026168823 9.50000286102295 2.8109171390533447
380 0.01850000023841858 0.010555555112659931 1.752631664276123 8.90000057220459 2.893691062927246
381 0.01900000125169754 0.009444444440305233 2.0117647647857666 13.200016975402832 5.32716178894043
382 0.023500001057982445 0.009444444440305233 2.4882354736328125 1.200002670288086 1.2536273002624512
383 0.016499999910593033 0.010555555112659931 1.5631579160690308 8.90000057220459 4.0340375900268555
384 0.01900000125169754 0.009999999776482582 1.9000002145767212 4.800000190734863 0.0
385 0.010000000707805157 0.009444444440305233 1.058823585510254 16.200027465820312 5.349579334259033
386 0.010999999940395355 0.009444444440305233 1.1647058725357056 8.699999809265137 2.6767494678497314
387 0.027000000700354576 0.009999999776482582 2.700000047683716 3.7000012397766113 0.0
388 0.01250000111758709 0.009444444440305233 1.3235294818878174 9.100001335144043 2.729869842529297
389 0.017000000923871994 0.010555555112659931 1.610526442527771 9.50000286102295 2.0994486808776855
390 0.013500000350177288 0.010555555112659931 1.2789474725723267 7.999997138977051 0.0
391 0.017500001937150955 0.010555555112659931 1.6578949689865112 17.600032806396484 4.355283737182617
392 0.016499999910593033 0.009999999776482582 1.649999976158142 4.000000953674316 0.0
393 0.01600000075995922 0.009444444440305233 1.694117784500122 10.300005912780762 2.9473800659179688
394 0.01900000125169754 0.009999999776482582 1.9000002145767212 10.200005531311035 2.7918412685394287
395 0.020000001415610313 0.010555555112659931 1.8947370052337646 4.000000953674316 1.312353491783142
396 0.015500000678002834 0.009999999776482582 1.5500000715255737 10.100005149841309 3.2447383403778076
397 0.015000000596046448 0.010555555112659931 1.4210526943206787 17.900033950805664 4.874874591827393
398 0.020000001415610313 0.009999999776482582 2.000000238418579 9.400002479553223 2.711442470550537
399 0.014000000432133675 0.009444444440305233 1.4823529720306396 9.20000171661377 3.139133930206299
400 0.021000001579523087 0.010555555112659931 1.9894739389419556 3.8000011444091797 0.0
401 0.0195000022649765 0.009444444440305233 2.0647060871124268 12.200013160705566 0.0
402 0.009000000543892384 0.009444444440305233 0.9529412388801575 8.399998664855957 3.197122812271118
403 0.01900000125169754 0.009444444440305233 2.0117647647857666 12.40001392364502 3.496934175491333
404 0.01900000125169754 0.009999999776482582 1.9000002145767212 2.1000027656555176 1.8178107738494873
405 0.03150000050663948 0.010555555112659931 2.984210729598999 5.099999904632568 0.0
406 0.021500002592802048 0.009999999776482582 2.1500003337860107 15.30002498626709 0.0
407 0.014500001445412636 0.009444444440305233 1.5352942943572998 12.300013542175293 0.0
408 0.012500000186264515 0.009444444440305233 1.3235294818878174 16.400028228759766 0.0
409 0.01600000075995922 0.009999999776482582 1.6000001430511475 9.20000171661377 5.30642557144165
410 0.029500000178813934 0.010555555112659931 2.794736862182617 5.0 0.0
411 0.021000001579523087 0.009999999776482582 2.1000001430511475 15.500025749206543 4.483679294586182
412 0.01600000075995922 0.010555555112659931 1.5157896280288696 6.499998569488525 1.9103285074234009
413 0.01250000111758709 0.009444444440305233 1.3235294818878174 9.900004386901855 0.0
414 0.01600000075995922 0.010555555112659931 1.5157896280288696 17.200031280517578 0.0
415 0.021000001579523087 0.009444444440305233 2.223529577255249 1.8000028133392334 1.3004976511001587
416 0.013000000268220901 0.009444444440305233 1.3764705657958984 12.200013160705566 0.0
417 0.01600000075995922 0.009999999776482582 1.6000001430511475 9.900004386901855 3.4073257446289062
418 0.02199999988079071 0.009444444440305233 2.329411745071411 4.600000381469727 1.5965757369995117
419 0.014000000432133675 0.009444444440305233 1.4823529720306396 13.500018119812012 0.0
420 0.016499999910593033 0.009444444440305233 1.7470588684082031 8.699999809265137 2.480823516845703
421 0.027000000700354576 0.009999999776482582 2.700000047683716 1.9000028371810913 0.0
422 0.015000000596046448 0.009444444440305233 1.5882353782653809 5.59999942779541 1.6183602809906006
423 0.01600000075995922 0.009999999776482582 1.6000001430511475 8.59999942779541 2.1356546878814697
424 0.01600000075995922 0.009999999776482582 1.6000001430511475 14.300021171569824 0.0
425 0.011500000953674316 0.009444444440305233 1.2176471948623657 13.300017356872559 0.0
426 0.009999999776482582 0.009999999776482582 1.0 6.699998378753662 2.2976441383361816
427 0.013500001281499863 0.010555555112659931 1.2789475917816162 7.999997138977051 2.3784079551696777
428 0.014000000432133675 0.009444444440305233 1.4823529720306396 8.59999942779541 2.928785562515259
429 0.015000000596046448 0.009444444440305233 1.5882353782653809 9.600003242492676 0.0
430 0.014000000432133675 0.010555555112659931 1.3263158798217773 11.100008964538574 0.0
431 0.015500000678002834 0.010555555112659931 1.468421220779419 9.000000953674316 2.9247207641601562
432 0.009999999776482582 0.009999999776482582 1.0 8.699999809265137 2.5417587757110596
433 0.021000001579523087 0.010555555112659931 1.9894739389419556 2.6000022888183594 1.4993486404418945
434 0.015500000678002834 0.009999999776482582 1.5500000715255737 11.600010871887207 3.342578411102295
435 0.010999999940395355 0.009999999776482582 1.100000023841858 6.599998474121094 3.1479434967041016
436 0.013500001281499863 0.010555555112659931 1.2789475917816162 6.999998092651367 0.0
437 0.008500000461935997 0.010555555112659931 0.8052632212638855 8.499999046325684 2.0110690593719482
438 0.016499999910593033 0.009999999776482582 1.649999976158142 11.50001049041748 0.0
439 0.0195000022649765 0.010555555112659931 1.8473687171936035 6.699998378753662 0.0
440 0.02199999988079071 0.010555555112659931 2.0842106342315674 8.59999942779541 2.614577293395996
441 0.012000000104308128 0.009444444440305233 1.2705882787704468 21.900049209594727 6.515426158905029
442 0.013000000268220901 0.009999999776482582 1.3000000715255737 14.200020790100098 0.0
443 0.01850000023841858 0.009999999776482582 1.850000023841858 14.600022315979004 0.0
444 0.017000000923871994 0.010555555112659931 1.610526442527771 5.799999237060547 1.939510703086853
445 0.021000001579523087 0.009444444440305233 2.223529577255249 5.6999993324279785 4.558419227600098
446 1.0 0.9616666436195374 1.0398613214492798 -94.89912414550781 0.02800000086426735
447 0.016499999910593033 0.009444444440305233 1.7470588684082031 8.699999809265137 2.1888585090637207
448 0.9980000257492065 0.8655555844306946 1.1530166864395142 -94.89912414550781 0.02800000086426735
449 0.017500001937150955 0.009999999776482582 1.750000238418579 5.199999809265137 1.741123080253601
450 0.9975000619888306 0.8149999976158142 1.2239264249801636 -94.89912414550781 0.02800000086426735
451 0.01900000125169754 0.010555555112659931 1.8000001907348633 3.7000012397766113 1.710740327835083
452 0.011500000953674316 0.009999999776482582 1.1500000953674316 14.900023460388184 3.746739625930786
453 0.007000000216066837 0.009999999776482582 0.7000000476837158 7.999997138977051 0.0
454 0.012000000104308128 0.009999999776482582 1.2000000476837158 11.2000093460083 3.3828229904174805
455 0.019500000402331352 0.009444444440305233 2.0647058486938477 7.899997234344482 0.0
456 0.014000000432133675 0.009444444440305233 1.4823529720306396 11.100008964538574 2.843388080596924
457 0.023500001057982445 0.009999999776482582 2.3500001430511475 1.6000027656555176 0.0
458 0.011500000953674316 0.009444444440305233 1.2176471948623657 6.19999885559082 1.8443902730941772
459 0.018000001087784767 0.009999999776482582 1.8000001907348633 11.900012016296387 3.6564433574676514
460 0.010500000789761543 0.009999999776482582 1.0500000715255737 15.60002613067627 0.0
461 0.017500001937150955 0.009999999776482582 1.750000238418579 7.699997425079346 0.0
462 0.016499999910593033 0.009999999776482582 1.649999976158142 11.2000093460083 3.7528092861175537
463 0.015000000596046448 0.009444444440305233 1.5882353782653809 8.399998664855957 3.457124948501587
464 0.014000000432133675 0.009444444440305233 1.4823529720306396 18.800037384033203 7.115818023681641
465 0.01900000125169754 0.009999999776482582 1.9000002145767212 2.7000021934509277 0.0
466 0.0024999999441206455 0.009444444440305233 0.2647058665752411 7.699997425079346 0.0
467 0.013500001281499863 0.010555555112659931 1.2789475917816162 9.50000286102295 3.4478540420532227
468 0.018000001087784767 0.010555555112659931 1.705263376235962 13.500018119812012 4.960665702819824
469 0.0195000022649765 0.009999999776482582 1.950000286102295 6.19999885559082 1.822218418121338
470 0.01600000075995922 0.010555555112659931 1.5157896280288696 11.400010108947754 3.2300662994384766
471 0.015000000596046448 0.009444444440305233 1.5882353782653809 8.099997520446777 4.26556396484375
472 0.014500001445412636 0.009444444440305233 1.5352942943572998 5.799999237060547 2.8196029663085938
473 0.010500000789761543 0.009444444440305233 1.1117647886276245 11.2000093460083 4.276885986328125
474 0.015000000596046448 0.009999999776482582 1.5000001192092896 5.999999046325684 1.7521673440933228
475 0.013500000350177288 0.009444444440305233 1.429411768913269 9.300002098083496 2.404174566268921
476 0.012000000104308128 0.009999999776482582 1.2000000476837158 18.800037384033203 3.081218957901001
477 0.015000000596046448 0.009999999776482582 1.5000001192092896 10.900008201599121 3.6342835426330566
478 0.012500000186264515 0.009444444440305233 1.3235294818878174 13.200016975402832 3.6538829803466797
479 0.015000000596046448 0.009999999776482582 1.5000001192092896 6.7999982833862305 2.1484053134918213
480 0.015000000596046448 0.009444444440305233 1.5882353782653809 5.799999237060547 2.140652656555176
481 0.014500000514090061 0.009444444440305233 1.5352941751480103 7.799997329711914 2.0486960411071777
482 0.01600000075995922 0.009999999776482582 1.6000001430511475 10.700007438659668 0.0
483 0.0195000022649765 0.009999999776482582 1.950000286102295 10.700007438659668 3.1059553623199463
484 0.013000000268220901 0.010555555112659931 1.231579065322876 9.20000171661377 2.1883604526519775
485 0.013500000350177288 0.009444444440305233 1.429411768913269 9.900004386901855 3.293070077896118
486 0.014500000514090061 0.010555555112659931 1.373684287071228 9.800004005432129 0.0
487 0.011500000953674316 0.010555555112659931 1.089473843574524 9.600003242492676 4.745611667633057
488 0.015000000596046448 0.010555555112659931 1.4210526943206787 5.299999713897705 2.0244197845458984
489 0.018000001087784767 0.009444444440305233 1.905882477760315 6.399998664855957 2.0778417587280273
490 0.01250000111758709 0.009444444440305233 1.3235294818878174 9.900004386901855 2.302659034729004
491 0.026500001549720764 0.010555555112659931 2.510526657104492 6.19999885559082 1.794356346130371
492 0.012500000186264515 0.009444444440305233 1.3235294818878174 11.000008583068848 3.6547598838806152
493 0.02199999988079071 0.010555555112659931 2.0842106342315674 7.999997138977051 2.946518659591675
494 0.017000000923871994 0.009999999776482582 1.7000001668930054 16.60002899169922 0.0
495 0.018000001087784767 0.009999999776482582 1.8000001907348633 12.500014305114746 3.7523066997528076
496 1.0 0.980555534362793 1.0198301076889038 -94.89912414550781 0.02800000086426735
497 0.008500000461935997 0.009999999776482582 0.8500000834465027 9.20000171661377 0.0
498 0.01600000075995922 0.010555555112659931 1.5157896280288696 5.199999809265137 0.0
499 0.020000001415610313 0.009444444440305233 2.117647171020508 7.999997138977051 0.0
500 0.026000000536441803 0.009444444440305233 2.752941131591797 4.000000953674316 1.0774208307266235
