1 0.03150000050663948 0.010555555112659931 2.984210729598999 5.0 4.046626567840576
2 0.01900000125169754 0.009444444440305233 2.0117647647857666 5.6999993324279785 4.009815692901611
3 0.01900000125169754 0.009444444440305233 2.0117647647857666 3.900001049041748 2.1148571968078613
4 0.017999999225139618 0.009999999776482582 1.7999999523162842 3.4000015258789062 0.0
5 0.02850000187754631 0.009999999776482582 2.8500001430511475 4.200000762939453 2.7967369556427
6 0.024500001221895218 0.010555555112659931 2.3210527896881104 4.700000286102295 0.0
7 0.02800000086426735 0.009999999776482582 2.8000001907348633 3.900001049041748 2.5651237964630127
8 0.020000001415610313 0.009999999776482582 2.000000238418579 2.9000020027160645 0.0
9 0.013000000268220901 0.009999999776482582 1.3000000715255737 5.099999904632568 0.0
10 0.018000001087784767 0.009999999776482582 1.8000001907348633 3.8000011444091797 0.0
11 0.015000000596046448 0.009444444440305233 1.5882353782653809 8.399998664855957 0.0
12 0.03099999949336052 0.010555555112659931 2.936842203140259 4.500000476837158 0.0
13 0.02199999988079071 0.009999999776482582 2.200000047683716 4.200000762939453 0.0
14 0.016499999910593033 0.009444444440305233 1.7470588684082031 7.299997806549072 0.0
15 0.021000001579523087 0.009444444440305233 2.223529577255249 5.299999713897705 0.0
16 0.021000001579523087 0.009999999776482582 2.1000001430511475 3.8000011444091797 0.0
17 0.017500001937150955 0.009444444440305233 1.8529413938522339 3.900001049041748 0.0
18 0.02500000037252903 0.010555555112659931 2.3684210777282715 5.099999904632568 0.0
19 0.01850000023841858 0.009999999776482582 1.850000023841858 2.4000024795532227 0.0
20 0.032999999821186066 0.010555555112659931 3.1263158321380615 4.500000476837158 0.0
21 0.017000000923871994 0.009999999776482582 1.7000001668930054 2.6000022888183594 0.0
22 0.0195000022649765 0.010555555112659931 1.8473687171936035 2.9000020027160645 1.6621448993682861
23 0.02250000089406967 0.009444444440305233 2.3823530673980713 3.5000014305114746 0.0
24 0.017500001937150955 0.009999999776482582 1.750000238418579 6.599998474121094 4.155646800994873
25 0.015500000678002834 0.009444444440305233 1.6411765813827515 2.3000025749206543 0.0
26 0.014500000514090061 0.009444444440305233 1.5352941751480103 5.59999942779541 0.0
27 0.025499999523162842 0.009444444440305233 2.700000047683716 3.600001335144043 0.0
28 0.020500000566244125 0.009444444440305233 2.170588254928589 5.399999618530273 0.0
29 0.01850000023841858 0.010555555112659931 1.752631664276123 6.699998378753662 0.0
30 0.023500001057982445 0.010555555112659931 2.226315975189209 3.8000011444091797 3.2616777420043945
31 0.015500000678002834 0.009444444440305233 1.6411765813827515 5.099999904632568 3.591721534729004
32 0.0195000022649765 0.009999999776482582 1.950000286102295 3.100001811981201 1.6430872678756714
33 0.017500001937150955 0.010555555112659931 1.6578949689865112 5.999999046325684 4.2584967613220215
34 0.035999998450279236 0.009999999776482582 3.5999999046325684 5.099999904632568 0.0
35 0.016499999910593033 0.009999999776482582 1.649999976158142 5.199999809265137 0.0
36 0.017500001937150955 0.009999999776482582 1.750000238418579 6.699998378753662 0.0
37 0.020000001415610313 0.009444444440305233 2.117647171020508 3.5000014305114746 0.0
38 0.02800000086426735 0.009444444440305233 2.9647059440612793 4.40000057220459 0.0
39 0.021000001579523087 0.009999999776482582 2.1000001430511475 3.300001621246338 0.0
40 0.026000000536441803 0.009444444440305233 2.752941131591797 4.000000953674316 1.912835717201233
41 0.02199999988079071 0.010555555112659931 2.0842106342315674 3.7000012397766113 0.0
42 0.019999999552965164 0.009999999776482582 2.0 4.000000953674316 2.483213186264038
43 0.012000000104308128 0.009444444440305233 1.2705882787704468 2.4000024795532227 0.0
44 0.027000000700354576 0.010555555112659931 2.5578949451446533 4.40000057220459 0.0
45 0.014000000432133675 0.010555555112659931 1.3263158798217773 3.8000011444091797 0.0
46 0.020500000566244125 0.009999999776482582 2.0500001907348633 3.4000015258789062 2.6193795204162598
47 0.017000000923871994 0.010555555112659931 1.610526442527771 3.5000014305114746 0.0
48 0.021500002592802048 0.009999999776482582 2.1500003337860107 5.099999904632568 0.0
49 0.02250000089406967 0.009444444440305233 2.3823530673980713 5.199999809265137 0.0
50 0.02800000086426735 0.010555555112659931 2.6526317596435547 2.7000021934509277 0.0
51 0.0195000022649765 0.010555555112659931 1.8473687171936035 4.100000858306885 0.0
52 0.02200000174343586 0.009444444440305233 2.3294119834899902 4.600000381469727 0.0
53 0.015500000678002834 0.009444444440305233 1.6411765813827515 4.500000476837158 0.0
54 0.024500001221895218 0.009999999776482582 2.450000286102295 2.800002098083496 0.0
55 0.01900000125169754 0.009999999776482582 1.9000002145767212 6.7999982833862305 0.0
56 0.017500001937150955 0.009999999776482582 1.750000238418579 5.6999993324279785 0.0
57 0.013000000268220901 0.009999999776482582 1.3000000715255737 6.099998950958252 0.0
58 0.02550000138580799 0.009999999776482582 2.5500001907348633 4.900000095367432 0.0
59 0.02200000174343586 0.009999999776482582 2.200000286102295 3.2000017166137695 0.0
60 0.02250000089406967 0.009999999776482582 2.250000238418579 2.7000021934509277 0.0
61 0.023000001907348633 0.009999999776482582 2.3000001907348633 5.199999809265137 0.0
62 0.029500000178813934 0.010555555112659931 2.794736862182617 0.200002521276474 0.0
63 0.017000000923871994 0.010555555112659931 1.610526442527771 1.0000026226043701 0.0
64 0.020500000566244125 0.010555555112659931 1.9421054124832153 3.300001621246338 0.0
65 0.017500001937150955 0.009999999776482582 1.750000238418579 2.7000021934509277 0.0
66 0.013500000350177288 0.009444444440305233 1.429411768913269 2.1000027656555176 1.7288330793380737
67 0.019500000402331352 0.010555555112659931 1.8473684787750244 3.8000011444091797 0.0
68 0.01900000125169754 0.009444444440305233 2.0117647647857666 3.300001621246338 0.0
69 0.027499999850988388 0.009999999776482582 2.75 4.40000057220459 3.4007222652435303
70 0.015500000678002834 0.009444444440305233 1.6411765813827515 6.099998950958252 3.50651478767395
71 0.024500001221895218 0.009999999776482582 2.450000286102295 4.800000190734863 0.0
72 0.017500001937150955 0.010555555112659931 1.6578949689865112 13.000016212463379 0.0
73 0.018000001087784767 0.009999999776482582 1.8000001907348633 5.499999523162842 0.0
74 0.014000000432133675 0.009444444440305233 1.4823529720306396 2.4000024795532227 0.0
75 0.01900000125169754 0.009444444440305233 2.0117647647857666 4.40000057220459 2.0418190956115723
76 0.012500000186264515 0.010555555112659931 1.1842105388641357 5.099999904632568 3.820563316345215
77 0.016499999910593033 0.009444444440305233 1.7470588684082031 3.7000012397766113 0.0
78 0.01850000023841858 0.009444444440305233 1.958823561668396 4.200000762939453 0.0
79 0.018000001087784767 0.010555555112659931 1.705263376235962 2.9000020027160645 0.0
80 0.020000001415610313 0.009444444440305233 2.117647171020508 5.6999993324279785 0.0
81 0.012000000104308128 0.010555555112659931 1.136842131614685 3.5000014305114746 0.0
82 0.01900000125169754 0.009999999776482582 1.9000002145767212 5.0 3.317432403564453
83 0.010500000789761543 0.009444444440305233 1.1117647886276245 8.499999046325684 0.0
84 0.0195000022649765 0.009999999776482582 1.950000286102295 5.0 0.0
85 0.014000000432133675 0.009444444440305233 1.4823529720306396 4.100000858306885 0.0
86 0.013000000268220901 0.010555555112659931 1.231579065322876 5.199999809265137 0.0
87 0.023000001907348633 0.009999999776482582 2.3000001907348633 5.299999713897705 0.0
88 0.01600000075995922 0.010555555112659931 1.5157896280288696 3.000001907348633 0.0
89 0.014000000432133675 0.009444444440305233 1.4823529720306396 6.399998664855957 0.0
90 0.017000000923871994 0.010555555112659931 1.610526442527771 3.5000014305114746 2.3919405937194824
91 0.013000000268220901 0.009999999776482582 1.3000000715255737 3.100001811981201 2.567169666290283
92 0.02250000089406967 0.009999999776482582 2.250000238418579 5.0 0.0
93 0.015500000678002834 0.010555555112659931 1.468421220779419 2.1000027656555176 1.6375592947006226
94 0.02250000089406967 0.009999999776482582 2.250000238418579 2.500002384185791 0.0
95 0.02250000089406967 0.010555555112659931 2.1315791606903076 5.0 2.3279471397399902
96 0.017500001937150955 0.010555555112659931 1.6578949689865112 5.099999904632568 0.0
97 0.0195000022649765 0.010555555112659931 1.8473687171936035 1.200002670288086 0.0
98 0.0195000022649765 0.010555555112659931 1.8473687171936035 5.59999942779541 0.0
99 0.029000001028180122 0.010555555112659931 2.747368574142456 4.3000006675720215 2.149616003036499
100 0.017000000923871994 0.009444444440305233 1.8000000715255737 4.100000858306885 3.3172173500061035
101 0.02199999988079071 0.010555555112659931 2.0842106342315674 4.3000006675720215 2.3484885692596436
102 0.017500001937150955 0.009444444440305233 1.8529413938522339 7.199997901916504 4.366036415100098
103 0.017000000923871994 0.009999999776482582 1.7000001668930054 6.499998569488525 0.0
104 0.01600000075995922 0.009444444440305233 1.694117784500122 6.699998378753662 0.0
105 1.0 0.8722222447395325 1.1464967727661133 -94.89912414550781 0.014142136089503765
106 0.018000001087784767 0.009999999776482582 1.8000001907348633 3.100001811981201 0.0
107 0.01850000023841858 0.009444444440305233 1.958823561668396 4.200000762939453 0.0
108 0.023500001057982445 0.010555555112659931 2.226315975189209 3.900001049041748 0.0
109 0.015000000596046448 0.009999999776482582 1.5000001192092896 4.900000095367432 0.0
110 0.02800000086426735 0.009444444440305233 2.9647059440612793 4.700000286102295 0.0
111 0.014500000514090061 0.009444444440305233 1.5352941751480103 4.800000190734863 0.0
112 0.011500000953674316 0.010555555112659931 1.089473843574524 3.5000014305114746 1.7988247871398926
113 0.017500001937150955 0.009444444440305233 1.8529413938522339 3.100001811981201 0.0
114 0.017500001937150955 0.010555555112659931 1.6578949689865112 3.300001621246338 0.0
115 0.016499999910593033 0.010555555112659931 1.5631579160690308 1.7000027894973755 0.0
116 0.999000072479248 0.8733333349227905 1.1438932418823242 -94.89912414550781 0.014142136089503765
117 0.021000001579523087 0.010555555112659931 1.9894739389419556 3.600001335144043 2.587688684463501
118 0.020500000566244125 0.010555555112659931 1.9421054124832153 5.0 0.0
119 0.02250000089406967 0.009999999776482582 2.250000238418579 3.2000017166137695 0.0
120 0.015000000596046448 0.010555555112659931 1.4210526943206787 2.800002098083496 0.0
121 0.018000001087784767 0.010555555112659931 1.705263376235962 6.299998760223389 0.0
122 0.02500000223517418 0.009444444440305233 2.6470589637756348 2.200002670288086 0.0
123 0.02199999988079071 0.009444444440305233 2.329411745071411 3.300001621246338 0.0
124 0.011500000953674316 0.009999999776482582 1.1500000953674316 4.3000006675720215 0.0
125 0.016499999910593033 0.010555555112659931 1.5631579160690308 1.9000028371810913 0.0
126 0.016499999910593033 0.009999999776482582 1.649999976158142 1.100002646446228 0.0
127 0.030500000342726707 0.009999999776482582 3.0500001907348633 4.40000057220459 0.0
128 0.02200000174343586 0.009444444440305233 2.3294119834899902 6.19999885559082 0.0
129 0.01600000075995922 0.010555555112659931 1.5157896280288696 7.299997806549072 4.290614128112793
130 0.017000000923871994 0.010555555112659931 1.610526442527771 6.099998950958252 0.0
131 0.024000000208616257 0.010555555112659931 2.27368426322937 5.0 0.0
132 0.024000000208616257 0.010555555112659931 2.27368426322937 4.000000953674316 2.541743040084839
133 0.0195000022649765 0.010555555112659931 1.8473687171936035 6.599998474121094 0.0
134 0.021500002592802048 0.009444444440305233 2.276470899581909 2.4000024795532227 0.0
135 0.023500001057982445 0.009444444440305233 2.4882354736328125 5.799999237060547 0.0
136 0.01850000023841858 0.010555555112659931 1.752631664276123 4.3000006675720215 2.880871534347534
137 0.01850000023841858 0.009444444440305233 1.958823561668396 6.699998378753662 0.0
138 0.015500000678002834 0.009444444440305233 1.6411765813827515 5.6999993324279785 0.0
139 0.017500001937150955 0.010555555112659931 1.6578949689865112 6.099998950958252 0.0
140 0.01900000125169754 0.009999999776482582 1.9000002145767212 3.100001811981201 0.0
141 0.019500000402331352 0.009444444440305233 2.0647058486938477 4.700000286102295 2.77158260345459
142 0.021000001579523087 0.009444444440305233 2.223529577255249 4.800000190734863 0.0
143 0.01600000075995922 0.009444444440305233 1.694117784500122 4.800000190734863 0.0
144 0.0195000022649765 0.009444444440305233 2.0647060871124268 4.900000095367432 2.622436761856079
145 0.026500001549720764 0.010555555112659931 2.510526657104492 4.200000762939453 0.0
146 0.01900000125169754 0.010555555112659931 1.8000001907348633 4.3000006675720215 0.0
147 0.017500001937150955 0.009444444440305233 1.8529413938522339 4.900000095367432 0.0
148 0.017000000923871994 0.010555555112659931 1.610526442527771 8.90000057220459 0.0
149 0.015000000596046448 0.009444444440305233 1.5882353782653809 6.699998378753662 0.0
150 0.0024999999441206455 0.0033333334140479565 0.7499999403953552 0.10000251978635788 0.0
151 0.010999999940395355 0.009999999776482582 1.100000023841858 4.40000057220459 0.0
152 0.0215000007301569 0.009444444440305233 2.27647066116333 1.200002670288086 0.0
153 0.021000001579523087 0.009999999776482582 2.1000001430511475 5.799999237060547 0.0
154 0.02550000138580799 0.010555555112659931 2.4157896041870117 4.000000953674316 0.0
155 0.025499999523162842 0.010555555112659931 2.4157896041870117 3.2000017166137695 1.7689790725708008
156 0.01900000125169754 0.009444444440305233 2.0117647647857666 5.099999904632568 0.0
157 0.023000001907348633 0.009444444440305233 2.4352943897247314 4.000000953674316 0.0
158 0.016499999910593033 0.009999999776482582 1.649999976158142 5.799999237060547 0.0
159 0.01900000125169754 0.010555555112659931 1.8000001907348633 2.200002670288086 0.0
160 0.01900000125169754 0.009999999776482582 1.9000002145767212 4.100000858306885 0.0
161 0.02250000089406967 0.010555555112659931 2.1315791606903076 2.9000020027160645 0.0
162 0.014500001445412636 0.010555555112659931 1.3736844062805176 5.499999523162842 3.1132116317749023
163 0.015000000596046448 0.010555555112659931 1.4210526943206787 8.29999828338623 0.0
164 0.0215000007301569 0.009999999776482582 2.1500000953674316 5.499999523162842 0.0
165 0.018000001087784767 0.009999999776482582 1.8000001907348633 4.3000006675720215 0.0
166 0.015000000596046448 0.009999999776482582 1.5000001192092896 6.19999885559082 0.0
167 0.027499999850988388 0.010555555112659931 2.6052632331848145 3.600001335144043 0.0
168 0.015500000678002834 0.009999999776482582 1.5500000715255737 3.4000015258789062 0.0
169 0.01850000023841858 0.010555555112659931 1.752631664276123 5.6999993324279785 0.0
170 0.014000000432133675 0.009999999776482582 1.4000000953674316 3.5000014305114746 0.0
171 0.026500001549720764 0.009999999776482582 2.6500000953674316 4.700000286102295 0.0
172 0.03800000250339508 0.010555555112659931 3.6000003814697266 2.7000021934509277 0.0
173 0.02500000037252903 0.009999999776482582 2.5 4.900000095367432 0.0
174 0.016499999910593033 0.009999999776482582 1.649999976158142 4.700000286102295 0.0
175 0.016499999910593033 0.010555555112659931 1.5631579160690308 6.299998760223389 0.0
176 0.03450000286102295 0.010555555112659931 3.2684214115142822 0.7000025510787964 0.5677148103713989
177 0.02800000086426735 0.010555555112659931 2.6526317596435547 4.40000057220459 2.069383144378662
178 0.016499999910593033 0.009444444440305233 1.7470588684082031 3.8000011444091797 0.0
179 0.023000001907348633 0.009999999776482582 2.3000001907348633 4.3000006675720215 0.0
180 0.02199999988079071 0.009999999776482582 2.200000047683716 4.800000190734863 0.0
181 0.01850000023841858 0.009444444440305233 1.958823561668396 4.000000953674316 1.8635146617889404
182 0.021000001579523087 0.009999999776482582 2.1000001430511475 5.6999993324279785 0.0
183 0.025499999523162842 0.009999999776482582 2.549999952316284 4.500000476837158 0.0
184 0.019500000402331352 0.010555555112659931 1.8473684787750244 11.300009727478027 4.1808695793151855
185 0.017500001937150955 0.009999999776482582 1.750000238418579 2.800002098083496 0.0
186 0.021500002592802048 0.010555555112659931 2.0368423461914062 3.000001907348633 0.0
187 0.011500000953674316 0.009999999776482582 1.1500000953674316 7.199997901916504 0.0
188 0.021000001579523087 0.009999999776482582 2.1000001430511475 2.4000024795532227 0.0
189 0.01900000125169754 0.009999999776482582 1.9000002145767212 8.90000057220459 0.0
190 0.02199999988079071 0.009999999776482582 2.200000047683716 2.6000022888183594 0.0
191 0.023000001907348633 0.009444444440305233 2.4352943897247314 3.4000015258789062 0.0
192 0.018000001087784767 0.009999999776482582 1.8000001907348633 2.800002098083496 0.0
193 0.026000000536441803 0.009444444440305233 2.752941131591797 5.0 0.0
194 0.01850000023841858 0.009444444440305233 1.958823561668396 2.4000024795532227 0.0
195 0.014500001445412636 0.009999999776482582 1.4500001668930054 5.099999904632568 0.0
196 0.012000000104308128 0.009999999776482582 1.2000000476837158 0.40000250935554504 1.2317821979522705
197 0.024500001221895218 0.010555555112659931 2.3210527896881104 4.900000095367432 0.0
198 0.023000001907348633 0.009999999776482582 2.3000001907348633 4.200000762939453 0.0
199 0.019999999552965164 0.009444444440305233 2.1176469326019287 4.500000476837158 2.925159215927124
200 0.023000001907348633 0.010555555112659931 2.178947687149048 4.3000006675720215 0.0
201 0.02200000174343586 0.009999999776482582 2.200000286102295 3.600001335144043 0.0
202 0.0215000007301569 0.009444444440305233 2.27647066116333 8.399998664855957 4.4506731033325195
203 0.02250000089406967 0.009999999776482582 2.250000238418579 4.500000476837158 0.0
204 0.01900000125169754 0.009444444440305233 2.0117647647857666 3.300001621246338 0.0
205 0.015000000596046448 0.009999999776482582 1.5000001192092896 3.900001049041748 0.0
206 0.0195000022649765 0.009444444440305233 2.0647060871124268 3.8000011444091797 0.0
207 0.023500001057982445 0.009999999776482582 2.3500001430511475 4.600000381469727 0.0
208 0.020500000566244125 0.009999999776482582 2.0500001907348633 4.900000095367432 0.0
209 0.007000000216066837 0.009444444440305233 0.7411764860153198 6.499998569488525 0.0
210 0.019999999552965164 0.009444444440305233 2.1176469326019287 2.200002670288086 0.0
211 0.02250000089406967 0.009999999776482582 2.250000238418579 3.7000012397766113 0.0
212 0.021000001579523087 0.010555555112659931 1.9894739389419556 1.8000028133392334 1.3637338876724243
213 0.019500000402331352 0.009999999776482582 1.9500000476837158 3.100001811981201 0.0
214 0.018000001087784767 0.009444444440305233 1.905882477760315 4.900000095367432 0.0
215 0.020500000566244125 0.009444444440305233 2.170588254928589 3.4000015258789062 2.2544806003570557
216 0.013500001281499863 0.009999999776482582 1.3500001430511475 2.800002098083496 0.0
217 0.016499999910593033 0.009444444440305233 1.7470588684082031 6.899998188018799 0.0
218 1.0 0.9100000262260437 1.0989010334014893 -94.89912414550781 0.014142136089503765
219 0.015500000678002834 0.009444444440305233 1.6411765813827515 3.5000014305114746 0.0
220 0.025499999523162842 0.009999999776482582 2.549999952316284 2.9000020027160645 0.0
221 0.017500001937150955 0.010555555112659931 1.6578949689865112 4.500000476837158 0.0
222 0.017000000923871994 0.010555555112659931 1.610526442527771 4.000000953674316 0.0
223 0.013000000268220901 0.009999999776482582 1.3000000715255737 7.199997901916504 0.0
224 0.026000000536441803 0.009999999776482582 2.6000001430511475 6.099998950958252 0.0
225 0.02500000223517418 0.010555555112659931 2.3684213161468506 2.4000024795532227 1.882826566696167
226 0.021000001579523087 0.009999999776482582 2.1000001430511475 5.199999809265137 0.0
227 0.013000000268220901 0.009444444440305233 1.3764705657958984 6.399998664855957 0.0
228 0.016499999910593033 0.009444444440305233 1.7470588684082031 3.5000014305114746 0.0
229 0.02250000089406967 0.009444444440305233 2.3823530673980713 5.59999942779541 0.0
230 0.013500000350177288 0.009999999776482582 1.350000023841858 3.4000015258789062 0.0
231 0.019999999552965164 0.009444444440305233 2.1176469326019287 3.000001907348633 0.0
232 0.014500000514090061 0.009444444440305233 1.5352941751480103 3.4000015258789062 0.0
233 0.020500000566244125 0.010555555112659931 1.9421054124832153 3.8000011444091797 0.0
234 0.02199999988079071 0.010555555112659931 2.0842106342315674 1.200002670288086 0.0
235 0.01900000125169754 0.010555555112659931 1.8000001907348633 3.4000015258789062 0.0
236 0.014000000432133675 0.009999999776482582 1.4000000953674316 1.100002646446228 0.0
237 0.010999999940395355 0.009999999776482582 1.100000023841858 6.7999982833862305 0.0
238 0.015000000596046448 0.010555555112659931 1.4210526943206787 6.19999885559082 0.0
239 0.014000000432133675 0.009444444440305233 1.4823529720306396 5.899999141693115 3.993044853210449
240 0.020500000566244125 0.009999999776482582 2.0500001907348633 5.0 2.3609695434570312
241 0.017500001937150955 0.009444444440305233 1.8529413938522339 4.700000286102295 0.0
242 0.0325000025331974 0.009999999776482582 3.250000238418579 1.100002646446228 0.9266676902770996
243 0.029500000178813934 0.009999999776482582 2.950000047683716 4.900000095367432 2.6463310718536377
244 0.016499999910593033 0.009999999776482582 1.649999976158142 4.700000286102295 0.0
245 0.01900000125169754 0.009999999776482582 1.9000002145767212 3.8000011444091797 0.0
246 0.024000000208616257 0.009999999776482582 2.4000000953674316 2.4000024795532227 0.0
247 0.015500000678002834 0.009999999776482582 1.5500000715255737 10.700007438659668 0.0
248 1.0 0.8866666555404663 1.127819538116455 -94.89912414550781 0.014142136089503765
249 0.02200000174343586 0.010555555112659931 2.0842108726501465 4.900000095367432 0.0
250 0.014000000432133675 0.010555555112659931 1.3263158798217773 4.500000476837158 0.0
251 0.024500001221895218 0.009444444440305233 2.5941178798675537 2.6000022888183594 0.0
252 0.016499999910593033 0.009444444440305233 1.7470588684082031 2.9000020027160645 0.0
253 0.020500000566244125 0.009444444440305233 2.170588254928589 4.40000057220459 0.0
254 0.01900000125169754 0.009444444440305233 2.0117647647857666 4.500000476837158 3.620494842529297
255 0.014500000514090061 0.010555555112659931 1.373684287071228 2.3000025749206543 2.3804712295532227
256 0.014500001445412636 0.009444444440305233 1.5352942943572998 3.100001811981201 0.0
257 0.015000000596046448 0.009999999776482582 1.5000001192092896 5.0 2.944167375564575
258 0.018000001087784767 0.009444444440305233 1.905882477760315 1.9000028371810913 0.0
259 0.02500000223517418 0.009444444440305233 2.6470589637756348 8.29999828338623 0.0
260 0.02850000187754631 0.010555555112659931 2.700000286102295 1.4000027179718018 0.0
261 0.019500000402331352 0.010555555112659931 1.8473684787750244 2.7000021934509277 0.0
262 0.024000000208616257 0.009999999776482582 2.4000000953674316 5.099999904632568 0.0
263 0.0195000022649765 0.009444444440305233 2.0647060871124268 5.6999993324279785 0.0
264 0.020500000566244125 0.009444444440305233 2.170588254928589 6.19999885559082 3.1336112022399902
265 0.02199999988079071 0.009444444440305233 2.329411745071411 1.9000028371810913 1.689490556716919
266 0.015500001609325409 0.009444444440305233 1.641176700592041 4.900000095367432 0.0
267 0.017500001937150955 0.009444444440305233 1.8529413938522339 2.7000021934509277 0.0
268 0.018000001087784767 0.009444444440305233 1.905882477760315 5.099999904632568 0.0
269 0.01850000023841858 0.009999999776482582 1.850000023841858 2.000002861022949 0.0
270 0.01600000075995922 0.009444444440305233 1.694117784500122 5.0 0.0
271 0.01850000023841858 0.009999999776482582 1.850000023841858 4.700000286102295 0.0
272 0.014500001445412636 0.009444444440305233 1.5352942943572998 6.599998474121094 0.0
273 0.027000000700354576 0.009444444440305233 2.858823537826538 4.600000381469727 0.0
274 0.014500000514090061 0.009444444440305233 1.5352941751480103 3.5000014305114746 0.0
275 0.999500036239624 0.8838889002799988 1.1307982206344604 -94.89912414550781 0.014142136089503765
276 0.0215000007301569 0.009999999776482582 2.1500000953674316 4.500000476837158 0.0
277 0.02250000089406967 0.010555555112659931 2.1315791606903076 5.499999523162842 0.0
278 0.018000001087784767 0.009999999776482582 1.8000001907348633 4.600000381469727 0.0
279 0.016499999910593033 0.009999999776482582 1.649999976158142 5.899999141693115 0.0
280 0.026500001549720764 0.009444444440305233 2.805882453918457 4.40000057220459 0.0
281 0.015000000596046448 0.009999999776482582 1.5000001192092896 5.899999141693115 0.0
282 0.010999999940395355 0.009999999776482582 1.100000023841858 4.000000953674316 0.0
283 0.011500000953674316 0.010555555112659931 1.089473843574524 3.600001335144043 0.0
284 0.012000001035630703 0.009999999776482582 1.2000001668930054 4.800000190734863 0.0
285 0.014500000514090061 0.010555555112659931 1.373684287071228 3.5000014305114746 0.0
286 0.015000000596046448 0.010555555112659931 1.4210526943206787 6.19999885559082 4.406166076660156
287 0.01900000125169754 0.010555555112659931 1.8000001907348633 3.2000017166137695 1.833301067352295
288 0.02500000037252903 0.009999999776482582 2.5 5.6999993324279785 0.0
289 0.023000001907348633 0.009999999776482582 2.3000001907348633 3.4000015258789062 0.0
290 0.01850000023841858 0.009444444440305233 1.958823561668396 3.300001621246338 0.0
291 0.7975000143051147 0.41333332657814026 1.9294354915618896 0.10000251978635788 0.0
292 0.01900000125169754 0.009444444440305233 2.0117647647857666 5.299999713897705 0.0
293 0.026000000536441803 0.009444444440305233 2.752941131591797 3.2000017166137695 0.0
294 0.026000000536441803 0.010555555112659931 2.463158130645752 5.0 0.0
295 0.012000000104308128 0.009999999776482582 1.2000000476837158 6.099998950958252 0.0
296 0.01850000023841858 0.009444444440305233 1.958823561668396 6.19999885559082 3.670574903488159
297 0.02199999988079071 0.009444444440305233 2.329411745071411 11.300009727478027 0.0
298 0.023500001057982445 0.009999999776482582 2.3500001430511475 5.399999618530273 2.893608570098877
299 0.016499999910593033 0.010555555112659931 1.5631579160690308 6.299998760223389 0.0
300 0.023000001907348633 0.010555555112659931 2.178947687149048 4.800000190734863 2.852243423461914
301 0.021500002592802048 0.009999999776482582 2.1500003337860107 3.100001811981201 0.0
302 0.01900000125169754 0.010555555112659931 1.8000001907348633 4.700000286102295 0.0
303 0.021500002592802048 0.009999999776482582 2.1500003337860107 5.099999904632568 0.0
304 0.01900000125169754 0.009999999776482582 1.9000002145767212 0.7000025510787964 0.0
305 0.011500000953674316 0.010555555112659931 1.089473843574524 5.6999993324279785 0.0
306 0.00800000037997961 0.009444444440305233 0.847058892250061 5.6999993324279785 3.853290319442749
307 0.006500000134110451 0.009444444440305233 0.6882352828979492 5.899999141693115 0.0
308 0.017500001937150955 0.009444444440305233 1.8529413938522339 2.1000027656555176 0.0
309 0.020000001415610313 0.009999999776482582 2.000000238418579 1.8000028133392334 0.0
310 0.014500000514090061 0.009999999776482582 1.4500000476837158 4.200000762939453 0.0
311 0.03150000050663948 0.009444444440305233 3.335294246673584 4.000000953674316 0.0
312 0.010999999940395355 0.009999999776482582 1.100000023841858 8.499999046325684 0.0
313 0.01600000075995922 0.009444444440305233 1.694117784500122 6.19999885559082 0.0
314 0.019999999552965164 0.010555555112659931 1.894736886024475 5.199999809265137 0.0
315 0.02200000174343586 0.009444444440305233 2.3294119834899902 5.099999904632568 0.0
316 0.024500001221895218 0.009444444440305233 2.5941178798675537 3.600001335144043 0.0
317 0.016499999910593033 0.010555555112659931 1.5631579160690308 2.6000022888183594 0.0
318 0.01900000125169754 0.009444444440305233 2.0117647647857666 6.599998474121094 4.506755352020264
319 0.029000001028180122 0.009999999776482582 2.9000000953674316 5.0 0.0
320 0.01600000075995922 0.009999999776482582 1.6000001430511475 6.299998760223389 4.117002010345459
321 0.017500001937150955 0.009444444440305233 1.8529413938522339 1.0000026226043701 1.096039891242981
322 1.0 0.8872222304344177 1.1271133422851562 -94.89912414550781 0.014142136089503765
323 0.013500001281499863 0.009444444440305233 1.4294118881225586 4.3000006675720215 0.0
324 0.02500000223517418 0.009999999776482582 2.500000238418579 3.600001335144043 0.0
325 0.016499999910593033 0.009999999776482582 1.649999976158142 2.3000025749206543 1.8827160596847534
326 0.02550000138580799 0.009999999776482582 2.5500001907348633 3.300001621246338 0.0
327 0.023000001907348633 0.010555555112659931 2.178947687149048 2.1000027656555176 1.6669273376464844
328 0.015000000596046448 0.009444444440305233 1.5882353782653809 7.199997901916504 0.0
329 0.020000001415610313 0.009444444440305233 2.117647171020508 4.3000006675720215 0.0
330 0.010500000789761543 0.009999999776482582 1.0500000715255737 3.7000012397766113 0.0
331 0.0215000007301569 0.009999999776482582 2.1500000953674316 4.700000286102295 0.0
332 0.01900000125169754 0.009999999776482582 1.9000002145767212 5.59999942779541 0.0
333 0.01900000125169754 0.009444444440305233 2.0117647647857666 4.3000006675720215 2.018728017807007
334 0.020500000566244125 0.009999999776482582 2.0500001907348633 5.899999141693115 3.7263357639312744
335 0.01850000023841858 0.009444444440305233 1.958823561668396 4.600000381469727 0.0
336 0.026500001549720764 0.009999999776482582 2.6500000953674316 3.300001621246338 2.1947572231292725
337 0.023500001057982445 0.009999999776482582 2.3500001430511475 3.7000012397766113 0.0
338 0.017000000923871994 0.009444444440305233 1.8000000715255737 2.500002384185791 0.0
339 0.023000001907348633 0.009999999776482582 2.3000001907348633 3.8000011444091797 0.0
340 0.012000000104308128 0.009999999776482582 1.2000000476837158 1.4000027179718018 0.0
341 0.999000072479248 0.79666668176651 1.2539749145507812 -94.89912414550781 0.014142136089503765
342 0.0195000022649765 0.009999999776482582 1.950000286102295 2.200002670288086 0.0
343 0.02500000223517418 0.010555555112659931 2.3684213161468506 4.500000476837158 0.0
344 0.013000000268220901 0.009999999776482582 1.3000000715255737 5.59999942779541 0.0
345 0.021000001579523087 0.009444444440305233 2.223529577255249 3.8000011444091797 0.0
346 0.02250000089406967 0.009444444440305233 2.3823530673980713 4.100000858306885 2.141737699508667
347 0.016499999910593033 0.009444444440305233 1.7470588684082031 5.199999809265137 0.0
348 0.016499999910593033 0.010555555112659931 1.5631579160690308 3.5000014305114746 2.997387170791626
349 0.027000000700354576 0.010555555112659931 2.5578949451446533 4.700000286102295 2.9263453483581543
350 0.01850000023841858 0.009999999776482582 1.850000023841858 4.500000476837158 0.0
351 0.020000001415610313 0.010555555112659931 1.8947370052337646 5.099999904632568 2.156053304672241
352 0.01600000075995922 0.010555555112659931 1.5157896280288696 6.999998092651367 0.0
353 0.017500001937150955 0.009444444440305233 1.8529413938522339 5.099999904632568 0.0
354 0.026000000536441803 0.010555555112659931 2.463158130645752 3.600001335144043 0.0
355 0.01850000023841858 0.009999999776482582 1.850000023841858 4.200000762939453 0.0
356 0.017000000923871994 0.009999999776482582 1.7000001668930054 4.200000762939453 2.660975694656372
357 0.0195000022649765 0.010555555112659931 1.8473687171936035 5.999999046325684 0.0
358 0.020500000566244125 0.009444444440305233 2.170588254928589 3.000001907348633 1.490954041481018
359 0.019500000402331352 0.009444444440305233 2.0647058486938477 1.9000028371810913 0.0
360 0.027499999850988388 0.010555555112659931 2.6052632331848145 1.200002670288086 0.0
361 0.012500000186264515 0.009444444440305233 1.3235294818878174 7.699997425079346 0.0
362 0.029500000178813934 0.009444444440305233 3.1235294342041016 5.999999046325684 0.0
363 0.01900000125169754 0.009999999776482582 1.9000002145767212 4.900000095367432 0.0
364 0.0215000007301569 0.009444444440305233 2.27647066116333 5.499999523162842 0.0
365 0.015000000596046448 0.010555555112659931 1.4210526943206787 7.0999979972839355 0.0
366 0.016499999910593033 0.009444444440305233 1.7470588684082031 4.800000190734863 0.0
367 0.02550000138580799 0.010555555112659931 2.4157896041870117 3.4000015258789062 2.261702299118042
368 0.029000001028180122 0.009999999776482582 2.9000000953674316 4.700000286102295 0.0
369 0.025499999523162842 0.009999999776482582 2.549999952316284 3.5000014305114746 0.0
370 0.029500000178813934 0.009999999776482582 2.950000047683716 3.8000011444091797 0.0
371 0.023000001907348633 0.009444444440305233 2.4352943897247314 4.000000953674316 0.0
372 0.0195000022649765 0.010555555112659931 1.8473687171936035 7.899997234344482 0.0
373 0.014500001445412636 0.009999999776482582 1.4500001668930054 3.300001621246338 3.3044018745422363
374 0.026000000536441803 0.010555555112659931 2.463158130645752 4.100000858306885 0.0
375 0.02250000089406967 0.010555555112659931 2.1315791606903076 5.099999904632568 3.239682197570801
376 0.021000001579523087 0.009444444440305233 2.223529577255249 7.699997425079346 0.0
377 0.025499999523162842 0.009999999776482582 2.549999952316284 2.500002384185791 0.0
378 0.021500002592802048 0.009444444440305233 2.276470899581909 5.0 0.0
379 0.023000001907348633 0.009444444440305233 2.4352943897247314 4.500000476837158 0.0
380 0.027000000700354576 0.010555555112659931 2.5578949451446533 4.3000006675720215 0.0
381 0.0195000022649765 0.009444444440305233 2.0647060871124268 6.299998760223389 0.0
382 0.02500000037252903 0.009444444440305233 2.6470589637756348 0.5000025033950806 0.0
383 0.02550000138580799 0.010555555112659931 2.4157896041870117 4.000000953674316 0.0
384 0.017500001937150955 0.010555555112659931 1.6578949689865112 2.500002384185791 0.0
385 0.020500000566244125 0.009999999776482582 2.0500001907348633 7.199997901916504 0.0
386 0.013000000268220901 0.009444444440305233 1.3764705657958984 3.8000011444091797 3.1312756538391113
387 0.018000001087784767 0.010555555112659931 1.705263376235962 1.4000027179718018 0.0
388 0.020500000566244125 0.009999999776482582 2.0500001907348633 3.7000012397766113 0.0
389 0.027000000700354576 0.010555555112659931 2.5578949451446533 5.0 0.0
390 0.01850000023841858 0.010555555112659931 1.752631664276123 3.7000012397766113 0.0
391 0.017000000923871994 0.009999999776482582 1.7000001668930054 7.199997901916504 4.025102138519287
392 0.027499999850988388 0.010555555112659931 2.6052632331848145 1.8000028133392334 0.0
393 0.023500001057982445 0.009999999776482582 2.3500001430511475 4.3000006675720215 0.0
394 0.02500000223517418 0.010555555112659931 2.3684213161468506 5.0 2.515235185623169
395 0.017500001937150955 0.009999999776482582 1.750000238418579 1.4000027179718018 1.5818824768066406
396 0.018000001087784767 0.009999999776482582 1.8000001907348633 3.7000012397766113 0.0
397 0.01850000023841858 0.010555555112659931 1.752631664276123 7.699997425079346 0.0
398 0.014000000432133675 0.009444444440305233 1.4823529720306396 4.000000953674316 2.727738857269287
399 0.017500001937150955 0.009444444440305233 1.8529413938522339 3.8000011444091797 0.0
400 0.018000001087784767 0.009444444440305233 1.905882477760315 1.5000027418136597 0.0
401 0.02250000089406967 0.009999999776482582 2.250000238418579 4.3000006675720215 2.525547504425049
402 0.020000001415610313 0.009444444440305233 2.117647171020508 4.000000953674316 0.0
403 0.017000000923871994 0.009999999776482582 1.7000001668930054 4.3000006675720215 0.0
404 0.02500000037252903 0.009999999776482582 2.5 0.9000025987625122 0.0
405 0.024000000208616257 0.010555555112659931 2.27368426322937 2.200002670288086 0.0
406 0.024000000208616257 0.009999999776482582 2.4000000953674316 5.099999904632568 0.0
407 0.01850000023841858 0.009999999776482582 1.850000023841858 5.499999523162842 0.0
408 0.014000000432133675 0.009999999776482582 1.4000000953674316 6.899998188018799 0.0
409 0.026500001549720764 0.009999999776482582 2.6500000953674316 3.8000011444091797 0.0
410 0.03150000050663948 0.010555555112659931 2.984210729598999 2.200002670288086 1.977121114730835
411 0.021500002592802048 0.009999999776482582 2.1500003337860107 6.499998569488525 3.1320455074310303
412 0.023500001057982445 0.009444444440305233 2.4882354736328125 3.4000015258789062 0.0
413 0.02800000086426735 0.010555555112659931 2.6526317596435547 2.800002098083496 0.0
414 0.00800000037997961 0.009999999776482582 0.8000000715255737 7.299997806549072 0.0
415 0.017000000923871994 0.010555555112659931 1.610526442527771 0.9000025987625122 0.0
416 0.023000001907348633 0.009444444440305233 2.4352943897247314 4.700000286102295 0.0
417 0.021000001579523087 0.009444444440305233 2.223529577255249 4.200000762939453 0.0
418 0.01900000125169754 0.009444444440305233 2.0117647647857666 2.4000024795532227 0.0
419 0.015500000678002834 0.010555555112659931 1.468421220779419 6.19999885559082 0.0
420 0.024000000208616257 0.010555555112659931 2.27368426322937 4.3000006675720215 0.0
421 0.024500001221895218 0.010555555112659931 2.3210527896881104 0.8000025749206543 0.0
422 0.012000000104308128 0.010555555112659931 1.136842131614685 2.500002384185791 0.0
423 0.02800000086426735 0.009444444440305233 2.9647059440612793 4.3000006675720215 2.3013932704925537
424 0.0195000022649765 0.009999999776482582 1.950000286102295 5.899999141693115 0.0
425 0.015000000596046448 0.010555555112659931 1.4210526943206787 7.199997901916504 0.0
426 0.021500002592802048 0.009444444440305233 2.276470899581909 3.2000017166137695 0.0
427 0.014000000432133675 0.009444444440305233 1.4823529720306396 3.900001049041748 0.0
428 0.021000001579523087 0.009999999776482582 2.1000001430511475 4.200000762939453 0.0
429 0.014000000432133675 0.009999999776482582 1.4000000953674316 4.500000476837158 0.0
430 0.023500001057982445 0.010555555112659931 2.226315975189209 5.099999904632568 3.2066144943237305
431 0.02800000086426735 0.009444444440305233 2.9647059440612793 4.200000762939453 0.0
432 0.018000001087784767 0.009999999776482582 1.8000001907348633 3.300001621246338 0.0
433 0.018000001087784767 0.009999999776482582 1.8000001907348633 1.200002670288086 0.0
434 0.029500000178813934 0.009999999776482582 2.950000047683716 5.399999618530273 3.363924741744995
435 0.020500000566244125 0.009999999776482582 2.0500001907348633 3.2000017166137695 0.0
436 0.029500000178813934 0.010555555112659931 2.794736862182617 2.7000021934509277 0.0
437 0.020500000566244125 0.009999999776482582 2.0500001907348633 4.100000858306885 2.5115251541137695
438 0.020000001415610313 0.009444444440305233 2.117647171020508 4.100000858306885 0.0
439 0.009000000543892384 0.009444444440305233 0.9529412388801575 3.300001621246338 0.0
440 0.026000000536441803 0.009999999776482582 2.6000001430511475 3.600001335144043 1.955970287322998
441 0.018000001087784767 0.009999999776482582 1.8000001907348633 10.200005531311035 0.0
442 0.021000001579523087 0.009444444440305233 2.223529577255249 6.7999982833862305 0.0
443 0.021000001579523087 0.010555555112659931 1.9894739389419556 5.899999141693115 0.0
444 0.018000001087784767 0.010555555112659931 1.705263376235962 2.800002098083496 2.1163432598114014
445 0.0215000007301569 0.009999999776482582 2.1500000953674316 2.9000020027160645 2.159534215927124
446 1.0 0.929444432258606 1.075911521911621 -94.89912414550781 0.014142136089503765
447 0.017000000923871994 0.009444444440305233 1.8000000715255737 3.5000014305114746 0.0
448 1.0 0.8877778053283691 1.1264079809188843 -94.89912414550781 0.014142136089503765
449 0.024000000208616257 0.010555555112659931 2.27368426322937 2.4000024795532227 1.878474235534668
450 0.999500036239624 0.8855555653572083 1.1286700963974 -94.89912414550781 0.014142136089503765
451 0.02800000086426735 0.009444444440305233 2.9647059440612793 1.4000027179718018 0.0
452 0.013500001281499863 0.009444444440305233 1.4294118881225586 5.799999237060547 3.59980845451355
453 0.01900000125169754 0.010555555112659931 1.8000001907348633 3.600001335144043 0.0
454 0.017000000923871994 0.010555555112659931 1.610526442527771 4.700000286102295 2.8894171714782715
455 0.02250000089406967 0.010555555112659931 2.1315791606903076 3.600001335144043 0.0
456 0.024000000208616257 0.010555555112659931 2.27368426322937 5.099999904632568 2.475829839706421
457 0.025499999523162842 0.009444444440305233 2.700000047683716 0.6000025272369385 0.0
458 0.018000001087784767 0.009999999776482582 1.8000001907348633 2.800002098083496 0.0
459 0.024500001221895218 0.010555555112659931 2.3210527896881104 5.899999141693115 0.0
460 0.018000001087784767 0.009444444440305233 1.905882477760315 8.29999828338623 4.594051837921143
461 0.027000000700354576 0.010555555112659931 2.5578949451446533 3.000001907348633 0.0
462 0.021000001579523087 0.010555555112659931 1.9894739389419556 5.199999809265137 0.0
463 0.009999999776482582 0.010555555112659931 0.9473684430122375 3.300001621246338 2.0561416149139404
464 0.01900000125169754 0.010555555112659931 1.8000001907348633 7.999997138977051 0.0
465 0.02199999988079071 0.009999999776482582 2.200000047683716 1.200002670288086 0.0
466 0.024000000208616257 0.009444444440305233 2.5411765575408936 3.900001049041748 0.0
467 0.020500000566244125 0.009444444440305233 2.170588254928589 4.000000953674316 2.510576009750366
468 0.016500001773238182 0.009444444440305233 1.7470589876174927 5.099999904632568 3.5242326259613037
469 0.026000000536441803 0.009999999776482582 2.6000001430511475 2.200002670288086 1.388515591621399
470 0.016499999910593033 0.009999999776482582 1.649999976158142 5.199999809265137 0.0
471 0.02500000037252903 0.009999999776482582 2.5 4.3000006675720215 0.0
472 0.020000001415610313 0.010555555112659931 1.8947370052337646 2.4000024795532227 0.0
473 0.02200000174343586 0.009444444440305233 2.3294119834899902 4.700000286102295 0.0
474 0.020500000566244125 0.010555555112659931 1.9421054124832153 3.100001811981201 0.0
475 0.021500002592802048 0.009444444440305233 2.276470899581909 3.5000014305114746 0.0
476 0.01900000125169754 0.009444444440305233 2.0117647647857666 8.399998664855957 2.9155352115631104
477 0.010999999940395355 0.009999999776482582 1.100000023841858 5.099999904632568 0.0
478 0.017500001937150955 0.009444444440305233 1.8529413938522339 6.099998950958252 3.3845410346984863
479 0.02800000086426735 0.009444444440305233 2.9647059440612793 2.9000020027160645 0.0
480 0.016499999910593033 0.009444444440305233 1.7470588684082031 2.200002670288086 0.0
481 0.02200000174343586 0.010555555112659931 2.0842108726501465 3.7000012397766113 1.8661528825759888
482 0.021000001579523087 0.009444444440305233 2.223529577255249 4.40000057220459 0.0
483 0.025499999523162842 0.009444444440305233 2.700000047683716 4.40000057220459 0.0
484 0.018000001087784767 0.009444444440305233 1.905882477760315 3.900001049041748 0.0
485 0.020000001415610313 0.009999999776482582 2.000000238418579 5.0 0.0
486 0.0195000022649765 0.010555555112659931 1.8473687171936035 5.099999904632568 0.0
487 0.02500000037252903 0.009999999776482582 2.5 4.600000381469727 0.0
488 0.024000000208616257 0.010555555112659931 2.27368426322937 1.7000027894973755 0.0
489 0.013500001281499863 0.010555555112659931 1.2789475917816162 3.100001811981201 0.0
490 0.01850000023841858 0.009444444440305233 1.958823561668396 4.600000381469727 2.2484090328216553
491 0.012000000104308128 0.009999999776482582 1.2000000476837158 2.800002098083496 0.0
492 0.015500000678002834 0.010555555112659931 1.468421220779419 4.3000006675720215 0.0
493 0.019500000402331352 0.009999999776482582 1.9500000476837158 3.300001621246338 0.0
494 0.014000000432133675 0.009444444440305233 1.4823529720306396 6.599998474121094 0.0
495 0.017000000923871994 0.009999999776482582 1.7000001668930054 6.099998950958252 0.0
496 0.999500036239624 0.8888888955116272 1.1244375705718994 -94.89912414550781 0.014142136089503765
497 0.021000001579523087 0.010555555112659931 1.9894739389419556 4.600000381469727 0.0
498 0.02250000089406967 0.009999999776482582 2.250000238418579 2.3000025749206543 0.0
499 0.010500000789761543 0.009444444440305233 1.1117647886276245 3.2000017166137695 0.0
500 0.021000001579523087 0.010555555112659931 1.9894739389419556 1.9000028371810913 1.1941158771514893
