1 0.013000000268220901 0.009999999776482582 1.3000000715255737 6.299998760223389 0.0
2 0.016499999910593033 0.009444444440305233 1.7470588684082031 7.899997234344482 0.0
3 0.020500000566244125 0.009444444440305233 2.170588254928589 5.799999237060547 0.0
4 0.021000001579523087 0.010555555112659931 1.9894739389419556 5.299999713897705 0.0
5 0.02250000089406967 0.009999999776482582 2.250000238418579 6.299998760223389 0.0
6 0.01900000125169754 0.010555555112659931 1.8000001907348633 6.699998378753662 0.0
7 0.010999999940395355 0.009444444440305233 1.1647058725357056 5.899999141693115 0.0
8 0.023000001907348633 0.010555555112659931 2.178947687149048 4.700000286102295 0.0
9 0.020500000566244125 0.009999999776482582 2.0500001907348633 6.599998474121094 0.0
10 0.017500001937150955 0.009444444440305233 1.8529413938522339 5.499999523162842 0.0
11 0.02199999988079071 0.009444444440305233 2.329411745071411 11.600010871887207 0.0
12 0.018000001087784767 0.009444444440305233 1.905882477760315 6.699998378753662 0.0
13 0.01850000023841858 0.009444444440305233 1.958823561668396 6.499998569488525 0.0
14 0.01600000075995922 0.009444444440305233 1.694117784500122 9.900004386901855 0.0
15 0.020000001415610313 0.010555555112659931 1.8947370052337646 7.899997234344482 0.0
16 0.018000001087784767 0.009444444440305233 1.905882477760315 5.999999046325684 0.0
17 0.021000001579523087 0.009999999776482582 2.1000001430511475 5.499999523162842 0.0
18 0.010999999940395355 0.009444444440305233 1.1647058725357056 6.899998188018799 0.0
19 0.027499999850988388 0.009444444440305233 2.911764621734619 3.7000012397766113 0.0
20 0.020500000566244125 0.009999999776482582 2.0500001907348633 6.599998474121094 0.0
21 0.023000001907348633 0.009999999776482582 2.3000001907348633 3.900001049041748 0.0
22 0.02250000089406967 0.010555555112659931 2.1315791606903076 4.600000381469727 0.0
23 0.03200000151991844 0.010555555112659931 3.0315792560577393 4.800000190734863 0.0
24 0.013000000268220901 0.010555555112659931 1.231579065322876 9.900004386901855 0.0
25 0.027000000700354576 0.009999999776482582 2.700000047683716 3.8000011444091797 0.0
26 0.013500000350177288 0.010555555112659931 1.2789474725723267 7.599997520446777 0.0
27 0.016499999910593033 0.009444444440305233 1.7470588684082031 4.600000381469727 0.0
28 0.023500001057982445 0.009444444440305233 2.4882354736328125 8.399998664855957 0.0
29 0.01900000125169754 0.009999999776482582 1.9000002145767212 10.700007438659668 0.0
30 0.0215000007301569 0.009444444440305233 2.27647066116333 5.899999141693115 0.0
31 0.015500000678002834 0.009444444440305233 1.6411765813827515 7.799997329711914 0.0
32 0.02250000089406967 0.010555555112659931 2.1315791606903076 4.700000286102295 0.0
33 0.01600000075995922 0.010555555112659931 1.5157896280288696 9.50000286102295 0.0
34 0.014500001445412636 0.009999999776482582 1.4500001668930054 7.199997901916504 0.0
35 0.02199999988079071 0.009999999776482582 2.200000047683716 7.699997425079346 0.0
36 0.010500000789761543 0.009444444440305233 1.1117647886276245 7.899997234344482 0.0
37 0.01900000125169754 0.010555555112659931 1.8000001907348633 5.099999904632568 0.0
38 0.011500000953674316 0.010555555112659931 1.089473843574524 6.599998474121094 0.0
39 0.013500000350177288 0.010555555112659931 1.2789474725723267 5.0 0.0
40 0.016499999910593033 0.009999999776482582 1.649999976158142 5.899999141693115 0.0
41 0.021500002592802048 0.010555555112659931 2.0368423461914062 5.499999523162842 0.0
42 0.012000000104308128 0.009999999776482582 1.2000000476837158 5.199999809265137 0.0
43 0.01850000023841858 0.010555555112659931 1.752631664276123 4.100000858306885 0.0
44 0.017500001937150955 0.009999999776482582 1.750000238418579 5.6999993324279785 0.0
45 0.018000001087784767 0.009444444440305233 1.905882477760315 5.59999942779541 0.0
46 0.016499999910593033 0.009999999776482582 1.649999976158142 5.399999618530273 0.0
47 0.0215000007301569 0.009999999776482582 2.1500000953674316 4.700000286102295 0.0
48 0.015000000596046448 0.010555555112659931 1.4210526943206787 6.7999982833862305 0.0
49 0.015000000596046448 0.009444444440305233 1.5882353782653809 7.899997234344482 0.0
50 0.021000001579523087 0.009444444440305233 2.223529577255249 4.100000858306885 0.0
51 0.0195000022649765 0.009444444440305233 2.0647060871124268 6.299998760223389 0.0
52 0.016499999910593033 0.010555555112659931 1.5631579160690308 6.7999982833862305 0.0
53 0.0195000022649765 0.010555555112659931 1.8473687171936035 7.499997615814209 0.0
54 0.021500002592802048 0.009444444440305233 2.276470899581909 3.900001049041748 0.0
55 0.01850000023841858 0.009999999776482582 1.850000023841858 9.700003623962402 0.0
56 0.02199999988079071 0.009999999776482582 2.200000047683716 7.799997329711914 0.0
57 0.026500001549720764 0.009444444440305233 2.805882453918457 9.100001335144043 0.0
58 0.00950000062584877 0.009444444440305233 1.0058823823928833 6.399998664855957 0.0
59 0.02200000174343586 0.009444444440305233 2.3294119834899902 4.900000095367432 0.0
60 0.019999999552965164 0.009444444440305233 2.1176469326019287 4.000000953674316 0.0
61 0.016499999910593033 0.010555555112659931 1.5631579160690308 7.0999979972839355 0.0
62 0.03100000135600567 0.010555555112659931 2.936842441558838 0.3000025153160095 0.0
63 0.042500004172325134 0.009444444440305233 4.500000476837158 1.8000028133392334 0.0
64 0.02550000138580799 0.010555555112659931 2.4157896041870117 4.700000286102295 0.0
65 0.02250000089406967 0.009444444440305233 2.3823530673980713 4.200000762939453 0.0
66 0.020500000566244125 0.009999999776482582 2.0500001907348633 3.7000012397766113 0.0
67 0.01900000125169754 0.010555555112659931 1.8000001907348633 5.399999618530273 0.0
68 0.01900000125169754 0.009444444440305233 2.0117647647857666 5.499999523162842 0.0
69 0.013500000350177288 0.009444444440305233 1.429411768913269 6.399998664855957 0.0
70 0.020000001415610313 0.010555555112659931 1.8947370052337646 8.59999942779541 0.0
71 0.013500000350177288 0.010555555112659931 1.2789474725723267 6.099998950958252 0.0
72 0.0195000022649765 0.009999999776482582 1.950000286102295 16.00002670288086 0.0
73 0.02250000089406967 0.009999999776482582 2.250000238418579 7.399997711181641 0.0
74 0.01600000075995922 0.010555555112659931 1.5157896280288696 3.8000011444091797 0.0
75 0.02500000037252903 0.009999999776482582 2.5 6.7999982833862305 0.0
76 0.014000000432133675 0.010555555112659931 1.3263158798217773 7.999997138977051 0.0
77 0.01250000111758709 0.009999999776482582 1.2500001192092896 5.6999993324279785 0.0
78 0.027499999850988388 0.009999999776482582 2.75 5.6999993324279785 0.0
79 0.017000000923871994 0.009444444440305233 1.8000000715255737 4.700000286102295 0.0
80 0.01850000023841858 0.010555555112659931 1.752631664276123 8.29999828338623 0.0
81 0.021500002592802048 0.009999999776482582 2.1500003337860107 5.0 0.0
82 0.018000001087784767 0.009444444440305233 1.905882477760315 7.299997806549072 0.0
83 0.021000001579523087 0.009999999776482582 2.1000001430511475 9.800004005432129 0.0
84 0.015000000596046448 0.009444444440305233 1.5882353782653809 6.599998474121094 0.0
85 0.014500000514090061 0.010555555112659931 1.373684287071228 6.19999885559082 0.0
86 0.012000000104308128 0.009999999776482582 1.2000000476837158 8.29999828338623 0.0
87 0.026500001549720764 0.009999999776482582 2.6500000953674316 7.599997520446777 0.0
88 0.02199999988079071 0.009444444440305233 2.329411745071411 4.40000057220459 0.0
89 0.020000001415610313 0.009444444440305233 2.117647171020508 9.100001335144043 0.0
90 0.024000000208616257 0.010555555112659931 2.27368426322937 5.6999993324279785 0.0
91 0.0195000022649765 0.009999999776482582 1.950000286102295 5.199999809265137 0.0
92 0.024500001221895218 0.009999999776482582 2.450000286102295 7.399997711181641 0.0
93 0.014000000432133675 0.009444444440305233 1.4823529720306396 3.300001621246338 0.0
94 0.020000001415610313 0.009999999776482582 2.000000238418579 4.000000953674316 0.0
95 0.014500000514090061 0.009999999776482582 1.4500000476837158 7.299997806549072 0.0
96 0.017500001937150955 0.010555555112659931 1.6578949689865112 7.999997138977051 0.0
97 0.02500000037252903 0.010555555112659931 2.3684210777282715 1.9000028371810913 0.0
98 0.012000000104308128 0.009999999776482582 1.2000000476837158 8.199997901916504 0.0
99 0.024000000208616257 0.009999999776482582 2.4000000953674316 6.299998760223389 0.0
100 0.01600000075995922 0.009444444440305233 1.694117784500122 6.399998664855957 0.0
101 0.02199999988079071 0.009999999776482582 2.200000047683716 6.19999885559082 0.0
102 0.017000000923871994 0.009444444440305233 1.8000000715255737 9.100001335144043 0.0
103 0.018000001087784767 0.009999999776482582 1.8000001907348633 10.400006294250488 0.0
104 0.01100000087171793 0.009999999776482582 1.1000001430511475 9.50000286102295 0.0
105 0.999000072479248 0.8299999833106995 1.203614592552185 -94.89912414550781 0.009999999776482582
106 0.02250000089406967 0.009444444440305233 2.3823530673980713 4.700000286102295 0.0
107 0.013500000350177288 0.009444444440305233 1.429411768913269 5.399999618530273 0.0
108 0.021000001579523087 0.009444444440305233 2.223529577255249 5.6999993324279785 0.0
109 0.016499999910593033 0.009999999776482582 1.649999976158142 7.0999979972839355 0.0
110 0.023500001057982445 0.009999999776482582 2.3500001430511475 7.399997711181641 0.0
111 0.014000000432133675 0.009444444440305233 1.4823529720306396 7.199997901916504 0.0
112 0.02250000089406967 0.009999999776482582 2.250000238418579 5.099999904632568 0.0
113 0.013000000268220901 0.010555555112659931 1.231579065322876 5.0 0.0
114 0.017500001937150955 0.010555555112659931 1.6578949689865112 5.299999713897705 0.0
115 0.02250000089406967 0.009444444440305233 2.3823530673980713 2.7000021934509277 0.0
116 0.999000072479248 0.8633333444595337 1.1571428775787354 -94.89912414550781 0.009999999776482582
117 0.014000000432133675 0.009999999776482582 1.4000000953674316 5.799999237060547 0.0
118 0.009999999776482582 0.010555555112659931 0.9473684430122375 7.0999979972839355 0.0
119 0.017500001937150955 0.009444444440305233 1.8529413938522339 5.099999904632568 0.0
120 0.023500001057982445 0.009999999776482582 2.3500001430511475 4.500000476837158 0.0
121 0.017999999225139618 0.009999999776482582 1.7999999523162842 9.900004386901855 0.0
122 0.016499999910593033 0.009444444440305233 1.7470588684082031 3.4000015258789062 0.0
123 0.01900000125169754 0.010555555112659931 1.8000001907348633 4.600000381469727 0.0
124 0.015500000678002834 0.010555555112659931 1.468421220779419 6.299998760223389 0.0
125 0.017500001937150955 0.009999999776482582 1.750000238418579 2.7000021934509277 0.0
126 0.027000002562999725 0.009999999776482582 2.700000286102295 1.9000028371810913 0.0
127 0.01600000075995922 0.009999999776482582 1.6000001430511475 5.59999942779541 0.0
128 0.01850000023841858 0.009999999776482582 1.850000023841858 9.800004005432129 0.0
129 0.015500001609325409 0.009444444440305233 1.641176700592041 11.2000093460083 0.0
130 0.02200000174343586 0.009444444440305233 2.3294119834899902 10.000004768371582 0.0
131 0.015000000596046448 0.009444444440305233 1.5882353782653809 6.899998188018799 0.0
132 0.018000001087784767 0.009999999776482582 1.8000001907348633 5.999999046325684 0.0
133 0.016499999910593033 0.009444444440305233 1.7470588684082031 10.300005912780762 0.0
134 0.015000000596046448 0.009999999776482582 1.5000001192092896 3.600001335144043 0.0
135 0.0195000022649765 0.009999999776482582 1.950000286102295 8.499999046325684 0.0
136 0.008500000461935997 0.009999999776482582 0.8500000834465027 6.399998664855957 0.0
137 0.01850000023841858 0.009999999776482582 1.850000023841858 9.400002479553223 0.0
138 0.020000001415610313 0.009999999776482582 2.000000238418579 8.29999828338623 0.0
139 0.017500001937150955 0.009999999776482582 1.750000238418579 8.399998664855957 0.0
140 0.015500000678002834 0.010555555112659931 1.468421220779419 5.099999904632568 0.0
141 0.02250000089406967 0.009444444440305233 2.3823530673980713 6.999998092651367 0.0
142 0.02199999988079071 0.009999999776482582 2.200000047683716 6.699998378753662 0.0
143 0.00950000062584877 0.009444444440305233 1.0058823823928833 7.299997806549072 0.0
144 0.01600000075995922 0.009999999776482582 1.6000001430511475 7.0999979972839355 0.0
145 0.01850000023841858 0.009444444440305233 1.958823561668396 6.19999885559082 0.0
146 0.021500002592802048 0.009444444440305233 2.276470899581909 6.599998474121094 0.0
147 0.024500001221895218 0.010555555112659931 2.3210527896881104 7.499997615814209 0.0
148 0.01850000023841858 0.009999999776482582 1.850000023841858 10.400006294250488 0.0
149 0.021500002592802048 0.009999999776482582 2.1500003337860107 9.100001335144043 0.0
150 0.01850000023841858 0.009444444440305233 1.958823561668396 0.200002521276474 0.0
151 0.023000001907348633 0.009444444440305233 2.4352943897247314 6.499998569488525 0.0
152 0.01850000023841858 0.009999999776482582 1.850000023841858 1.9000028371810913 0.0
153 0.015500000678002834 0.009444444440305233 1.6411765813827515 9.100001335144043 0.0
154 0.01600000075995922 0.009999999776482582 1.6000001430511475 6.299998760223389 0.0
155 0.017000000923871994 0.009999999776482582 1.7000001668930054 4.900000095367432 0.0
156 0.021000001579523087 0.009444444440305233 2.223529577255249 8.699999809265137 0.0
157 0.012500000186264515 0.010555555112659931 1.1842105388641357 5.6999993324279785 0.0
158 0.017000000923871994 0.009444444440305233 1.8000000715255737 7.899997234344482 0.0
159 0.018000001087784767 0.009999999776482582 1.8000001907348633 3.100001811981201 0.0
160 0.0195000022649765 0.009999999776482582 1.950000286102295 6.699998378753662 0.0
161 0.023000001907348633 0.009999999776482582 2.3000001907348633 4.900000095367432 0.0
162 0.011500000953674316 0.009999999776482582 1.1500000953674316 7.999997138977051 0.0
163 0.014500001445412636 0.009444444440305233 1.5352942943572998 13.000016212463379 0.0
164 0.012000000104308128 0.009999999776482582 1.2000000476837158 8.199997901916504 0.0
165 0.016499999910593033 0.010555555112659931 1.5631579160690308 5.799999237060547 0.0
166 0.020500000566244125 0.009444444440305233 2.170588254928589 9.400002479553223 0.0
167 0.020500000566244125 0.010555555112659931 1.9421054124832153 5.59999942779541 0.0
168 0.01900000125169754 0.010555555112659931 1.8000001907348633 5.499999523162842 0.0
169 0.014000000432133675 0.010555555112659931 1.3263158798217773 8.399998664855957 0.0
170 0.01850000023841858 0.009444444440305233 1.958823561668396 5.299999713897705 0.0
171 0.019999999552965164 0.009444444440305233 2.1176469326019287 7.199997901916504 0.0
172 0.015000000596046448 0.009444444440305233 1.5882353782653809 3.600001335144043 0.0
173 0.018000001087784767 0.010555555112659931 1.705263376235962 7.199997901916504 0.0
174 0.017000000923871994 0.009444444440305233 1.8000000715255737 6.999998092651367 0.0
175 0.015500000678002834 0.009444444440305233 1.6411765813827515 7.899997234344482 0.0
176 0.017500001937150955 0.010555555112659931 1.6578949689865112 1.0000026226043701 0.0
177 0.012000000104308128 0.009999999776482582 1.2000000476837158 5.999999046325684 0.0
178 0.016499999910593033 0.009444444440305233 1.7470588684082031 5.799999237060547 0.0
179 0.02200000174343586 0.010555555112659931 2.0842108726501465 6.699998378753662 0.0
180 0.02199999988079071 0.009999999776482582 2.200000047683716 7.499997615814209 0.0
181 0.0215000007301569 0.009999999776482582 2.1500000953674316 6.299998760223389 0.0
182 0.017500001937150955 0.009999999776482582 1.750000238418579 8.199997901916504 0.0
183 0.012000000104308128 0.009999999776482582 1.2000000476837158 6.7999982833862305 0.0
184 0.015000000596046448 0.009444444440305233 1.5882353782653809 14.300021171569824 0.0
185 0.023500001057982445 0.009999999776482582 2.3500001430511475 4.500000476837158 0.0
186 0.029500000178813934 0.009444444440305233 3.1235294342041016 4.700000286102295 0.0
187 0.011500000953674316 0.009999999776482582 1.1500000953674316 10.400006294250488 0.0
188 0.020500000566244125 0.010555555112659931 1.9421054124832153 4.000000953674316 0.0
189 0.012000000104308128 0.009444444440305233 1.2705882787704468 12.300013542175293 0.0
190 0.026500001549720764 0.010555555112659931 2.510526657104492 4.3000006675720215 0.0
191 0.015000000596046448 0.009999999776482582 1.5000001192092896 5.099999904632568 0.0
192 0.025499999523162842 0.010555555112659931 2.4157896041870117 4.200000762939453 3.3303074836730957
193 0.027000002562999725 0.009444444440305233 2.858823776245117 6.999998092651367 0.0
194 0.02500000223517418 0.009999999776482582 2.500000238418579 3.8000011444091797 0.0
195 0.011500000953674316 0.009444444440305233 1.2176471948623657 7.499997615814209 0.0
196 0.009999999776482582 0.009444444440305233 1.0588234663009644 0.6000025272369385 0.0
197 0.01900000125169754 0.009999999776482582 1.9000002145767212 6.999998092651367 0.0
198 0.020500000566244125 0.009999999776482582 2.0500001907348633 6.19999885559082 0.0
199 0.02850000187754631 0.009444444440305233 3.0176472663879395 7.299997806549072 0.0
200 0.02200000174343586 0.009444444440305233 2.3294119834899902 5.6999993324279785 0.0
201 0.010999999940395355 0.010555555112659931 1.0421053171157837 4.900000095367432 0.0
202 0.017000000923871994 0.010555555112659931 1.610526442527771 10.600007057189941 0.0
203 0.01600000075995922 0.009999999776482582 1.6000001430511475 6.099998950958252 0.0
204 0.020500000566244125 0.009999999776482582 2.0500001907348633 5.199999809265137 0.0
205 0.023000001907348633 0.009444444440305233 2.4352943897247314 6.099998950958252 0.0
206 0.018000001087784767 0.010555555112659931 1.705263376235962 5.899999141693115 0.0
207 0.02250000089406967 0.009999999776482582 2.250000238418579 6.499998569488525 0.0
208 0.017000000923871994 0.009999999776482582 1.7000001668930054 6.599998474121094 0.0
209 0.01600000075995922 0.009999999776482582 1.6000001430511475 7.899997234344482 0.0
210 0.020500000566244125 0.010555555112659931 1.9421054124832153 3.600001335144043 0.0
211 0.024000000208616257 0.009444444440305233 2.5411765575408936 5.099999904632568 0.0
212 0.02250000089406967 0.009444444440305233 2.3823530673980713 3.000001907348633 0.0
213 0.0215000007301569 0.009444444440305233 2.27647066116333 4.600000381469727 0.0
214 0.021500002592802048 0.009999999776482582 2.1500003337860107 7.799997329711914 0.0
215 0.016499999910593033 0.009999999776482582 1.649999976158142 5.199999809265137 0.0
216 0.01900000125169754 0.009999999776482582 1.9000002145767212 4.100000858306885 0.0
217 0.010500000789761543 0.009999999776482582 1.0500000715255737 10.500006675720215 0.0
218 0.999500036239624 0.8894444704055786 1.1237351894378662 -94.89912414550781 0.009999999776482582
219 0.01900000125169754 0.009444444440305233 2.0117647647857666 5.6999993324279785 0.0
220 0.024500001221895218 0.010555555112659931 2.3210527896881104 4.40000057220459 0.0
221 0.013500000350177288 0.009444444440305233 1.429411768913269 5.899999141693115 0.0
222 0.01900000125169754 0.010555555112659931 1.8000001907348633 5.899999141693115 0.0
223 0.024500001221895218 0.010555555112659931 2.3210527896881104 9.900004386901855 0.0
224 0.021000001579523087 0.010555555112659931 1.9894739389419556 8.59999942779541 0.0
225 0.026500001549720764 0.010555555112659931 2.510526657104492 3.8000011444091797 0.0
226 0.015500000678002834 0.010555555112659931 1.468421220779419 7.199997901916504 0.0
227 0.021000001579523087 0.009999999776482582 2.1000001430511475 9.600003242492676 0.0
228 0.015000000596046448 0.009444444440305233 1.5882353782653809 5.59999942779541 0.0
229 0.011500000953674316 0.009444444440305233 1.2176471948623657 7.799997329711914 0.0
230 0.02199999988079071 0.009999999776482582 2.200000047683716 5.299999713897705 0.0
231 0.024500001221895218 0.009444444440305233 2.5941178798675537 4.700000286102295 0.0
232 0.020500000566244125 0.009999999776482582 2.0500001907348633 5.499999523162842 0.0
233 0.016499999910593033 0.009444444440305233 1.7470588684082031 5.299999713897705 0.0
234 0.02850000187754631 0.009999999776482582 2.8500001430511475 2.000002861022949 0.0
235 0.021000001579523087 0.009444444440305233 2.223529577255249 5.099999904632568 0.0
236 0.026500001549720764 0.009999999776482582 2.6500000953674316 1.9000028371810913 0.0
237 0.020500000566244125 0.009444444440305233 2.170588254928589 9.700003623962402 0.0
238 0.01850000023841858 0.010555555112659931 1.752631664276123 7.699997425079346 0.0
239 0.020000001415610313 0.009444444440305233 2.117647171020508 9.20000171661377 0.0
240 0.011500000953674316 0.009444444440305233 1.2176471948623657 6.999998092651367 0.0
241 0.016499999910593033 0.009444444440305233 1.7470588684082031 7.399997711181641 0.0
242 0.03150000050663948 0.009999999776482582 3.1500000953674316 1.7000027894973755 0.0
243 0.020500000566244125 0.010555555112659931 1.9421054124832153 7.499997615814209 0.0
244 0.020000001415610313 0.009999999776482582 2.000000238418579 6.499998569488525 0.0
245 0.015000000596046448 0.009999999776482582 1.5000001192092896 5.199999809265137 0.0
246 0.027000000700354576 0.009999999776482582 2.700000047683716 3.8000011444091797 0.0
247 0.0195000022649765 0.009999999776482582 1.950000286102295 13.900019645690918 0.0
248 1.0 0.8916666507720947 1.1214953660964966 -94.89912414550781 0.009999999776482582
249 0.015500001609325409 0.009444444440305233 1.641176700592041 7.499997615814209 0.0
250 0.01850000023841858 0.010555555112659931 1.752631664276123 6.7999982833862305 0.0
251 0.023500001057982445 0.009999999776482582 2.3500001430511475 4.3000006675720215 0.0
252 0.025499999523162842 0.009999999776482582 2.549999952316284 4.700000286102295 0.0
253 0.023000001907348633 0.010555555112659931 2.178947687149048 6.499998569488525 0.0
254 0.01850000023841858 0.009444444440305233 1.958823561668396 7.0999979972839355 0.0
255 0.01600000075995922 0.010555555112659931 1.5157896280288696 3.600001335144043 0.0
256 0.025499999523162842 0.009999999776482582 2.549999952316284 4.500000476837158 0.0
257 0.0215000007301569 0.009444444440305233 2.27647066116333 7.399997711181641 0.0
258 0.021000001579523087 0.009444444440305233 2.223529577255249 3.2000017166137695 0.0
259 0.01900000125169754 0.009444444440305233 2.0117647647857666 9.50000286102295 0.0
260 0.015000000596046448 0.009999999776482582 1.5000001192092896 1.9000028371810913 0.0
261 0.027000000700354576 0.009444444440305233 2.858823537826538 4.200000762939453 0.0
262 0.0195000022649765 0.009444444440305233 2.0647060871124268 7.999997138977051 0.0
263 0.017500001937150955 0.009444444440305233 1.8529413938522339 7.499997615814209 0.0
264 0.014000000432133675 0.009999999776482582 1.4000000953674316 8.499999046325684 0.0
265 0.03150000050663948 0.010555555112659931 2.984210729598999 3.300001621246338 0.0
266 0.018000001087784767 0.010555555112659931 1.705263376235962 7.799997329711914 0.0
267 0.02200000174343586 0.010555555112659931 2.0842108726501465 4.000000953674316 0.0
268 0.0195000022649765 0.010555555112659931 1.8473687171936035 7.499997615814209 0.0
269 0.01900000125169754 0.009999999776482582 1.9000002145767212 3.2000017166137695 0.0
270 0.03150000050663948 0.009444444440305233 3.335294246673584 6.7999982833862305 0.0
271 0.023000001907348633 0.009444444440305233 2.4352943897247314 7.299997806549072 0.0
272 0.017000000923871994 0.009444444440305233 1.8000000715255737 9.20000171661377 0.0
273 0.017500001937150955 0.009999999776482582 1.750000238418579 6.599998474121094 0.0
274 0.027000000700354576 0.009444444440305233 2.858823537826538 5.899999141693115 0.0
275 0.9980000257492065 0.8177777528762817 1.2203805446624756 -94.89912414550781 0.009999999776482582
276 0.01850000023841858 0.009444444440305233 1.958823561668396 6.999998092651367 0.0
277 0.017000000923871994 0.009444444440305233 1.8000000715255737 8.099997520446777 0.0
278 0.024000000208616257 0.010555555112659931 2.27368426322937 7.199997901916504 0.0
279 0.012500000186264515 0.009444444440305233 1.3235294818878174 7.999997138977051 0.0
280 0.020500000566244125 0.009444444440305233 2.170588254928589 6.699998378753662 0.0
281 0.0195000022649765 0.009444444440305233 2.0647060871124268 8.399998664855957 0.0
282 0.016500001773238182 0.010555555112659931 1.5631581544876099 6.499998569488525 0.0
283 0.023000001907348633 0.009444444440305233 2.4352943897247314 5.099999904632568 0.0
284 0.00950000062584877 0.009999999776482582 0.9500001072883606 7.399997711181641 0.0
285 0.023500001057982445 0.009999999776482582 2.3500001430511475 5.0 0.0
286 0.015500001609325409 0.009999999776482582 1.5500001907348633 9.20000171661377 0.0
287 0.017500001937150955 0.010555555112659931 1.6578949689865112 4.500000476837158 0.0
288 0.014000000432133675 0.009444444440305233 1.4823529720306396 7.599997520446777 0.0
289 0.024000000208616257 0.009444444440305233 2.5411765575408936 5.399999618530273 0.0
290 0.023000001907348633 0.010555555112659931 2.178947687149048 5.199999809265137 0.0
291 0.7260000705718994 0.35055556893348694 2.070998430252075 0.10000251978635788 0.0
292 0.015500001609325409 0.009444444440305233 1.641176700592041 7.999997138977051 0.0
293 0.02250000089406967 0.010555555112659931 2.1315791606903076 5.099999904632568 0.0
294 0.017000000923871994 0.009444444440305233 1.8000000715255737 6.399998664855957 0.0
295 0.024000000208616257 0.010555555112659931 2.27368426322937 9.20000171661377 0.0
296 0.02500000223517418 0.009999999776482582 2.500000238418579 9.600003242492676 0.0
297 0.0215000007301569 0.009999999776482582 2.1500000953674316 14.200020790100098 0.0
298 0.016499999910593033 0.009444444440305233 1.7470588684082031 7.299997806549072 0.0
299 0.01600000075995922 0.009999999776482582 1.6000001430511475 8.499999046325684 0.0
300 0.021000001579523087 0.009444444440305233 2.223529577255249 7.0999979972839355 0.0
301 0.0215000007301569 0.009444444440305233 2.27647066116333 4.700000286102295 0.0
302 0.011500000953674316 0.009999999776482582 1.1500000953674316 6.7999982833862305 0.0
303 0.014500000514090061 0.009444444440305233 1.5352941751480103 7.499997615814209 0.0
304 0.02250000089406967 0.009444444440305233 2.3823530673980713 1.100002646446228 0.0
305 0.017000000923871994 0.009999999776482582 1.7000001668930054 8.499999046325684 0.0
306 0.014500000514090061 0.009444444440305233 1.5352941751480103 8.699999809265137 0.0
307 0.020000001415610313 0.009444444440305233 2.117647171020508 8.699999809265137 0.0
308 0.0215000007301569 0.010555555112659931 2.0368423461914062 3.4000015258789062 0.0
309 0.017500001937150955 0.010555555112659931 1.6578949689865112 3.000001907348633 0.0
310 0.021000001579523087 0.010555555112659931 1.9894739389419556 6.599998474121094 0.0
311 0.020500000566244125 0.009444444440305233 2.170588254928589 6.399998664855957 0.0
312 0.015500000678002834 0.009999999776482582 1.5500000715255737 11.300009727478027 0.0
313 0.020000001415610313 0.009444444440305233 2.117647171020508 8.800000190734863 0.0
314 0.01850000023841858 0.009999999776482582 1.850000023841858 7.399997711181641 0.0
315 0.023000001907348633 0.009999999776482582 2.3000001907348633 7.799997329711914 0.0
316 0.02200000174343586 0.009999999776482582 2.200000286102295 5.499999523162842 0.0
317 0.021500002592802048 0.009999999776482582 2.1500003337860107 4.100000858306885 0.0
318 0.021500002592802048 0.009444444440305233 2.276470899581909 10.400006294250488 0.0
319 0.023000001907348633 0.009444444440305233 2.4352943897247314 6.699998378753662 0.0
320 0.0195000022649765 0.009999999776482582 1.950000286102295 9.900004386901855 0.0
321 0.02850000187754631 0.009444444440305233 3.0176472663879395 1.7000027894973755 0.0
322 0.9990000128746033 0.867222249507904 1.1519538164138794 -94.89912414550781 0.009999999776482582
323 0.016499999910593033 0.009444444440305233 1.7470588684082031 6.599998474121094 0.0
324 0.012000000104308128 0.009444444440305233 1.2705882787704468 5.59999942779541 0.0
325 0.019999999552965164 0.010555555112659931 1.894736886024475 3.2000017166137695 0.0
326 0.023500001057982445 0.009444444440305233 2.4882354736328125 5.199999809265137 0.0
327 0.015500000678002834 0.009444444440305233 1.6411765813827515 2.7000021934509277 0.0
328 0.018000001087784767 0.010555555112659931 1.705263376235962 10.000004768371582 0.0
329 0.018000001087784767 0.009444444440305233 1.905882477760315 6.19999885559082 0.0
330 0.021000001579523087 0.010555555112659931 1.9894739389419556 6.099998950958252 0.0
331 0.01850000023841858 0.009999999776482582 1.850000023841858 7.199997901916504 0.0
332 0.01850000023841858 0.010555555112659931 1.752631664276123 7.999997138977051 0.0
333 0.015500000678002834 0.009999999776482582 1.5500000715255737 6.599998474121094 0.0
334 0.017500001937150955 0.009999999776482582 1.750000238418579 9.100001335144043 0.0
335 0.01850000023841858 0.010555555112659931 1.752631664276123 7.199997901916504 0.0
336 0.0215000007301569 0.010555555112659931 2.0368423461914062 5.0 0.0
337 0.023500001057982445 0.009444444440305233 2.4882354736328125 5.0 0.0
338 0.023500001057982445 0.010555555112659931 2.226315975189209 3.600001335144043 0.0
339 0.01900000125169754 0.009444444440305233 2.0117647647857666 5.59999942779541 0.0
340 0.02850000187754631 0.009444444440305233 3.0176472663879395 2.4000024795532227 0.0
341 0.9975000619888306 0.8361111283302307 1.1930233240127563 -94.89912414550781 0.009999999776482582
342 0.013000000268220901 0.009444444440305233 1.3764705657958984 3.300001621246338 0.0
343 0.016499999910593033 0.009444444440305233 1.7470588684082031 6.7999982833862305 0.0
344 0.019999999552965164 0.010555555112659931 1.894736886024475 8.800000190734863 0.0
345 0.020500000566244125 0.009444444440305233 2.170588254928589 5.799999237060547 0.0
346 0.017000000923871994 0.009444444440305233 1.8000000715255737 6.299998760223389 0.0
347 0.019500000402331352 0.009444444440305233 2.0647058486938477 7.399997711181641 0.0
348 0.020500000566244125 0.009444444440305233 2.170588254928589 5.399999618530273 0.0
349 0.020500000566244125 0.009444444440305233 2.170588254928589 6.899998188018799 0.0
350 0.02550000138580799 0.009444444440305233 2.700000047683716 6.7999982833862305 0.0
351 0.018000001087784767 0.009444444440305233 1.905882477760315 7.0999979972839355 0.0
352 0.029500000178813934 0.010555555112659931 2.794736862182617 11.400010108947754 0.0
353 0.01850000023841858 0.009444444440305233 1.958823561668396 7.699997425079346 0.0
354 0.017500001937150955 0.010555555112659931 1.6578949689865112 5.099999904632568 0.0
355 0.01850000023841858 0.009999999776482582 1.850000023841858 5.59999942779541 0.0
356 0.020000001415610313 0.010555555112659931 1.8947370052337646 6.699998378753662 0.0
357 0.013500001281499863 0.009444444440305233 1.4294118881225586 9.000000953674316 0.0
358 0.01850000023841858 0.009999999776482582 1.850000023841858 4.700000286102295 0.0
359 0.01900000125169754 0.009444444440305233 2.0117647647857666 2.7000021934509277 0.0
360 0.030000001192092896 0.010555555112659931 2.8421053886413574 2.1000027656555176 0.0
361 0.02199999988079071 0.010555555112659931 2.0842106342315674 11.600010871887207 0.0
362 0.0195000022649765 0.009444444440305233 2.0647060871124268 8.499999046325684 0.0
363 0.013500000350177288 0.010555555112659931 1.2789474725723267 6.699998378753662 0.0
364 0.014000000432133675 0.009999999776482582 1.4000000953674316 7.299997806549072 0.0
365 0.021000001579523087 0.009999999776482582 2.1000001430511475 11.600010871887207 0.0
366 0.009000000543892384 0.010555555112659931 0.852631688117981 6.299998760223389 0.0
367 0.02550000138580799 0.010555555112659931 2.4157896041870117 5.099999904632568 0.0
368 0.024500001221895218 0.010555555112659931 2.3210527896881104 7.499997615814209 0.0
369 0.01600000075995922 0.009999999776482582 1.6000001430511475 5.299999713897705 0.0
370 0.021500002592802048 0.009444444440305233 2.276470899581909 5.59999942779541 0.0
371 0.017500001937150955 0.009999999776482582 1.750000238418579 5.499999523162842 0.0
372 0.011500000953674316 0.009999999776482582 1.1500000953674316 10.000004768371582 0.0
373 0.018000001087784767 0.009444444440305233 1.905882477760315 5.499999523162842 0.0
374 0.020500000566244125 0.009444444440305233 2.170588254928589 6.099998950958252 0.0
375 0.024000000208616257 0.010555555112659931 2.27368426322937 7.799997329711914 0.0
376 0.017500001937150955 0.009999999776482582 1.750000238418579 11.600010871887207 0.0
377 0.03550000116229057 0.010555555112659931 3.3631582260131836 4.3000006675720215 0.0
378 0.01900000125169754 0.009999999776482582 1.9000002145767212 6.999998092651367 0.0
379 0.021500002592802048 0.010555555112659931 2.0368423461914062 6.699998378753662 0.0
380 0.023000001907348633 0.010555555112659931 2.178947687149048 6.599998474121094 0.0
381 0.01900000125169754 0.009444444440305233 2.0117647647857666 8.699999809265137 0.0
382 0.029000001028180122 0.009444444440305233 3.0705883502960205 0.7000025510787964 0.0
383 0.015500000678002834 0.010555555112659931 1.468421220779419 5.999999046325684 0.0
384 0.017000000923871994 0.009444444440305233 1.8000000715255737 3.8000011444091797 0.0
385 0.023500001057982445 0.010555555112659931 2.226315975189209 10.000004768371582 0.0
386 0.016499999910593033 0.009444444440305233 1.7470588684082031 5.799999237060547 0.0
387 0.01850000023841858 0.010555555112659931 1.752631664276123 2.1000027656555176 0.0
388 0.019500000402331352 0.009444444440305233 2.0647058486938477 5.199999809265137 0.0
389 0.018000001087784767 0.009999999776482582 1.8000001907348633 6.599998474121094 0.0
390 0.021000001579523087 0.009444444440305233 2.223529577255249 5.59999942779541 0.0
391 0.01600000075995922 0.009444444440305233 1.694117784500122 8.800000190734863 0.0
392 0.02250000089406967 0.009999999776482582 2.250000238418579 2.500002384185791 0.0
393 0.01600000075995922 0.010555555112659931 1.5157896280288696 6.399998664855957 0.0
394 0.015500000678002834 0.010555555112659931 1.468421220779419 7.399997711181641 0.0
395 0.017500001937150955 0.009444444440305233 1.8529413938522339 2.3000025749206543 0.0
396 0.017500001937150955 0.009444444440305233 1.8529413938522339 5.899999141693115 0.0
397 0.01850000023841858 0.009999999776482582 1.850000023841858 9.900004386901855 0.0
398 0.01900000125169754 0.009444444440305233 2.0117647647857666 6.499998569488525 0.0
399 0.010999999940395355 0.009444444440305233 1.1647058725357056 5.799999237060547 0.0
400 0.014500000514090061 0.009444444440305233 1.5352941751480103 2.3000025749206543 0.0
401 0.01900000125169754 0.009999999776482582 1.9000002145767212 5.6999993324279785 0.0
402 0.026500001549720764 0.010555555112659931 2.510526657104492 6.299998760223389 0.0
403 0.020500000566244125 0.009999999776482582 2.0500001907348633 5.999999046325684 0.0
404 0.016499999910593033 0.009999999776482582 1.649999976158142 1.3000026941299438 0.0
405 0.021000001579523087 0.009999999776482582 2.1000001430511475 3.100001811981201 0.0
406 0.023000001907348633 0.009444444440305233 2.4352943897247314 8.59999942779541 0.0
407 0.011500000953674316 0.009999999776482582 1.1500000953674316 7.999997138977051 0.0
408 0.01600000075995922 0.010555555112659931 1.5157896280288696 10.100005149841309 0.0
409 0.013000000268220901 0.009999999776482582 1.3000000715255737 5.59999942779541 0.0
410 0.02200000174343586 0.010555555112659931 2.0842108726501465 3.4000015258789062 0.0
411 0.016499999910593033 0.009999999776482582 1.649999976158142 8.90000057220459 0.0
412 0.026000000536441803 0.009999999776482582 2.6000001430511475 5.099999904632568 0.0
413 0.021000001579523087 0.010555555112659931 1.9894739389419556 4.40000057220459 0.0
414 0.011500000953674316 0.010555555112659931 1.089473843574524 10.200005531311035 0.0
415 0.02250000089406967 0.009444444440305233 2.3823530673980713 1.5000027418136597 0.0
416 0.01600000075995922 0.009444444440305233 1.694117784500122 7.0999979972839355 0.0
417 0.015500000678002834 0.010555555112659931 1.468421220779419 6.499998569488525 0.0
418 0.02500000223517418 0.010555555112659931 2.3684213161468506 4.000000953674316 0.0
419 0.018000001087784767 0.009444444440305233 1.905882477760315 7.699997425079346 0.0
420 0.00950000062584877 0.009999999776482582 0.9500001072883606 6.099998950958252 0.0
421 0.017500001937150955 0.010555555112659931 1.6578949689865112 1.200002670288086 0.0
422 0.023000001907348633 0.009444444440305233 2.4352943897247314 3.5000014305114746 0.0
423 0.018000001087784767 0.009999999776482582 1.8000001907348633 5.899999141693115 0.0
424 0.017000000923871994 0.009444444440305233 1.8000000715255737 7.699997425079346 0.0
425 0.019500000402331352 0.009444444440305233 2.0647058486938477 10.100005149841309 0.0
426 0.017500001937150955 0.009999999776482582 1.750000238418579 5.299999713897705 0.0
427 0.023000001907348633 0.009444444440305233 2.4352943897247314 6.19999885559082 0.0
428 0.01600000075995922 0.009444444440305233 1.694117784500122 6.499998569488525 0.0
429 0.015000000596046448 0.010555555112659931 1.4210526943206787 6.599998474121094 0.0
430 0.01900000125169754 0.010555555112659931 1.8000001907348633 7.499997615814209 0.0
431 0.0195000022649765 0.009999999776482582 1.950000286102295 5.899999141693115 0.0
432 0.016499999910593033 0.009999999776482582 1.649999976158142 5.399999618530273 0.0
433 0.01900000125169754 0.010555555112659931 1.8000001907348633 1.9000028371810913 0.0
434 0.01900000125169754 0.010555555112659931 1.8000001907348633 8.29999828338623 0.0
435 0.013500001281499863 0.009999999776482582 1.3500001430511475 5.199999809265137 0.0
436 0.01850000023841858 0.009999999776482582 1.850000023841858 4.000000953674316 0.0
437 0.018000001087784767 0.009444444440305233 1.905882477760315 6.399998664855957 0.0
438 0.016499999910593033 0.010555555112659931 1.5631579160690308 6.599998474121094 0.0
439 0.020500000566244125 0.009999999776482582 2.0500001907348633 5.0 0.0
440 0.015500000678002834 0.009444444440305233 1.6411765813827515 5.899999141693115 0.0
441 0.01900000125169754 0.009444444440305233 2.0117647647857666 13.700018882751465 0.0
442 0.017500001937150955 0.009444444440305233 1.8529413938522339 8.699999809265137 0.0
443 0.017500000074505806 0.010555555112659931 1.6578948497772217 8.90000057220459 0.0
444 0.0215000007301569 0.009444444440305233 2.27647066116333 4.3000006675720215 0.0
445 0.02550000138580799 0.009999999776482582 2.5500001907348633 4.500000476837158 0.0
446 1.0 0.898888885974884 1.1124845743179321 -94.89912414550781 0.009999999776482582
447 0.03200000151991844 0.010555555112659931 3.0315792560577393 5.199999809265137 0.0
448 0.999500036239624 0.879444420337677 1.1365129947662354 -94.89912414550781 0.009999999776482582
449 0.021000001579523087 0.010555555112659931 1.9894739389419556 3.900001049041748 0.0
450 1.0 0.8811110854148865 1.1349307298660278 -94.89912414550781 0.009999999776482582
451 0.024500001221895218 0.010555555112659931 2.3210527896881104 2.200002670288086 0.0
452 0.013000000268220901 0.009999999776482582 1.3000000715255737 9.20000171661377 0.0
453 0.025499999523162842 0.009999999776482582 2.549999952316284 5.199999809265137 0.0
454 0.011500000953674316 0.009999999776482582 1.1500000953674316 6.399998664855957 0.0
455 0.014500000514090061 0.009444444440305233 1.5352941751480103 4.900000095367432 0.0
456 0.013500000350177288 0.009999999776482582 1.350000023841858 7.399997711181641 0.0
457 0.020500000566244125 0.009999999776482582 2.0500001907348633 0.8000025749206543 0.0
458 0.023000001907348633 0.010555555112659931 2.178947687149048 4.500000476837158 0.0
459 0.015500000678002834 0.009999999776482582 1.5500000715255737 8.499999046325684 0.0
460 0.024500001221895218 0.010555555112659931 2.3210527896881104 11.2000093460083 0.0
461 0.027499999850988388 0.009444444440305233 2.911764621734619 4.700000286102295 0.0
462 0.01850000023841858 0.009444444440305233 1.958823561668396 7.399997711181641 0.0
463 0.015000000596046448 0.009444444440305233 1.5882353782653809 5.099999904632568 0.0
464 0.013000000268220901 0.010555555112659931 1.231579065322876 10.400006294250488 0.0
465 0.019500000402331352 0.009999999776482582 1.9500000476837158 1.7000027894973755 0.0
466 0.024000000208616257 0.010555555112659931 2.27368426322937 6.099998950958252 0.0
467 0.020000001415610313 0.009999999776482582 2.000000238418579 6.399998664855957 0.0
468 0.012000000104308128 0.010555555112659931 1.136842131614685 6.699998378753662 0.0
469 0.017500001937150955 0.009444444440305233 1.8529413938522339 3.2000017166137695 0.0
470 0.018000001087784767 0.010555555112659931 1.705263376235962 7.999997138977051 0.0
471 0.012500000186264515 0.009444444440305233 1.3235294818878174 6.399998664855957 0.0
472 0.027499999850988388 0.009444444440305233 2.911764621734619 4.000000953674316 0.0
473 0.01850000023841858 0.009999999776482582 1.850000023841858 6.999998092651367 0.0
474 0.03100000135600567 0.010555555112659931 2.936842441558838 5.0 0.0
475 0.01600000075995922 0.009999999776482582 1.6000001430511475 5.099999904632568 3.398019790649414
476 0.01850000023841858 0.009444444440305233 1.958823561668396 12.200013160705566 0.0
477 0.021000001579523087 0.009444444440305233 2.223529577255249 7.999997138977051 0.0
478 0.013500000350177288 0.009444444440305233 1.429411768913269 7.299997806549072 0.0
479 0.026500001549720764 0.010555555112659931 2.510526657104492 4.900000095367432 0.0
480 0.03350000083446503 0.009444444440305233 3.5470588207244873 3.600001335144043 0.0
481 0.010500000789761543 0.010555555112659931 0.9947369694709778 5.399999618530273 0.0
482 0.02199999988079071 0.009999999776482582 2.200000047683716 6.399998664855957 0.0
483 0.008999999612569809 0.009999999776482582 0.8999999761581421 5.59999942779541 0.0
484 0.024500001221895218 0.010555555112659931 2.3210527896881104 6.299998760223389 0.0
485 0.020500000566244125 0.010555555112659931 1.9421054124832153 7.899997234344482 0.0
486 0.02250000089406967 0.010555555112659931 2.1315791606903076 7.199997901916504 0.0
487 0.013000000268220901 0.009999999776482582 1.3000000715255737 6.699998378753662 0.0
488 0.020500000566244125 0.009999999776482582 2.0500001907348633 2.7000021934509277 0.0
489 0.02500000223517418 0.010555555112659931 2.3684213161468506 5.0 0.0
490 0.015500000678002834 0.010555555112659931 1.468421220779419 6.399998664855957 0.0
491 0.03150000050663948 0.010555555112659931 2.984210729598999 4.700000286102295 0.0
492 0.021000001579523087 0.009999999776482582 2.1000001430511475 6.7999982833862305 0.0
493 0.021000001579523087 0.009444444440305233 2.223529577255249 5.199999809265137 0.0
494 0.01250000111758709 0.009444444440305233 1.3235294818878174 9.50000286102295 0.0
495 0.013000000268220901 0.009444444440305233 1.3764705657958984 9.000000953674316 0.0
496 1.0 0.870555579662323 1.1486917734146118 -94.89912414550781 0.009999999776482582
497 0.020000001415610313 0.009444444440305233 2.117647171020508 6.599998474121094 0.0
498 0.01850000023841858 0.010555555112659931 1.752631664276123 3.8000011444091797 0.0
499 0.026000000536441803 0.010555555112659931 2.463158130645752 4.900000095367432 0.0
500 0.023500001057982445 0.010555555112659931 2.226315975189209 2.800002098083496 0.0
