1 0.017000000923871994 0.009444444440305233 1.8000000715255737 13.000016212463379 0.0
2 0.01250000111758709 0.009444444440305233 1.3235294818878174 15.700026512145996 0.0
3 0.014500000514090061 0.009999999776482582 1.4500000476837158 10.600007057189941 0.0
4 0.015000000596046448 0.009999999776482582 1.5000001192092896 9.000000953674316 0.0
5 0.010000000707805157 0.009999999776482582 1.0000001192092896 12.000012397766113 0.0
6 0.013500000350177288 0.009444444440305233 1.429411768913269 11.700011253356934 0.0
7 0.023000001907348633 0.009444444440305233 2.4352943897247314 12.500014305114746 0.0
8 0.01600000075995922 0.009444444440305233 1.694117784500122 9.800004005432129 0.0
9 0.014500001445412636 0.009999999776482582 1.4500001668930054 12.300013542175293 0.0
10 0.01600000075995922 0.009444444440305233 1.694117784500122 11.900012016296387 0.0
11 0.015500001609325409 0.009444444440305233 1.641176700592041 19.600040435791016 0.0
12 0.01600000075995922 0.009999999776482582 1.6000001430511475 12.500014305114746 0.0
13 0.014500000514090061 0.010555555112659931 1.373684287071228 14.000020027160645 0.0
14 0.012500000186264515 0.009999999776482582 1.25 16.500028610229492 0.0
15 0.02250000089406967 0.010555555112659931 2.1315791606903076 15.60002613067627 0.0
16 0.012500000186264515 0.009444444440305233 1.3235294818878174 11.300009727478027 0.0
17 0.02250000089406967 0.009444444440305233 2.3823530673980713 12.000012397766113 0.0
18 0.023500001057982445 0.009999999776482582 2.3500001430511475 14.200020790100098 0.0
19 0.012500000186264515 0.009999999776482582 1.25 6.899998188018799 0.0
20 0.021000001579523087 0.010555555112659931 1.9894739389419556 13.300017356872559 0.0
21 0.015500000678002834 0.009444444440305233 1.6411765813827515 7.899997234344482 0.0
22 0.021500002592802048 0.009444444440305233 2.276470899581909 9.20000171661377 0.0
23 0.020500000566244125 0.010555555112659931 1.9421054124832153 8.59999942779541 0.0
24 0.012000000104308128 0.009999999776482582 1.2000000476837158 17.900033950805664 0.0
25 0.021000001579523087 0.009999999776482582 2.1000001430511475 7.399997711181641 0.0
26 0.017000000923871994 0.009444444440305233 1.8000000715255737 14.200020790100098 0.0
27 0.015000000596046448 0.009444444440305233 1.5882353782653809 9.100001335144043 0.0
28 0.024500001221895218 0.010555555112659931 2.3210527896881104 16.800029754638672 0.0
29 0.017500001937150955 0.009999999776482582 1.750000238418579 18.400035858154297 0.0
30 0.014500001445412636 0.009444444440305233 1.5352942943572998 10.900008201599121 0.0
31 0.01850000023841858 0.010555555112659931 1.752631664276123 15.800026893615723 0.0
32 0.01900000125169754 0.009444444440305233 2.0117647647857666 9.20000171661377 0.0
33 0.014500000514090061 0.009444444440305233 1.5352941751480103 18.100034713745117 0.0
34 0.02250000089406967 0.009444444440305233 2.3823530673980713 13.400017738342285 0.0
35 0.016499999910593033 0.010555555112659931 1.5631579160690308 14.200020790100098 0.0
36 0.016499999910593033 0.009999999776482582 1.649999976158142 16.00002670288086 0.0
37 0.017000000923871994 0.009999999776482582 1.7000001668930054 9.700003623962402 0.0
38 0.01900000125169754 0.009999999776482582 1.9000002145767212 12.10001277923584 0.0
39 0.024000000208616257 0.010555555112659931 2.27368426322937 9.400002479553223 0.0
40 0.026000000536441803 0.009999999776482582 2.6000001430511475 12.7000150680542 0.0
41 0.020000001415610313 0.010555555112659931 1.8947370052337646 10.500006675720215 0.0
42 0.0195000022649765 0.009444444440305233 2.0647060871124268 9.900004386901855 0.0
43 0.018000001087784767 0.010555555112659931 1.705263376235962 8.59999942779541 0.0
44 0.012000000104308128 0.009444444440305233 1.2705882787704468 10.700007438659668 0.0
45 0.0195000022649765 0.009999999776482582 1.950000286102295 11.2000093460083 0.0
46 0.018000001087784767 0.009444444440305233 1.905882477760315 10.800007820129395 0.0
47 0.015500000678002834 0.009999999776482582 1.5500000715255737 9.100001335144043 0.0
48 0.021000001579523087 0.009999999776482582 2.1000001430511475 13.300017356872559 0.0
49 0.020000001415610313 0.009444444440305233 2.117647171020508 16.400028228759766 0.0
50 0.01900000125169754 0.009999999776482582 1.9000002145767212 8.499999046325684 0.0
51 0.01900000125169754 0.009444444440305233 2.0117647647857666 12.10001277923584 0.0
52 0.015000000596046448 0.009999999776482582 1.5000001192092896 13.200016975402832 0.0
53 0.014500000514090061 0.009999999776482582 1.4500000476837158 13.900019645690918 0.0
54 0.016499999910593033 0.009444444440305233 1.7470588684082031 7.799997329711914 0.0
55 0.015000000596046448 0.009999999776482582 1.5000001192092896 16.700029373168945 0.0
56 0.014000000432133675 0.009444444440305233 1.4823529720306396 13.800019264221191 0.0
57 0.014500000514090061 0.009444444440305233 1.5352941751480103 17.300031661987305 0.0
58 0.020500000566244125 0.009999999776482582 2.0500001907348633 12.600014686584473 0.0
59 0.014500000514090061 0.009999999776482582 1.4500000476837158 9.900004386901855 0.0
60 0.014000000432133675 0.009999999776482582 1.4000000953674316 7.599997520446777 0.0
61 0.00950000062584877 0.009444444440305233 1.0058823823928833 13.200016975402832 0.0
62 0.024000000208616257 0.010555555112659931 2.27368426322937 0.6000025272369385 0.0
63 0.0215000007301569 0.009999999776482582 2.1500000953674316 3.4000015258789062 0.0
64 0.021500002592802048 0.009444444440305233 2.276470899581909 9.50000286102295 0.0
65 0.018000001087784767 0.009999999776482582 1.8000001907348633 7.899997234344482 0.0
66 0.017500001937150955 0.009999999776482582 1.750000238418579 7.299997806549072 0.0
67 0.013000000268220901 0.009999999776482582 1.3000000715255737 9.50000286102295 0.0
68 0.017000000923871994 0.010555555112659931 1.610526442527771 11.300009727478027 0.0
69 0.018000001087784767 0.009444444440305233 1.905882477760315 13.600018501281738 0.0
70 0.013000000268220901 0.010555555112659931 1.231579065322876 14.500021934509277 0.0
71 0.01850000023841858 0.009999999776482582 1.850000023841858 12.200013160705566 0.0
72 0.015000000596046448 0.009444444440305233 1.5882353782653809 25.90006446838379 0.0
73 0.012000000104308128 0.009444444440305233 1.2705882787704468 14.600022315979004 0.0
74 0.019999999552965164 0.009999999776482582 2.0 8.29999828338623 0.0
75 0.015000000596046448 0.009999999776482582 1.5000001192092896 12.900015830993652 0.0
76 0.010500000789761543 0.009999999776482582 1.0500000715255737 14.900023460388184 0.0
77 0.01900000125169754 0.009999999776482582 1.9000002145767212 12.000012397766113 0.0
78 0.01250000111758709 0.010555555112659931 1.1842106580734253 10.400006294250488 0.0
79 0.015500000678002834 0.009999999776482582 1.5500000715255737 9.700003623962402 0.0
80 0.013500000350177288 0.009999999776482582 1.350000023841858 15.800026893615723 0.0
81 0.018000001087784767 0.009444444440305233 1.905882477760315 10.200005531311035 0.0
82 0.010000000707805157 0.010555555112659931 0.9473685026168823 13.000016212463379 0.0
83 0.01850000023841858 0.009999999776482582 1.850000023841858 19.600040435791016 0.0
84 0.013000000268220901 0.009999999776482582 1.3000000715255737 12.7000150680542 0.0
85 0.020500000566244125 0.009999999776482582 2.0500001907348633 12.600014686584473 0.0
86 0.010999999940395355 0.010555555112659931 1.0421053171157837 16.100027084350586 0.0
87 0.012000000104308128 0.010555555112659931 1.136842131614685 14.200020790100098 0.0
88 0.013000000268220901 0.009999999776482582 1.3000000715255737 8.099997520446777 0.0
89 0.023000001907348633 0.009444444440305233 2.4352943897247314 16.700029373168945 0.0
90 0.0195000022649765 0.010555555112659931 1.8473687171936035 11.600010871887207 0.0
91 0.0215000007301569 0.009999999776482582 2.1500000953674316 10.300005912780762 0.0
92 0.015500000678002834 0.010555555112659931 1.468421220779419 13.600018501281738 0.0
93 0.01850000023841858 0.009999999776482582 1.850000023841858 7.0999979972839355 0.0
94 0.018000001087784767 0.009444444440305233 1.905882477760315 7.999997615814209 0.0
95 0.015500000678002834 0.010555555112659931 1.468421220779419 14.200020790100098 0.0
96 0.010999999940395355 0.009444444440305233 1.1647058725357056 15.200024604797363 0.0
97 0.024500001221895218 0.010555555112659931 2.3210527896881104 3.900001049041748 0.0
98 0.020000001415610313 0.010555555112659931 1.8947370052337646 15.700026512145996 0.0
99 0.02250000089406967 0.010555555112659931 2.1315791606903076 12.200013160705566 0.0
100 0.012000000104308128 0.009999999776482582 1.2000000476837158 13.200016975402832 0.0
101 0.026000000536441803 0.009999999776482582 2.6000001430511475 11.600010871887207 0.0
102 0.020500000566244125 0.009444444440305233 2.170588254928589 16.700029373168945 0.0
103 0.013000000268220901 0.009444444440305233 1.3764705657958984 19.400039672851562 0.0
104 0.01850000023841858 0.009999999776482582 1.850000023841858 18.500036239624023 0.0
105 1.0 0.8133333325386047 1.2295081615447998 -94.89912414550781 0.009999999776482582
106 0.021500002592802048 0.009444444440305233 2.276470899581909 9.600003242492676 0.0
107 0.015000000596046448 0.009999999776482582 1.5000001192092896 10.900008201599121 0.0
108 0.010999999940395355 0.009999999776482582 1.100000023841858 10.400006294250488 0.0
109 0.014000000432133675 0.009444444440305233 1.4823529720306396 14.70002269744873 0.0
110 0.01850000023841858 0.009444444440305233 1.958823561668396 14.40002155303955 0.0
111 0.013500000350177288 0.009444444440305233 1.429411768913269 14.40002155303955 0.0
112 0.020500000566244125 0.009444444440305233 2.170588254928589 9.400002479553223 0.0
113 0.014500001445412636 0.009999999776482582 1.4500001668930054 10.600007057189941 0.0
114 0.01250000111758709 0.009444444440305233 1.3235294818878174 10.700007438659668 0.0
115 0.016499999910593033 0.009444444440305233 1.7470588684082031 5.299999713897705 0.0
116 0.999500036239624 0.8500000238418579 1.175882339477539 -94.89912414550781 0.009999999776482582
117 0.01850000023841858 0.010555555112659931 1.752631664276123 12.40001392364502 0.0
118 0.011500000953674316 0.009444444440305233 1.2176471948623657 14.500021934509277 0.0
119 0.014000000432133675 0.009444444440305233 1.4823529720306396 10.200005531311035 0.0
120 0.021000001579523087 0.009444444440305233 2.223529577255249 8.800000190734863 0.0
121 0.013500001281499863 0.010555555112659931 1.2789475917816162 19.700040817260742 0.0
122 0.00950000062584877 0.010555555112659931 0.9000000953674316 6.599998474121094 0.0
123 0.024500001221895218 0.010555555112659931 2.3210527896881104 9.300002098083496 0.0
124 0.01850000023841858 0.009444444440305233 1.958823561668396 11.700011253356934 0.0
125 0.017000000923871994 0.009999999776482582 1.7000001668930054 5.6999993324279785 0.0
126 0.017500001937150955 0.009444444440305233 1.8529413938522339 3.8000011444091797 0.0
127 0.010000000707805157 0.009999999776482582 1.0000001192092896 10.400006294250488 0.0
128 0.016499999910593033 0.009444444440305233 1.7470588684082031 19.80004119873047 0.0
129 0.00950000062584877 0.009444444440305233 1.0058823823928833 20.60004425048828 0.0
130 0.01250000111758709 0.009999999776482582 1.2500001192092896 18.500036239624023 0.0
131 0.015500000678002834 0.009999999776482582 1.5500000715255737 12.7000150680542 0.0
132 0.01900000125169754 0.009999999776482582 1.9000002145767212 11.900012016296387 0.0
133 0.016499999910593033 0.009444444440305233 1.7470588684082031 19.000038146972656 0.0
134 0.018000001087784767 0.010555555112659931 1.705263376235962 7.299997806549072 0.0
135 0.021500002592802048 0.009444444440305233 2.276470899581909 16.500028610229492 0.0
136 0.011500000953674316 0.009444444440305233 1.2176471948623657 13.500018119812012 0.0
137 0.013000000268220901 0.010555555112659931 1.231579065322876 16.00002670288086 0.0
138 0.023500001057982445 0.010555555112659931 2.226315975189209 15.500025749206543 0.0
139 0.017000000923871994 0.009444444440305233 1.8000000715255737 15.100024223327637 0.0
140 0.02550000138580799 0.009444444440305233 2.700000047683716 10.700007438659668 0.0
141 0.01900000125169754 0.009444444440305233 2.0117647647857666 12.600014686584473 0.0
142 0.01900000125169754 0.009999999776482582 1.9000002145767212 12.900015830993652 0.0
143 0.011500000953674316 0.009444444440305233 1.2176471948623657 13.900019645690918 0.0
144 0.017500001937150955 0.009444444440305233 1.8529413938522339 13.400017738342285 0.0
145 0.01850000023841858 0.010555555112659931 1.752631664276123 12.000012397766113 0.0
146 0.0215000007301569 0.009444444440305233 2.27647066116333 12.200013160705566 0.0
147 0.021500002592802048 0.009444444440305233 2.276470899581909 14.300021171569824 0.0
148 0.017500001937150955 0.010555555112659931 1.6578949689865112 19.900041580200195 0.0
149 0.012500000186264515 0.009444444440305233 1.3235294818878174 15.200024604797363 0.0
150 0.03450000286102295 0.010555555112659931 3.2684214115142822 0.5000025033950806 0.0
151 0.020000001415610313 0.009999999776482582 2.000000238418579 13.000016212463379 0.0
152 0.02200000174343586 0.009999999776482582 2.200000286102295 3.8000011444091797 0.0
153 0.008500000461935997 0.009444444440305233 0.9000000357627869 17.200031280517578 0.0
154 0.017500001937150955 0.009999999776482582 1.750000238418579 12.7000150680542 0.0
155 0.017000000923871994 0.009444444440305233 1.8000000715255737 9.50000286102295 0.0
156 0.015000000596046448 0.010555555112659931 1.4210526943206787 16.500028610229492 0.0
157 0.015500000678002834 0.010555555112659931 1.468421220779419 11.400010108947754 0.0
158 0.01100000087171793 0.009999999776482582 1.1000001430511475 13.600018501281738 0.0
159 0.01600000075995922 0.009444444440305233 1.694117784500122 6.19999885559082 0.0
160 0.01850000023841858 0.010555555112659931 1.752631664276123 12.7000150680542 0.0
161 0.018000001087784767 0.010555555112659931 1.705263376235962 9.700003623962402 0.0
162 0.017000000923871994 0.010555555112659931 1.610526442527771 15.100024223327637 0.0
163 0.026500001549720764 0.009444444440305233 2.805882453918457 25.100061416625977 0.0
164 0.013000000268220901 0.010555555112659931 1.231579065322876 16.400028228759766 0.0
165 0.018000001087784767 0.009444444440305233 1.905882477760315 10.800007820129395 0.0
166 0.013000000268220901 0.009999999776482582 1.3000000715255737 17.800033569335938 0.0
167 0.018000001087784767 0.009444444440305233 1.905882477760315 10.800007820129395 0.0
168 0.01600000075995922 0.009999999776482582 1.6000001430511475 10.500006675720215 0.0
169 0.02199999988079071 0.009444444440305233 2.329411745071411 15.900026321411133 0.0
170 0.015000000596046448 0.009444444440305233 1.5882353782653809 10.700007438659668 0.0
171 0.01900000125169754 0.009444444440305233 2.0117647647857666 14.200020790100098 0.0
172 0.021000001579523087 0.009999999776482582 2.1000001430511475 7.0999979972839355 0.0
173 0.023000001907348633 0.009444444440305233 2.4352943897247314 14.70002269744873 0.0
174 0.02199999988079071 0.009999999776482582 2.200000047683716 13.700018882751465 0.0
175 0.01900000125169754 0.009999999776482582 1.9000002145767212 15.30002498626709 0.0
176 0.018000001087784767 0.009444444440305233 1.905882477760315 2.3000025749206543 0.0
177 0.01600000075995922 0.009999999776482582 1.6000001430511475 11.400010108947754 0.0
178 0.011500000953674316 0.009999999776482582 1.1500000953674316 11.100008964538574 0.0
179 0.02200000174343586 0.009444444440305233 2.3294119834899902 13.300017356872559 0.0
180 0.013500000350177288 0.009444444440305233 1.429411768913269 15.200024604797363 0.0
181 0.017999999225139618 0.009444444440305233 1.9058822393417358 12.000012397766113 0.0
182 0.01900000125169754 0.009999999776482582 1.9000002145767212 15.60002613067627 0.0
183 0.017500001937150955 0.009999999776482582 1.750000238418579 14.100020408630371 0.0
184 0.010500000789761543 0.009444444440305233 1.1117647886276245 23.3000545501709 0.0
185 0.02250000089406967 0.009999999776482582 2.250000238418579 8.800000190734863 0.0
186 0.020000001415610313 0.010555555112659931 1.8947370052337646 9.50000286102295 0.0
187 0.020000001415610313 0.009444444440305233 2.117647171020508 20.60004425048828 0.0
188 0.016499999910593033 0.009444444440305233 1.7470588684082031 7.899997234344482 0.0
189 0.015000000596046448 0.009444444440305233 1.5882353782653809 21.000045776367188 0.0
190 0.0215000007301569 0.009999999776482582 2.1500000953674316 8.099997520446777 0.0
191 0.021000001579523087 0.010555555112659931 1.9894739389419556 10.600007057189941 0.0
192 0.016499999910593033 0.009999999776482582 1.649999976158142 7.599997520446777 0.0
193 0.015000000596046448 0.010555555112659931 1.4210526943206787 12.300013542175293 0.0
194 0.024000000208616257 0.009444444440305233 2.5411765575408936 7.699997425079346 0.0
195 0.019500000402331352 0.009999999776482582 1.9500000476837158 15.100024223327637 0.0
196 0.02850000187754631 0.009999999776482582 2.8500001430511475 1.4000027179718018 0.0
197 0.013500000350177288 0.009999999776482582 1.350000023841858 13.100016593933105 0.0
198 0.009999999776482582 0.009999999776482582 1.0 12.300013542175293 0.0
199 0.013000000268220901 0.009999999776482582 1.3000000715255737 14.300021171569824 0.0
200 0.01850000023841858 0.009444444440305233 1.958823561668396 11.700011253356934 0.0
201 0.018000001087784767 0.010555555112659931 1.705263376235962 10.000004768371582 0.0
202 0.019999999552965164 0.009444444440305233 2.1176469326019287 18.700037002563477 0.0
203 0.023000001907348633 0.009444444440305233 2.4352943897247314 11.400010108947754 0.0
204 0.0195000022649765 0.009999999776482582 1.950000286102295 9.900004386901855 0.0
205 0.013500000350177288 0.009999999776482582 1.350000023841858 10.900008201599121 0.0
206 0.014000000432133675 0.009999999776482582 1.4000000953674316 11.100008964538574 0.0
207 0.0195000022649765 0.009999999776482582 1.950000286102295 13.800019264221191 0.0
208 0.013500001281499863 0.009444444440305233 1.4294118881225586 12.600014686584473 0.0
209 0.013000000268220901 0.009444444440305233 1.3764705657958984 15.00002384185791 0.0
210 0.016499999910593033 0.009444444440305233 1.7470588684082031 7.0999979972839355 0.0
211 0.016499999910593033 0.010555555112659931 1.5631579160690308 10.200005531311035 0.0
212 0.01600000075995922 0.009999999776482582 1.6000001430511475 5.999999046325684 0.0
213 0.016499999910593033 0.010555555112659931 1.5631579160690308 9.20000171661377 0.0
214 0.013000000268220901 0.009444444440305233 1.3764705657958984 14.40002155303955 0.0
215 0.029000001028180122 0.010555555112659931 2.747368574142456 11.2000093460083 0.0
216 0.010999999940395355 0.009444444440305233 1.1647058725357056 7.399997711181641 0.0
217 0.010500000789761543 0.010555555112659931 0.9947369694709778 20.700044631958008 0.0
218 1.0 0.8661110997200012 1.1545863151550293 -94.89912414550781 0.009999999776482582
219 0.02550000138580799 0.009444444440305233 2.700000047683716 11.000008583068848 0.0
220 0.01850000023841858 0.009444444440305233 1.958823561668396 8.800000190734863 0.0
221 0.020000001415610313 0.009444444440305233 2.117647171020508 12.000012397766113 0.0
222 0.018000001087784767 0.010555555112659931 1.705263376235962 11.700011253356934 0.0
223 0.020500000566244125 0.009999999776482582 2.0500001907348633 18.30003547668457 0.0
224 0.01850000023841858 0.009999999776482582 1.850000023841858 16.60002899169922 0.0
225 0.0195000022649765 0.009999999776482582 1.950000286102295 7.199997901916504 0.0
226 0.012000000104308128 0.009444444440305233 1.2705882787704468 13.800019264221191 0.0
227 0.00950000062584877 0.009444444440305233 1.0058823823928833 17.10003089904785 0.0
228 0.017500001937150955 0.009999999776482582 1.750000238418579 11.000008583068848 0.0
229 0.01600000075995922 0.010555555112659931 1.5157896280288696 14.100020408630371 0.0
230 0.014000000432133675 0.010555555112659931 1.3263158798217773 9.900004386901855 0.0
231 0.013500001281499863 0.009999999776482582 1.3500001430511475 9.20000171661377 0.0
232 0.010000000707805157 0.009444444440305233 1.058823585510254 10.900008201599121 0.0
233 0.024000000208616257 0.010555555112659931 2.27368426322937 11.80001163482666 0.0
234 0.01600000075995922 0.009444444440305233 1.694117784500122 3.900001049041748 0.0
235 0.012500000186264515 0.009444444440305233 1.3235294818878174 9.400002479553223 0.0
236 0.023500001057982445 0.010555555112659931 2.226315975189209 4.200000762939453 0.0
237 0.01250000111758709 0.010555555112659931 1.1842106580734253 18.60003662109375 0.0
238 0.017500001937150955 0.010555555112659931 1.6578949689865112 14.600022315979004 0.0
239 0.015500000678002834 0.009444444440305233 1.6411765813827515 17.900033950805664 0.0
240 0.017000000923871994 0.009444444440305233 1.8000000715255737 13.700018882751465 0.0
241 0.01250000111758709 0.010555555112659931 1.1842106580734253 14.900023460388184 0.0
242 0.023500001057982445 0.009444444440305233 2.4882354736328125 3.4000015258789062 0.0
243 0.01850000023841858 0.010555555112659931 1.752631664276123 14.500021934509277 0.0
244 0.023500001057982445 0.009444444440305233 2.4882354736328125 12.500014305114746 0.0
245 0.017500001937150955 0.009999999776482582 1.750000238418579 9.800004005432129 0.0
246 0.016499999910593033 0.009999999776482582 1.649999976158142 7.199997901916504 0.0
247 0.0195000022649765 0.009999999776482582 1.950000286102295 23.80005645751953 0.0
248 1.0 0.8838889002799988 1.131363868713379 -94.89912414550781 0.009999999776482582
249 0.020500000566244125 0.010555555112659931 1.9421054124832153 15.90002727508545 0.0
250 0.010500000789761543 0.009444444440305233 1.1117647886276245 12.300013542175293 0.0
251 0.021000001579523087 0.010555555112659931 1.9894739389419556 8.59999942779541 0.0
252 0.021000001579523087 0.009444444440305233 2.223529577255249 8.59999942779541 0.0
253 0.0195000022649765 0.010555555112659931 1.8473687171936035 13.600018501281738 0.0
254 0.009999999776482582 0.009444444440305233 1.0588234663009644 13.700018882751465 0.0
255 0.014000000432133675 0.009999999776482582 1.4000000953674316 6.899998188018799 0.0
256 0.017500001937150955 0.010555555112659931 1.6578949689865112 9.100001335144043 0.0
257 0.01900000125169754 0.009999999776482582 1.9000002145767212 13.800019264221191 0.0
258 0.02850000187754631 0.010555555112659931 2.700000286102295 6.899998188018799 0.0
259 0.01250000111758709 0.009444444440305233 1.3235294818878174 18.00003433227539 0.0
260 0.03700000047683716 0.010555555112659931 3.505263328552246 3.900001049041748 0.0
261 0.013500000350177288 0.009999999776482582 1.350000023841858 8.499999046325684 0.0
262 0.017500001937150955 0.010555555112659931 1.6578949689865112 16.00002670288086 0.0
263 0.020500000566244125 0.009444444440305233 2.170588254928589 15.00002384185791 0.0
264 0.021500002592802048 0.010555555112659931 2.0368423461914062 15.800026893615723 0.0
265 0.019500000402331352 0.010555555112659931 1.8473684787750244 6.19999885559082 0.0
266 0.017000000923871994 0.009444444440305233 1.8000000715255737 15.400025367736816 0.0
267 0.015000000596046448 0.009444444440305233 1.5882353782653809 7.599997520446777 0.0
268 0.014000000432133675 0.009444444440305233 1.4823529720306396 14.300021171569824 0.0
269 0.02199999988079071 0.009999999776482582 2.200000047683716 6.399998664855957 0.0
270 0.014500000514090061 0.010555555112659931 1.373684287071228 11.100008964538574 0.0
271 0.020500000566244125 0.009999999776482582 2.0500001907348633 14.500021934509277 0.0
272 0.0215000007301569 0.009444444440305233 2.27647066116333 16.100027084350586 0.0
273 0.0215000007301569 0.010555555112659931 2.0368423461914062 13.000016212463379 0.0
274 0.01850000023841858 0.009999999776482582 1.850000023841858 11.900012016296387 0.0
275 0.999000072479248 0.8405555486679077 1.1884998083114624 -94.89912414550781 0.009999999776482582
276 0.02199999988079071 0.010555555112659931 2.0842106342315674 14.000020027160645 0.0
277 0.0195000022649765 0.009444444440305233 2.0647060871124268 15.400025367736816 0.0
278 0.016499999910593033 0.009999999776482582 1.649999976158142 13.800019264221191 0.0
279 0.017000000923871994 0.009444444440305233 1.8000000715255737 16.100027084350586 0.0
280 0.021000001579523087 0.009444444440305233 2.223529577255249 12.300013542175293 0.0
281 0.01850000023841858 0.009999999776482582 1.850000023841858 15.800026893615723 0.0
282 0.017000000923871994 0.009999999776482582 1.7000001668930054 13.200016975402832 0.0
283 0.023000001907348633 0.010555555112659931 2.178947687149048 9.000000953674316 0.0
284 0.017000000923871994 0.009444444440305233 1.8000000715255737 15.100024223327637 0.0
285 0.010999999940395355 0.010555555112659931 1.0421053171157837 9.400002479553223 0.0
286 0.018000001087784767 0.009999999776482582 1.8000001907348633 18.100034713745117 0.0
287 0.0215000007301569 0.009444444440305233 2.27647066116333 9.20000171661377 0.0
288 0.01250000111758709 0.009444444440305233 1.3235294818878174 14.500021934509277 0.0
289 0.01600000075995922 0.009444444440305233 1.694117784500122 10.100005149841309 0.0
290 0.020000001415610313 0.009999999776482582 2.000000238418579 10.600007057189941 0.0
291 0.4645000100135803 0.2427777796983719 1.9132723808288574 0.10000251978635788 0.0
292 0.020000001415610313 0.009444444440305233 2.117647171020508 15.200024604797363 0.0
293 0.016499999910593033 0.009999999776482582 1.649999976158142 10.200005531311035 0.0
294 0.021000001579523087 0.010555555112659931 1.9894739389419556 13.500018119812012 0.0
295 0.024500001221895218 0.010555555112659931 2.3210527896881104 15.700026512145996 0.0
296 0.027000000700354576 0.009999999776482582 2.700000047683716 18.400035858154297 0.0
297 0.011500000953674316 0.010555555112659931 1.089473843574524 23.600055694580078 0.0
298 0.020000001415610313 0.010555555112659931 1.8947370052337646 12.900015830993652 0.0
299 0.017500001937150955 0.009444444440305233 1.8529413938522339 16.400028228759766 0.0
300 0.016499999910593033 0.009999999776482582 1.649999976158142 14.600022315979004 0.0
301 0.010500000789761543 0.009999999776482582 1.0500000715255737 8.29999828338623 0.0
302 0.010999999940395355 0.009999999776482582 1.100000023841858 12.600014686584473 0.0
303 0.014500001445412636 0.009999999776482582 1.4500001668930054 14.40002155303955 0.0
304 0.024500001221895218 0.009444444440305233 2.5941178798675537 2.4000024795532227 0.0
305 0.0195000022649765 0.009999999776482582 1.950000286102295 17.10003089904785 0.0
306 0.015000000596046448 0.009444444440305233 1.5882353782653809 14.900023460388184 0.0
307 0.0195000022649765 0.009444444440305233 2.0647060871124268 17.000030517578125 0.0
308 0.009000000543892384 0.009444444440305233 0.9529412388801575 6.599998474121094 0.0
309 0.01600000075995922 0.010555555112659931 1.5157896280288696 6.099998950958252 0.0
310 0.010500000789761543 0.009444444440305233 1.1117647886276245 11.900012016296387 0.0
311 0.01250000111758709 0.009444444440305233 1.3235294818878174 12.10001277923584 0.0
312 0.015500000678002834 0.009444444440305233 1.6411765813827515 20.500043869018555 0.0
313 0.01600000075995922 0.009999999776482582 1.6000001430511475 15.500025749206543 0.0
314 0.013000000268220901 0.009999999776482582 1.3000000715255737 13.500018119812012 0.0
315 0.01600000075995922 0.009999999776482582 1.6000001430511475 14.900023460388184 0.0
316 0.014000000432133675 0.009999999776482582 1.4000000953674316 11.700011253356934 0.0
317 0.019999999552965164 0.009999999776482582 2.0 7.999997138977051 0.0
318 0.017000000923871994 0.009444444440305233 1.8000000715255737 18.500036239624023 0.0
319 0.014000000432133675 0.009444444440305233 1.4823529720306396 12.200013160705566 0.0
320 0.0195000022649765 0.009444444440305233 2.0647060871124268 18.500036239624023 0.0
321 0.029000001028180122 0.009444444440305233 3.0705883502960205 3.7000012397766113 0.0
322 0.999500036239624 0.8361111283302307 1.1954152584075928 -94.89912414550781 0.009999999776482582
323 0.011500000953674316 0.010555555112659931 1.089473843574524 13.200016975402832 0.0
324 0.01600000075995922 0.010555555112659931 1.5157896280288696 11.80001163482666 0.0
325 0.01850000023841858 0.009444444440305233 1.958823561668396 6.099998950958252 0.0
326 0.020500000566244125 0.009999999776482582 2.0500001907348633 10.300005912780762 0.0
327 0.017500001937150955 0.009444444440305233 1.8529413938522339 5.299999713897705 0.0
328 0.0195000022649765 0.009444444440305233 2.0647060871124268 17.000030517578125 0.0
329 0.017000000923871994 0.009444444440305233 1.8000000715255737 11.600010871887207 0.0
330 0.013000000268220901 0.009444444440305233 1.3764705657958984 11.700011253356934 0.0
331 0.014000000432133675 0.010555555112659931 1.3263158798217773 13.600018501281738 0.0
332 0.01900000125169754 0.009999999776482582 1.9000002145767212 15.60002613067627 0.0
333 0.023500001057982445 0.009444444440305233 2.4882354736328125 13.200016975402832 0.0
334 0.017500001937150955 0.009999999776482582 1.750000238418579 18.700037002563477 0.0
335 0.014500001445412636 0.009999999776482582 1.4500001668930054 13.800019264221191 0.0
336 0.009999999776482582 0.009999999776482582 1.0 8.59999942779541 0.0
337 0.008500000461935997 0.009444444440305233 0.9000000357627869 9.800004005432129 0.0
338 0.0215000007301569 0.009999999776482582 2.1500000953674316 7.299997806549072 0.0
339 0.018000001087784767 0.010555555112659931 1.705263376235962 11.000008583068848 0.0
340 0.017500001937150955 0.009444444440305233 1.8529413938522339 4.800000190734863 0.0
341 0.9980000257492065 0.8177777528762817 1.2203805446624756 -94.89912414550781 0.009999999776482582
342 0.017500001937150955 0.010555555112659931 1.6578949689865112 6.19999885559082 0.0
343 0.010500000789761543 0.009444444440305233 1.1117647886276245 12.600014686584473 0.0
344 0.01850000023841858 0.009999999776482582 1.850000023841858 16.00002670288086 0.0
345 0.01600000075995922 0.010555555112659931 1.5157896280288696 11.80001163482666 0.0
346 0.02199999988079071 0.010555555112659931 2.0842106342315674 12.500014305114746 0.0
347 0.011500000953674316 0.010555555112659931 1.089473843574524 13.100016593933105 0.0
348 0.0215000007301569 0.009444444440305233 2.27647066116333 11.2000093460083 0.0
349 0.02250000089406967 0.010555555112659931 2.1315791606903076 13.100016593933105 0.0
350 0.017500001937150955 0.009999999776482582 1.750000238418579 12.900015830993652 0.0
351 0.01900000125169754 0.010555555112659931 1.8000001907348633 12.800015449523926 0.0
352 0.02250000089406967 0.009444444440305233 2.3823530673980713 21.20004653930664 0.0
353 0.016499999910593033 0.009444444440305233 1.7470588684082031 13.600018501281738 0.0
354 0.01250000111758709 0.009999999776482582 1.2500001192092896 9.50000286102295 0.0
355 0.017000000923871994 0.010555555112659931 1.610526442527771 10.300005912780762 0.0
356 0.020500000566244125 0.009999999776482582 2.0500001907348633 13.300017356872559 0.0
357 0.016499999910593033 0.009444444440305233 1.7470588684082031 17.70003318786621 0.0
358 0.017000000923871994 0.009444444440305233 1.8000000715255737 8.800000190734863 0.0
359 0.023500001057982445 0.009444444440305233 2.4882354736328125 5.099999904632568 0.0
360 0.02500000037252903 0.010555555112659931 2.3684210777282715 4.40000057220459 0.0
361 0.01850000023841858 0.010555555112659931 1.752631664276123 21.700048446655273 0.0
362 0.021500002592802048 0.009999999776482582 2.1500003337860107 15.400025367736816 0.0
363 0.0195000022649765 0.009444444440305233 2.0647060871124268 13.700018882751465 0.0
364 0.01900000125169754 0.009999999776482582 1.9000002145767212 14.300021171569824 0.0
365 0.018000001087784767 0.010555555112659931 1.705263376235962 21.600048065185547 0.0
366 0.017500001937150955 0.010555555112659931 1.6578949689865112 12.10001277923584 0.0
367 0.020500000566244125 0.009444444440305233 2.170588254928589 9.300002098083496 0.0
368 0.017500001937150955 0.010555555112659931 1.6578949689865112 14.600022315979004 0.0
369 0.01900000125169754 0.010555555112659931 1.8000001907348633 10.700007438659668 0.0
370 0.017000000923871994 0.009999999776482582 1.7000001668930054 11.100008964538574 0.0
371 0.01600000075995922 0.009999999776482582 1.6000001430511475 10.600007057189941 0.0
372 0.016499999910593033 0.009444444440305233 1.7470588684082031 18.700037002563477 0.0
373 0.020000001415610313 0.009444444440305233 2.117647171020508 10.400006294250488 0.0
374 0.014500000514090061 0.009999999776482582 1.4500000476837158 12.500014305114746 0.0
375 0.020500000566244125 0.010555555112659931 1.9421054124832153 15.00002384185791 0.0
376 0.01250000111758709 0.009444444440305233 1.3235294818878174 21.50004768371582 0.0
377 0.014500001445412636 0.010555555112659931 1.3736844062805176 7.799997329711914 0.0
378 0.015000000596046448 0.009444444440305233 1.5882353782653809 13.000016212463379 0.0
379 0.02199999988079071 0.009444444440305233 2.329411745071411 13.100016593933105 0.0
380 0.016499999910593033 0.009444444440305233 1.7470588684082031 12.40001392364502 0.0
381 0.014000000432133675 0.009999999776482582 1.4000000953674316 14.300021171569824 0.0
382 0.024000000208616257 0.009999999776482582 2.4000000953674316 1.4000027179718018 0.0
383 0.020500000566244125 0.010555555112659931 1.9421054124832153 12.40001392364502 0.0
384 0.016499999910593033 0.009444444440305233 1.7470588684082031 7.399997711181641 0.0
385 0.015500000678002834 0.009999999776482582 1.5500000715255737 17.200031280517578 0.0
386 0.02250000089406967 0.009999999776482582 2.250000238418579 12.000012397766113 0.0
387 0.02250000089406967 0.009444444440305233 2.3823530673980713 4.600000381469727 0.0
388 0.021000001579523087 0.009999999776482582 2.1000001430511475 10.600007057189941 0.0
389 0.014000000432133675 0.009444444440305233 1.4823529720306396 11.300009727478027 0.0
390 0.020500000566244125 0.010555555112659931 1.9421054124832153 11.2000093460083 0.0
391 0.020000001415610313 0.009444444440305233 2.117647171020508 17.600032806396484 0.0
392 0.016499999910593033 0.010555555112659931 1.5631579160690308 5.099999904632568 0.0
393 0.024000000208616257 0.010555555112659931 2.27368426322937 12.300013542175293 0.0
394 0.01900000125169754 0.010555555112659931 1.8000001907348633 13.700018882751465 0.0
395 0.024500001221895218 0.009444444440305233 2.5941178798675537 5.099999904632568 0.0
396 0.014500001445412636 0.009444444440305233 1.5352942943572998 11.700011253356934 0.0
397 0.01250000111758709 0.009999999776482582 1.2500001192092896 17.600032806396484 0.0
398 0.01600000075995922 0.009444444440305233 1.694117784500122 12.900015830993652 0.0
399 0.025499999523162842 0.010555555112659931 2.4157896041870117 12.500014305114746 0.0
400 0.014000000432133675 0.009999999776482582 1.4000000953674316 4.900000095367432 0.0
401 0.01900000125169754 0.009999999776482582 1.9000002145767212 11.2000093460083 0.0
402 0.0195000022649765 0.010555555112659931 1.8473687171936035 12.200013160705566 0.0
403 0.014500001445412636 0.009999999776482582 1.4500001668930054 11.50001049041748 0.0
404 0.03400000184774399 0.009444444440305233 3.6000001430511475 3.000001907348633 0.0
405 0.0215000007301569 0.009999999776482582 2.1500000953674316 5.899999141693115 0.0
406 0.013000000268220901 0.009444444440305233 1.3764705657958984 16.800029754638672 0.0
407 0.0195000022649765 0.010555555112659931 1.8473687171936035 15.200024604797363 0.0
408 0.014500001445412636 0.009999999776482582 1.4500001668930054 18.00003433227539 0.0
409 0.010999999940395355 0.010555555112659931 1.0421053171157837 11.80001163482666 0.0
410 0.010500000789761543 0.010555555112659931 0.9947369694709778 6.499998569488525 0.0
411 0.016499999910593033 0.009999999776482582 1.649999976158142 16.400028228759766 0.0
412 0.014500000514090061 0.009444444440305233 1.5352941751480103 9.50000286102295 0.0
413 0.011500000953674316 0.009444444440305233 1.2176471948623657 8.399998664855957 0.0
414 0.01850000023841858 0.009999999776482582 1.850000023841858 19.400039672851562 0.0
415 0.021500002592802048 0.010555555112659931 2.0368423461914062 3.100001811981201 0.0
416 0.014500000514090061 0.009999999776482582 1.4500000476837158 14.300021171569824 0.0
417 0.014500000514090061 0.009999999776482582 1.4500000476837158 13.000016212463379 0.0
418 0.019999999552965164 0.009444444440305233 2.1176469326019287 8.29999828338623 0.0
419 0.01600000075995922 0.009444444440305233 1.694117784500122 15.400025367736816 0.0
420 0.020500000566244125 0.009444444440305233 2.170588254928589 12.600014686584473 0.0
421 0.015000000596046448 0.009444444440305233 1.5882353782653809 2.4000024795532227 0.0
422 0.015500000678002834 0.009999999776482582 1.5500000715255737 6.999998092651367 0.0
423 0.024000000208616257 0.009999999776482582 2.4000000953674316 12.300013542175293 0.0
424 0.017000000923871994 0.009999999776482582 1.7000001668930054 15.800026893615723 0.0
425 0.014500000514090061 0.009999999776482582 1.4500000476837158 16.200027465820312 0.0
426 0.010000000707805157 0.009444444440305233 1.058823585510254 9.700003623962402 0.0
427 0.01600000075995922 0.009444444440305233 1.694117784500122 12.900015830993652 0.0
428 0.03200000151991844 0.009999999776482582 3.200000286102295 12.7000150680542 0.0
429 0.0215000007301569 0.009444444440305233 2.27647066116333 13.200016975402832 0.0
430 0.020500000566244125 0.009444444440305233 2.170588254928589 15.30002498626709 0.0
431 0.026000000536441803 0.009999999776482582 2.6000001430511475 11.900012016296387 0.0
432 0.020000001415610313 0.010555555112659931 1.8947370052337646 10.900008201599121 0.0
433 0.01900000125169754 0.009444444440305233 2.0117647647857666 3.900001049041748 0.0
434 0.01900000125169754 0.009444444440305233 2.0117647647857666 15.90002727508545 0.0
435 0.016499999910593033 0.010555555112659931 1.5631579160690308 11.2000093460083 0.0
436 0.018000001087784767 0.009444444440305233 1.905882477760315 8.29999828338623 0.0
437 0.01600000075995922 0.009444444440305233 1.694117784500122 12.500014305114746 0.0
438 0.01900000125169754 0.009999999776482582 1.9000002145767212 13.400017738342285 0.0
439 0.017000000923871994 0.009444444440305233 1.8000000715255737 9.300002098083496 0.0
440 0.015000000596046448 0.009444444440305233 1.5882353782653809 11.2000093460083 0.0
441 0.015500000678002834 0.009999999776482582 1.5500000715255737 23.600055694580078 0.0
442 0.021000001579523087 0.009444444440305233 2.223529577255249 15.700026512145996 0.0
443 0.017000000923871994 0.010555555112659931 1.610526442527771 17.10003089904785 0.0
444 0.024500001221895218 0.009444444440305233 2.5941178798675537 8.099997520446777 0.0
445 0.018000001087784767 0.010555555112659931 1.705263376235962 9.300002098083496 0.0
446 1.0 0.8838889002799988 1.131363868713379 -94.89912414550781 0.009999999776482582
447 0.0215000007301569 0.009444444440305233 2.27647066116333 9.600003242492676 0.0
448 0.9980000257492065 0.8650000095367432 1.1537572145462036 -94.89912414550781 0.009999999776482582
449 0.015000000596046448 0.009999999776482582 1.5000001192092896 8.099997520446777 0.0
450 0.9985000491142273 0.8216666579246521 1.2152130603790283 -94.89912414550781 0.009999999776482582
451 0.021000001579523087 0.009444444440305233 2.223529577255249 4.600000381469727 0.0
452 0.0195000022649765 0.010555555112659931 1.8473687171936035 18.30003547668457 0.0
453 0.014000000432133675 0.009444444440305233 1.4823529720306396 9.20000171661377 0.0
454 0.017000000923871994 0.010555555112659931 1.610526442527771 12.200013160705566 0.0
455 0.020500000566244125 0.010555555112659931 1.9421054124832153 10.200005531311035 0.0
456 0.017000000923871994 0.010555555112659931 1.610526442527771 14.300021171569824 0.0
457 0.02200000174343586 0.009999999776482582 2.200000286102295 1.6000027656555176 0.0
458 0.015000000596046448 0.009999999776482582 1.5000001192092896 8.29999828338623 0.0
459 0.017500001937150955 0.009444444440305233 1.8529413938522339 16.700029373168945 0.0
460 0.01900000125169754 0.010555555112659931 1.8000001907348633 18.700037002563477 0.0
461 0.01900000125169754 0.009444444440305233 2.0117647647857666 9.400002479553223 0.0
462 0.013500001281499863 0.009999999776482582 1.3500001430511475 13.400017738342285 0.0
463 0.014500000514090061 0.009999999776482582 1.4500000476837158 9.900004386901855 0.0
464 0.014500000514090061 0.009999999776482582 1.4500000476837158 18.800037384033203 0.0
465 0.01900000125169754 0.009444444440305233 2.0117647647857666 3.300001621246338 0.0
466 0.010500000789761543 0.009999999776482582 1.0500000715255737 11.2000093460083 0.0
467 0.008500000461935997 0.009999999776482582 0.8500000834465027 12.10001277923584 0.0
468 0.01850000023841858 0.009444444440305233 1.958823561668396 13.400017738342285 0.0
469 0.019500000402331352 0.010555555112659931 1.8473684787750244 6.7999982833862305 0.0
470 0.018000001087784767 0.010555555112659931 1.705263376235962 17.10003089904785 0.0
471 0.021000001579523087 0.009444444440305233 2.223529577255249 13.000016212463379 0.0
472 0.011500000953674316 0.010555555112659931 1.089473843574524 7.799997329711914 0.0
473 0.016499999910593033 0.009999999776482582 1.649999976158142 13.100016593933105 0.0
474 0.012500000186264515 0.009999999776482582 1.25 9.400002479553223 0.0
475 0.0195000022649765 0.010555555112659931 1.8473687171936035 10.400006294250488 0.0
476 0.01850000023841858 0.009444444440305233 1.958823561668396 22.600051879882812 0.0
477 0.017500001937150955 0.009999999776482582 1.750000238418579 15.00002384185791 0.0
478 0.019999999552965164 0.009444444440305233 2.1176469326019287 15.200024604797363 0.0
479 0.017000000923871994 0.009999999776482582 1.7000001668930054 9.300002098083496 0.0
480 0.015000000596046448 0.009999999776482582 1.5000001192092896 6.7999982833862305 0.0
481 0.015000000596046448 0.009999999776482582 1.5000001192092896 10.400006294250488 0.0
482 0.014500000514090061 0.009444444440305233 1.5352941751480103 12.200013160705566 0.0
483 0.0195000022649765 0.009444444440305233 2.0647060871124268 11.600010871887207 0.0
484 0.012000000104308128 0.009999999776482582 1.2000000476837158 11.80001163482666 0.0
485 0.017000000923871994 0.010555555112659931 1.610526442527771 15.30002498626709 0.0
486 0.023500001057982445 0.009444444440305233 2.4882354736328125 13.300017356872559 0.0
487 0.01250000111758709 0.009444444440305233 1.3235294818878174 13.800019264221191 0.0
488 0.01850000023841858 0.010555555112659931 1.752631664276123 5.799999237060547 0.0
489 0.027000000700354576 0.010555555112659931 2.5578949451446533 10.900008201599121 0.0
490 0.021000001579523087 0.009999999776482582 2.1000001430511475 12.40001392364502 0.0
491 0.01900000125169754 0.009444444440305233 2.0117647647857666 7.999997138977051 0.0
492 0.017500001937150955 0.009444444440305233 1.8529413938522339 13.200016975402832 0.0
493 0.013500001281499863 0.010555555112659931 1.2789475917816162 10.000004768371582 0.0
494 0.02850000187754631 0.010555555112659931 2.700000286102295 18.00003433227539 0.0
495 0.01600000075995922 0.010555555112659931 1.5157896280288696 17.10003089904785 0.0
496 1.0 0.8611111044883728 1.1612902879714966 -94.89912414550781 0.009999999776482582
497 0.014500000514090061 0.010555555112659931 1.373684287071228 13.100016593933105 0.0
498 0.015000000596046448 0.009444444440305233 1.5882353782653809 7.399997711181641 0.0
499 0.021000001579523087 0.010555555112659931 1.9894739389419556 9.100001335144043 0.0
500 0.023500001057982445 0.010555555112659931 2.226315975189209 5.399999618530273 0.0
