1 0.016499999910593033 0.009999999776482582 1.649999976158142 20.3000431060791
2 0.010000000707805157 0.010555555112659931 0.9473685026168823 22.10004997253418
3 0.013000000268220901 0.009999999776482582 1.3000000715255737 14.600022315979004
4 0.010999999940395355 0.009444444440305233 1.1647058725357056 16.30002784729004
5 0.01600000075995922 0.009444444440305233 1.694117784500122 13.100016593933105
6 0.00950000062584877 0.009444444440305233 1.0058823823928833 15.500025749206543
7 0.01850000023841858 0.010555555112659931 1.752631664276123 12.800015449523926
8 0.01600000075995922 0.009444444440305233 1.694117784500122 13.100016593933105
9 0.017000000923871994 0.009999999776482582 1.7000001668930054 9.400002479553223
10 0.007500000298023224 0.009999999776482582 0.7500000596046448 15.30002498626709
11 0.017500001937150955 0.009999999776482582 1.750000238418579 18.60003662109375
12 0.011500000953674316 0.009444444440305233 1.2176471948623657 18.400035858154297
13 0.018000001087784767 0.009444444440305233 1.905882477760315 16.00002670288086
14 0.012000000104308128 0.009444444440305233 1.2705882787704468 18.90003776550293
15 0.010500000789761543 0.009444444440305233 1.1117647886276245 16.200027465820312
16 0.020500000566244125 0.009999999776482582 2.0500001907348633 17.200031280517578
17 0.012000000104308128 0.010555555112659931 1.136842131614685 14.800023078918457
18 0.01100000087171793 0.009999999776482582 1.1000001430511475 21.900049209594727
19 1.0 0.9461110830307007 1.0569583177566528 -94.89912414550781
20 0.014000000432133675 0.009444444440305233 1.4823529720306396 15.400025367736816
21 0.01850000023841858 0.009999999776482582 1.850000023841858 13.400017738342285
22 0.02199999988079071 0.009444444440305233 2.329411745071411 12.900015830993652
23 0.013500001281499863 0.010555555112659931 1.2789475917816162 17.900033950805664
24 0.013000000268220901 0.010555555112659931 1.231579065322876 18.700037002563477
25 0.017000000923871994 0.010555555112659931 1.610526442527771 11.400010108947754
26 0.014500000514090061 0.009444444440305233 1.5352941751480103 17.900033950805664
27 0.015000000596046448 0.009444444440305233 1.5882353782653809 13.200016975402832
28 0.016500001773238182 0.009999999776482582 1.6500002145767212 17.800033569335938
29 0.013000000268220901 0.009999999776482582 1.3000000715255737 18.200035095214844
30 0.00950000062584877 0.009444444440305233 1.0058823823928833 14.900023460388184
31 0.012000000104308128 0.009444444440305233 1.2705882787704468 17.600032806396484
32 0.010000000707805157 0.009444444440305233 1.058823585510254 13.000016212463379
33 0.01900000125169754 0.009999999776482582 1.9000002145767212 18.400035858154297
34 0.019999999552965164 0.009444444440305233 2.1176469326019287 16.9000301361084
35 0.01600000075995922 0.009444444440305233 1.694117784500122 19.700040817260742
36 0.012500000186264515 0.009444444440305233 1.3235294818878174 23.600055694580078
37 0.014500000514090061 0.009444444440305233 1.5352941751480103 10.200005531311035
38 0.01850000023841858 0.010555555112659931 1.752631664276123 16.200027465820312
39 0.01850000023841858 0.009444444440305233 1.958823561668396 15.60002613067627
40 0.016499999910593033 0.009999999776482582 1.649999976158142 16.200027465820312
41 0.015000000596046448 0.009999999776482582 1.5000001192092896 12.7000150680542
42 0.015000000596046448 0.010555555112659931 1.4210526943206787 9.700003623962402
43 0.02200000174343586 0.009444444440305233 2.3294119834899902 16.00002670288086
44 0.02200000174343586 0.010555555112659931 2.0842108726501465 17.40003204345703
45 0.016499999910593033 0.010555555112659931 1.5631579160690308 14.100020408630371
46 0.017500001937150955 0.009444444440305233 1.8529413938522339 13.400017738342285
47 0.014000000432133675 0.010555555112659931 1.3263158798217773 9.400002479553223
48 0.019500000402331352 0.010555555112659931 1.8473684787750244 22.600051879882812
49 0.013500001281499863 0.009444444440305233 1.4294118881225586 11.2000093460083
50 0.014500000514090061 0.010555555112659931 1.373684287071228 16.30002784729004
51 0.013500000350177288 0.009999999776482582 1.350000023841858 19.000038146972656
52 0.012500000186264515 0.009444444440305233 1.3235294818878174 17.10003089904785
53 0.012000000104308128 0.010555555112659931 1.136842131614685 18.700037002563477
54 0.010500000789761543 0.009444444440305233 1.1117647886276245 15.60002613067627
55 0.015000000596046448 0.010555555112659931 1.4210526943206787 22.000049591064453
56 0.009999999776482582 0.009999999776482582 1.0 17.000030517578125
57 0.014500000514090061 0.009444444440305233 1.5352941751480103 21.20004653930664
58 0.013500000350177288 0.009444444440305233 1.429411768913269 14.40002155303955
59 0.012000000104308128 0.009444444440305233 1.2705882787704468 16.00002670288086
60 0.011500000953674316 0.009444444440305233 1.2176471948623657 8.90000057220459
61 0.015000000596046448 0.010555555112659931 1.4210526943206787 22.800052642822266
62 0.020000001415610313 0.009444444440305233 2.117647171020508 11.900012016296387
63 0.011500000953674316 0.009999999776482582 1.1500000953674316 5.6999993324279785
64 0.01600000075995922 0.009999999776482582 1.6000001430511475 6.19999885559082
65 0.016499999910593033 0.009999999776482582 1.649999976158142 19.400039672851562
66 0.007500000298023224 0.010555555112659931 0.7105263471603394 10.100005149841309
67 0.0195000022649765 0.009999999776482582 1.950000286102295 16.60002899169922
68 0.014500000514090061 0.009999999776482582 1.4500000476837158 17.300031661987305
69 0.01900000125169754 0.010555555112659931 1.8000001907348633 17.40003204345703
70 0.021500002592802048 0.009999999776482582 2.1500003337860107 19.400039672851562
71 0.008500000461935997 0.009999999776482582 0.8500000834465027 22.40005111694336
72 0.01250000111758709 0.009444444440305233 1.3235294818878174 21.700048446655273
73 0.010500000789761543 0.010555555112659931 0.9947369694709778 20.500043869018555
74 0.01250000111758709 0.009999999776482582 1.2500001192092896 13.900019645690918
75 0.013500001281499863 0.009999999776482582 1.3500001430511475 14.200020790100098
76 0.015500000678002834 0.010555555112659931 1.468421220779419 18.700037002563477
77 0.014000000432133675 0.010555555112659931 1.3263158798217773 13.600018501281738
78 0.012000000104308128 0.009444444440305233 1.2705882787704468 16.9000301361084
79 0.017000000923871994 0.009999999776482582 1.7000001668930054 14.70002269744873
80 0.014500000514090061 0.009444444440305233 1.5352941751480103 13.700018882751465
81 0.017000000923871994 0.010555555112659931 1.610526442527771 9.20000171661377
82 0.018000001087784767 0.009444444440305233 1.905882477760315 17.70003318786621
83 0.014500000514090061 0.009444444440305233 1.5352941751480103 30.80008316040039
84 0.013500000350177288 0.009999999776482582 1.350000023841858 13.300017356872559
85 0.013500001281499863 0.009444444440305233 1.4294118881225586 20.90004539489746
86 0.017500001937150955 0.009999999776482582 1.750000238418579 18.200035095214844
87 0.013500000350177288 0.009999999776482582 1.350000023841858 19.700040817260742
88 0.011500000953674316 0.009444444440305233 1.2176471948623657 16.9000301361084
89 0.01850000023841858 0.009999999776482582 1.850000023841858 20.500043869018555
90 0.010999999940395355 0.009999999776482582 1.100000023841858 14.70002269744873
91 0.01850000023841858 0.009999999776482582 1.850000023841858 14.200020790100098
92 0.013500001281499863 0.009444444440305233 1.4294118881225586 20.800045013427734
93 0.016499999910593033 0.009999999776482582 1.649999976158142 4.000000953674316
94 0.014500000514090061 0.009999999776482582 1.4500000476837158 8.399998664855957
95 0.008500000461935997 0.009444444440305233 0.9000000357627869 13.100016593933105
96 0.01850000023841858 0.010555555112659931 1.752631664276123 10.300005912780762
97 0.024500001221895218 0.009444444440305233 2.5941178798675537 10.100005149841309
98 0.013500000350177288 0.010555555112659931 1.2789474725723267 17.70003318786621
99 0.017000000923871994 0.010555555112659931 1.610526442527771 17.900033950805664
100 0.010999999940395355 0.009444444440305233 1.1647058725357056 18.60003662109375
101 0.015500000678002834 0.009444444440305233 1.6411765813827515 16.800029754638672
102 0.015500000678002834 0.009444444440305233 1.6411765813827515 17.800033569335938
103 0.011500000953674316 0.010555555112659931 1.089473843574524 17.500032424926758
104 0.014500000514090061 0.009999999776482582 1.4500000476837158 19.80004119873047
105 0.009000000543892384 0.009444444440305233 0.9529412388801575 10.100005149841309
106 0.009999999776482582 0.010555555112659931 0.9473684430122375 15.100024223327637
107 0.01850000023841858 0.009444444440305233 1.958823561668396 23.700056076049805
108 0.01250000111758709 0.009999999776482582 1.2500001192092896 12.40001392364502
109 0.020000001415610313 0.010555555112659931 1.8947370052337646 16.500028610229492
110 0.017000000923871994 0.009999999776482582 1.7000001668930054 18.100034713745117
111 0.014000000432133675 0.009444444440305233 1.4823529720306396 20.10004234313965
112 0.017000000923871994 0.009444444440305233 1.8000000715255737 14.200020790100098
113 0.007500000298023224 0.009444444440305233 0.7941176891326904 13.900019645690918
114 0.011500000953674316 0.010555555112659931 1.089473843574524 15.200024604797363
115 0.0044999998062849045 0.009444444440305233 0.47647055983543396 13.000016212463379
116 0.0 0.0011111111380159855 0.0 0.10000251978635788
117 0.010000000707805157 0.009999999776482582 1.0000001192092896 10.100005149841309
118 0.00950000062584877 0.010555555112659931 0.9000000953674316 17.10003089904785
119 0.014000000432133675 0.009444444440305233 1.4823529720306396 13.100016593933105
120 0.014500000514090061 0.009444444440305233 1.5352941751480103 12.300013542175293
121 0.01600000075995922 0.009999999776482582 1.6000001430511475 14.70002269744873
122 0.014500000514090061 0.009444444440305233 1.5352941751480103 11.900012016296387
123 0.012500000186264515 0.009999999776482582 1.25 17.200031280517578
124 0.013000000268220901 0.009999999776482582 1.3000000715255737 20.10004234313965
125 0.021500002592802048 0.010555555112659931 2.0368423461914062 13.200016975402832
126 0.010000000707805157 0.009444444440305233 1.058823585510254 11.100008964538574
127 0.020500000566244125 0.010555555112659931 1.9421054124832153 12.10001277923584
128 0.021500002592802048 0.010555555112659931 2.0368423461914062 16.9000301361084
129 0.01900000125169754 0.009444444440305233 2.0117647647857666 25.700063705444336
130 0.013500001281499863 0.009999999776482582 1.3500001430511475 18.800037384033203
131 0.015500000678002834 0.009444444440305233 1.6411765813827515 19.600040435791016
132 0.012000000104308128 0.009444444440305233 1.2705882787704468 19.300039291381836
133 0.013000000268220901 0.009444444440305233 1.3764705657958984 16.800029754638672
134 0.015000000596046448 0.009999999776482582 1.5000001192092896 14.300021171569824
135 0.020000001415610313 0.009444444440305233 2.117647171020508 23.00005340576172
136 0.013500000350177288 0.009444444440305233 1.429411768913269 16.500028610229492
137 0.015500000678002834 0.010555555112659931 1.468421220779419 16.30002784729004
138 0.017000000923871994 0.009444444440305233 1.8000000715255737 15.400025367736816
139 0.0195000022649765 0.009444444440305233 2.0647060871124268 22.200050354003906
140 0.017000000923871994 0.009999999776482582 1.7000001668930054 10.200005531311035
141 0.014000000432133675 0.010555555112659931 1.3263158798217773 17.000030517578125
142 0.015000000596046448 0.009999999776482582 1.5000001192092896 20.10004234313965
143 0.013500000350177288 0.009444444440305233 1.429411768913269 14.900023460388184
144 0.010999999940395355 0.009999999776482582 1.100000023841858 15.60002613067627
145 0.0195000022649765 0.009999999776482582 1.950000286102295 13.700018882751465
146 0.010500000789761543 0.009444444440305233 1.1117647886276245 15.00002384185791
147 0.02200000174343586 0.009444444440305233 2.3294119834899902 24.300058364868164
148 0.008500000461935997 0.009444444440305233 0.9000000357627869 28.000072479248047
149 0.015500000678002834 0.009444444440305233 1.6411765813827515 16.9000301361084
150 0.020500000566244125 0.009999999776482582 2.0500001907348633 12.200013160705566
151 0.019999999552965164 0.009444444440305233 2.1176469326019287 15.800026893615723
152 0.019999999552965164 0.009444444440305233 2.1176469326019287 7.699997425079346
153 0.010000000707805157 0.009999999776482582 1.0000001192092896 16.00002670288086
154 0.015000000596046448 0.009444444440305233 1.5882353782653809 15.500025749206543
155 0.014000000432133675 0.009444444440305233 1.4823529720306396 14.500021934509277
156 0.013000000268220901 0.009444444440305233 1.3764705657958984 17.10003089904785
157 0.010500000789761543 0.010555555112659931 0.9947369694709778 18.500036239624023
158 0.01900000125169754 0.009999999776482582 1.9000002145767212 15.800026893615723
159 0.02199999988079071 0.010555555112659931 2.0842106342315674 3.900001049041748
160 0.012000000104308128 0.009444444440305233 1.2705882787704468 11.600010871887207
161 0.009000000543892384 0.009444444440305233 0.9529412388801575 13.000016212463379
162 0.01600000075995922 0.009999999776482582 1.6000001430511475 22.000049591064453
163 0.014500000514090061 0.009999999776482582 1.4500000476837158 22.600051879882812
164 0.015000000596046448 0.009444444440305233 1.5882353782653809 18.400035858154297
165 0.020000001415610313 0.010555555112659931 1.8947370052337646 14.600022315979004
166 0.017500001937150955 0.009999999776482582 1.750000238418579 19.400039672851562
167 0.020000001415610313 0.009444444440305233 2.117647171020508 15.30002498626709
168 0.020500000566244125 0.009444444440305233 2.170588254928589 11.300009727478027
169 0.012000000104308128 0.009999999776482582 1.2000000476837158 16.100027084350586
170 0.015500000678002834 0.009444444440305233 1.6411765813827515 16.400028228759766
171 0.017500001937150955 0.010555555112659931 1.6578949689865112 13.400017738342285
172 0.013000000268220901 0.009444444440305233 1.3764705657958984 15.700026512145996
173 0.012000000104308128 0.009999999776482582 1.2000000476837158 16.9000301361084
174 0.013000000268220901 0.009999999776482582 1.3000000715255737 12.800015449523926
175 0.016499999910593033 0.010555555112659931 1.5631579160690308 23.400054931640625
176 0.00950000062584877 0.009444444440305233 1.0058823823928833 6.699998378753662
177 0.014500000514090061 0.009999999776482582 1.4500000476837158 13.700018882751465
178 0.014000000432133675 0.009444444440305233 1.4823529720306396 16.400028228759766
179 0.013500001281499863 0.009444444440305233 1.4294118881225586 17.10003089904785
180 0.020500000566244125 0.009444444440305233 2.170588254928589 16.60002899169922
181 0.014000000432133675 0.010555555112659931 1.3263158798217773 16.200027465820312
182 0.017500001937150955 0.009999999776482582 1.750000238418579 20.90004539489746
183 0.023000001907348633 0.009999999776482582 2.3000001907348633 17.800033569335938
184 0.01900000125169754 0.009444444440305233 2.0117647647857666 22.10004997253418
185 0.0195000022649765 0.010555555112659931 1.8473687171936035 11.2000093460083
186 0.016499999910593033 0.009444444440305233 1.7470588684082031 13.400017738342285
187 0.017500001937150955 0.009444444440305233 1.8529413938522339 21.900049209594727
188 0.014500000514090061 0.010555555112659931 1.373684287071228 13.900019645690918
189 0.013000000268220901 0.009999999776482582 1.3000000715255737 19.600040435791016
190 0.014500001445412636 0.009999999776482582 1.4500001668930054 11.100008964538574
191 0.016499999910593033 0.009444444440305233 1.7470588684082031 13.900019645690918
192 0.015500000678002834 0.009999999776482582 1.5500000715255737 11.900012016296387
193 0.013000000268220901 0.010555555112659931 1.231579065322876 18.100034713745117
194 0.014000000432133675 0.009999999776482582 1.4000000953674316 8.099997520446777
195 0.015500000678002834 0.009444444440305233 1.6411765813827515 15.90002727508545
196 0.017500001937150955 0.010555555112659931 1.6578949689865112 7.999997138977051
197 0.016499999910593033 0.009444444440305233 1.7470588684082031 15.60002613067627
198 0.020500000566244125 0.009999999776482582 2.0500001907348633 20.000041961669922
199 0.01600000075995922 0.009999999776482582 1.6000001430511475 11.700011253356934
200 0.018000001087784767 0.009999999776482582 1.8000001907348633 16.500028610229492
201 0.0215000007301569 0.009999999776482582 2.1500000953674316 12.900015830993652
202 0.017000000923871994 0.010555555112659931 1.610526442527771 23.80005645751953
203 0.016499999910593033 0.010555555112659931 1.5631579160690308 15.400025367736816
204 0.010500000789761543 0.009444444440305233 1.1117647886276245 14.200020790100098
205 0.01250000111758709 0.009444444440305233 1.3235294818878174 14.900023460388184
206 0.017000000923871994 0.010555555112659931 1.610526442527771 16.60002899169922
207 0.010999999940395355 0.009444444440305233 1.1647058725357056 11.600010871887207
208 0.010500000789761543 0.009444444440305233 1.1117647886276245 16.400028228759766
209 0.019999999552965164 0.009999999776482582 2.0 28.50007438659668
210 0.01250000111758709 0.010555555112659931 1.1842106580734253 13.100016593933105
211 0.010500000789761543 0.010555555112659931 0.9947369694709778 14.800023078918457
212 0.011500000953674316 0.009444444440305233 1.2176471948623657 9.900004386901855
213 0.014500000514090061 0.009999999776482582 1.4500000476837158 20.000041961669922
214 0.01100000087171793 0.010555555112659931 1.0421054363250732 14.000020027160645
215 0.012500000186264515 0.009444444440305233 1.3235294818878174 11.2000093460083
216 0.011500000953674316 0.009999999776482582 1.1500000953674316 15.800026893615723
217 0.009999999776482582 0.009444444440305233 1.0588234663009644 19.100038528442383
218 0.011500000953674316 0.009444444440305233 1.2176471948623657 9.900004386901855
219 0.015000000596046448 0.010555555112659931 1.4210526943206787 18.100034713745117
220 0.011500000953674316 0.009999999776482582 1.1500000953674316 17.800033569335938
221 0.010500000789761543 0.009444444440305233 1.1117647886276245 12.500014305114746
222 0.018000001087784767 0.009999999776482582 1.8000001907348633 19.20003890991211
223 0.014000000432133675 0.009444444440305233 1.4823529720306396 19.100038528442383
224 0.009000000543892384 0.009444444440305233 0.9529412388801575 19.50004005432129
225 0.014000000432133675 0.009444444440305233 1.4823529720306396 11.700011253356934
226 0.018000001087784767 0.009999999776482582 1.8000001907348633 16.700029373168945
227 0.015500000678002834 0.009444444440305233 1.6411765813827515 22.000049591064453
228 0.015000000596046448 0.010555555112659931 1.4210526943206787 13.900019645690918
229 0.01850000023841858 0.009999999776482582 1.850000023841858 15.700026512145996
230 0.020500000566244125 0.009999999776482582 2.0500001907348633 15.200024604797363
231 0.023000001907348633 0.009999999776482582 2.3000001907348633 11.2000093460083
232 0.017000000923871994 0.009999999776482582 1.7000001668930054 13.400017738342285
233 0.0195000022649765 0.009444444440305233 2.0647060871124268 16.60002899169922
234 0.013000000268220901 0.009444444440305233 1.3764705657958984 15.100024223327637
235 0.010000000707805157 0.010555555112659931 0.9473685026168823 14.800023078918457
236 0.014500000514090061 0.009444444440305233 1.5352941751480103 13.300017356872559
237 0.021000001579523087 0.009444444440305233 2.223529577255249 29.7000789642334
238 0.01250000111758709 0.009444444440305233 1.3235294818878174 24.200057983398438
239 0.013000000268220901 0.009444444440305233 1.3764705657958984 18.400035858154297
240 0.012000000104308128 0.010555555112659931 1.136842131614685 16.200027465820312
241 0.014000000432133675 0.009444444440305233 1.4823529720306396 17.200031280517578
242 0.00950000062584877 0.010555555112659931 0.9000000953674316 9.900004386901855
243 0.026000000536441803 0.010555555112659931 2.463158130645752 16.400028228759766
244 0.017000000923871994 0.010555555112659931 1.610526442527771 12.500014305114746
245 0.01850000023841858 0.010555555112659931 1.752631664276123 15.500025749206543
246 0.015000000596046448 0.009444444440305233 1.5882353782653809 7.299997806549072
247 0.00950000062584877 0.010555555112659931 0.9000000953674316 18.700037002563477
248 1.0 0.9722222089767456 1.0285714864730835 -94.89912414550781
249 0.010500000789761543 0.009444444440305233 1.1117647886276245 17.600032806396484
250 0.02250000089406967 0.009444444440305233 2.3823530673980713 19.400039672851562
251 0.015000000596046448 0.009999999776482582 1.5000001192092896 7.799997329711914
252 0.01250000111758709 0.009444444440305233 1.3235294818878174 13.100016593933105
253 0.016499999910593033 0.010555555112659931 1.5631579160690308 17.10003089904785
254 0.02199999988079071 0.009999999776482582 2.200000047683716 18.500036239624023
255 0.014000000432133675 0.010555555112659931 1.3263158798217773 17.600032806396484
256 0.010500000789761543 0.009444444440305233 1.1117647886276245 12.500014305114746
257 0.017000000923871994 0.009999999776482582 1.7000001668930054 17.500032424926758
258 0.01850000023841858 0.010555555112659931 1.752631664276123 13.000016212463379
259 0.018000001087784767 0.009444444440305233 1.905882477760315 29.600078582763672
260 0.016499999910593033 0.009444444440305233 1.7470588684082031 13.300017356872559
261 0.012000000104308128 0.009999999776482582 1.2000000476837158 20.90004539489746
262 0.010000000707805157 0.009999999776482582 1.0000001192092896 16.500028610229492
263 0.02200000174343586 0.009999999776482582 2.200000286102295 22.000049591064453
264 0.015500000678002834 0.009999999776482582 1.5500000715255737 19.100038528442383
265 0.018000001087784767 0.009999999776482582 1.8000001907348633 9.300002098083496
266 0.014000000432133675 0.009444444440305233 1.4823529720306396 16.200027465820312
267 0.0195000022649765 0.009444444440305233 2.0647060871124268 13.800019264221191
268 0.009999999776482582 0.009444444440305233 1.0588234663009644 16.200027465820312
269 0.015000000596046448 0.009444444440305233 1.5882353782653809 14.200020790100098
270 0.014500000514090061 0.009999999776482582 1.4500000476837158 15.400025367736816
271 0.011500000953674316 0.009999999776482582 1.1500000953674316 13.000016212463379
272 0.012500000186264515 0.009999999776482582 1.25 17.200031280517578
273 0.013500001281499863 0.009999999776482582 1.3500001430511475 16.200027465820312
274 0.020000001415610313 0.009999999776482582 2.000000238418579 10.900008201599121
275 0.008500000461935997 0.010555555112659931 0.8052632212638855 13.800019264221191
276 0.013000000268220901 0.009444444440305233 1.3764705657958984 12.200013160705566
277 0.010500000789761543 0.009444444440305233 1.1117647886276245 17.000030517578125
278 0.0215000007301569 0.009444444440305233 2.27647066116333 20.200042724609375
279 0.014000000432133675 0.009999999776482582 1.4000000953674316 16.400028228759766
280 0.012500000186264515 0.009999999776482582 1.25 16.400028228759766
281 0.010999999940395355 0.009444444440305233 1.1647058725357056 21.50004768371582
282 0.02199999988079071 0.009999999776482582 2.200000047683716 17.200031280517578
283 0.00950000062584877 0.009999999776482582 0.9500001072883606 11.000008583068848
284 0.0195000022649765 0.010555555112659931 1.8473687171936035 18.00003433227539
285 0.01900000125169754 0.009999999776482582 1.9000002145767212 17.10003089904785
286 0.016499999910593033 0.010555555112659931 1.5631579160690308 26.50006675720215
287 0.01250000111758709 0.009999999776482582 1.2500001192092896 16.200027465820312
288 0.009000000543892384 0.010555555112659931 0.852631688117981 13.900019645690918
289 0.012500000186264515 0.010555555112659931 1.1842105388641357 14.600022315979004
290 0.018000001087784767 0.010555555112659931 1.705263376235962 11.300009727478027
291 0.01600000075995922 0.009999999776482582 1.6000001430511475 13.800019264221191
292 0.017500001937150955 0.009444444440305233 1.8529413938522339 14.800023078918457
293 0.01850000023841858 0.009999999776482582 1.850000023841858 14.000020027160645
294 0.012000000104308128 0.009444444440305233 1.2705882787704468 25.30006217956543
295 0.01900000125169754 0.009999999776482582 1.9000002145767212 16.30002784729004
296 0.01900000125169754 0.009999999776482582 1.9000002145767212 15.60002613067627
297 0.011500000953674316 0.009444444440305233 1.2176471948623657 21.400047302246094
298 0.01600000075995922 0.009999999776482582 1.6000001430511475 17.70003318786621
299 0.015000000596046448 0.010555555112659931 1.4210526943206787 21.000045776367188
300 0.013000000268220901 0.009999999776482582 1.3000000715255737 17.900033950805664
301 0.014500001445412636 0.009999999776482582 1.4500001668930054 13.900019645690918
302 0.020500000566244125 0.009444444440305233 2.170588254928589 15.500025749206543
303 0.007000000216066837 0.009444444440305233 0.7411764860153198 15.60002613067627
304 0.015500000678002834 0.009444444440305233 1.6411765813827515 10.500006675720215
305 0.012500000186264515 0.009999999776482582 1.25 15.400025367736816
306 0.020500000566244125 0.009444444440305233 2.170588254928589 19.700040817260742
307 0.02199999988079071 0.009444444440305233 2.329411745071411 24.000057220458984
308 0.014000000432133675 0.009999999776482582 1.4000000953674316 14.500021934509277
309 0.011500000953674316 0.010555555112659931 1.089473843574524 14.300021171569824
310 0.010999999940395355 0.009999999776482582 1.100000023841858 16.60002899169922
311 0.011500000953674316 0.009444444440305233 1.2176471948623657 13.400017738342285
312 0.012000000104308128 0.009999999776482582 1.2000000476837158 18.500036239624023
313 0.017500001937150955 0.010555555112659931 1.6578949689865112 18.30003547668457
314 0.00950000062584877 0.009999999776482582 0.9500001072883606 13.800019264221191
315 0.012000000104308128 0.009999999776482582 1.2000000476837158 15.700026512145996
316 0.014000000432133675 0.009999999776482582 1.4000000953674316 16.00002670288086
317 0.018000001087784767 0.010555555112659931 1.705263376235962 16.30002784729004
318 0.017000000923871994 0.009999999776482582 1.7000001668930054 8.90000057220459
319 0.014000000432133675 0.010555555112659931 1.3263158798217773 16.30002784729004
320 0.013500000350177288 0.009444444440305233 1.429411768913269 14.70002269744873
321 0.01900000125169754 0.010555555112659931 1.8000001907348633 5.999999046325684
322 0.999500036239624 0.5655555725097656 1.7672888040542603 -94.89912414550781
323 0.011500000953674316 0.009999999776482582 1.1500000953674316 16.00002670288086
324 0.010000000707805157 0.009999999776482582 1.0000001192092896 15.200024604797363
325 0.015000000596046448 0.009444444440305233 1.5882353782653809 11.000008583068848
326 0.011500000953674316 0.010555555112659931 1.089473843574524 14.100020408630371
327 0.0215000007301569 0.010555555112659931 2.0368423461914062 13.000016212463379
328 0.01100000087171793 0.010555555112659931 1.0421054363250732 19.600040435791016
329 0.010999999940395355 0.009444444440305233 1.1647058725357056 15.500025749206543
330 0.010500000789761543 0.010555555112659931 0.9947369694709778 16.30002784729004
331 0.007000000216066837 0.009444444440305233 0.7411764860153198 16.100027084350586
332 0.014500000514090061 0.009999999776482582 1.4500000476837158 20.500043869018555
333 0.011500000953674316 0.009444444440305233 1.2176471948623657 16.700029373168945
334 0.013000000268220901 0.009444444440305233 1.3764705657958984 8.499999046325684
335 0.00800000037997961 0.009999999776482582 0.8000000715255737 16.30002784729004
336 0.015500000678002834 0.010555555112659931 1.468421220779419 10.600007057189941
337 0.015000000596046448 0.010555555112659931 1.4210526943206787 11.300009727478027
338 0.010500000789761543 0.009444444440305233 1.1117647886276245 14.200020790100098
339 0.014500000514090061 0.009999999776482582 1.4500000476837158 19.50004005432129
340 0.008999999612569809 0.009444444440305233 0.9529411196708679 13.000016212463379
341 0.020500000566244125 0.010555555112659931 1.9421054124832153 6.099998950958252
342 0.010999999940395355 0.009444444440305233 1.1647058725357056 9.700003623962402
343 0.014000000432133675 0.010555555112659931 1.3263158798217773 16.60002899169922
344 0.019999999552965164 0.009444444440305233 2.1176469326019287 14.500021934509277
345 0.017000000923871994 0.010555555112659931 1.610526442527771 17.300031661987305
346 0.014000000432133675 0.009999999776482582 1.4000000953674316 16.200027465820312
347 0.010000000707805157 0.009999999776482582 1.0000001192092896 16.60002899169922
348 0.017500001937150955 0.009444444440305233 1.8529413938522339 9.700003623962402
349 0.006500000134110451 0.009999999776482582 0.6500000357627869 15.30002498626709
350 0.015000000596046448 0.009444444440305233 1.5882353782653809 12.200013160705566
351 0.01600000075995922 0.009444444440305233 1.694117784500122 13.100016593933105
352 0.013500000350177288 0.009444444440305233 1.429411768913269 17.600032806396484
353 0.0195000022649765 0.009999999776482582 1.950000286102295 16.400028228759766
354 0.017000000923871994 0.009444444440305233 1.8000000715255737 19.300039291381836
355 0.019500000402331352 0.009444444440305233 2.0647058486938477 15.100024223327637
356 0.01600000075995922 0.009999999776482582 1.6000001430511475 17.300031661987305
357 0.014000000432133675 0.009444444440305233 1.4823529720306396 22.300050735473633
358 0.020000001415610313 0.009999999776482582 2.000000238418579 13.300017356872559
359 0.018000001087784767 0.009999999776482582 1.8000001907348633 7.0999979972839355
360 0.023000001907348633 0.010555555112659931 2.178947687149048 4.600000381469727
361 0.017000000923871994 0.010555555112659931 1.610526442527771 14.40002155303955
362 0.00950000062584877 0.009444444440305233 1.0058823823928833 20.90004539489746
363 0.020000001415610313 0.010555555112659931 1.8947370052337646 18.30003547668457
364 0.02200000174343586 0.009444444440305233 2.3294119834899902 20.400043487548828
365 0.012000000104308128 0.009444444440305233 1.2705882787704468 16.60002899169922
366 0.007500000298023224 0.009444444440305233 0.7941176891326904 14.800023078918457
367 0.015000000596046448 0.009444444440305233 1.5882353782653809 13.200016975402832
368 0.011500000953674316 0.009999999776482582 1.1500000953674316 16.00002670288086
369 0.014000000432133675 0.009999999776482582 1.4000000953674316 15.30002498626709
370 0.014500001445412636 0.009444444440305233 1.5352942943572998 9.000000953674316
371 0.013000000268220901 0.009444444440305233 1.3764705657958984 17.500032424926758
372 0.01900000125169754 0.010555555112659931 1.8000001907348633 26.300065994262695
373 0.010000000707805157 0.009999999776482582 1.0000001192092896 13.300017356872559
374 0.017500001937150955 0.010555555112659931 1.6578949689865112 19.20003890991211
375 0.010999999940395355 0.009999999776482582 1.100000023841858 17.500032424926758
376 0.015000000596046448 0.009999999776482582 1.5000001192092896 19.900041580200195
377 0.0364999994635582 0.010555555112659931 3.457894802093506 4.800000190734863
378 0.01250000111758709 0.010555555112659931 1.1842106580734253 14.800023078918457
379 0.013000000268220901 0.009444444440305233 1.3764705657958984 16.400028228759766
380 0.014000000432133675 0.009444444440305233 1.4823529720306396 15.60002613067627
381 0.014500000514090061 0.009444444440305233 1.5352941751480103 16.30002784729004
382 0.01600000075995922 0.009999999776482582 1.6000001430511475 3.900001049041748
383 0.01850000023841858 0.010555555112659931 1.752631664276123 17.40003204345703
384 0.02200000174343586 0.009999999776482582 2.200000286102295 16.700029373168945
385 0.015500000678002834 0.010555555112659931 1.468421220779419 22.300050735473633
386 0.010999999940395355 0.009999999776482582 1.100000023841858 15.700026512145996
387 0.015000000596046448 0.009444444440305233 1.5882353782653809 11.100008964538574
388 0.014500000514090061 0.009444444440305233 1.5352941751480103 20.60004425048828
389 0.00800000037997961 0.010555555112659931 0.7578948140144348 15.00002384185791
390 0.014500000514090061 0.010555555112659931 1.373684287071228 11.900012016296387
391 0.020500000566244125 0.009999999776482582 2.0500001907348633 25.60006332397461
392 0.01250000111758709 0.009999999776482582 1.2500001192092896 12.200013160705566
393 0.017500001937150955 0.009444444440305233 1.8529413938522339 20.500043869018555
394 0.009000000543892384 0.009444444440305233 0.9529412388801575 14.100020408630371
395 0.021500002592802048 0.009444444440305233 2.276470899581909 11.300009727478027
396 0.013500001281499863 0.009444444440305233 1.4294118881225586 16.400028228759766
397 0.0215000007301569 0.009999999776482582 2.1500000953674316 29.000076293945312
398 0.017999999225139618 0.010555555112659931 1.7052631378173828 15.30002498626709
399 0.013000000268220901 0.009444444440305233 1.3764705657958984 16.60002899169922
400 0.007000000216066837 0.009999999776482582 0.7000000476837158 15.200024604797363
401 0.02250000089406967 0.009444444440305233 2.3823530673980713 21.20004653930664
402 0.021000001579523087 0.009999999776482582 2.1000001430511475 16.200027465820312
403 0.017000000923871994 0.009444444440305233 1.8000000715255737 15.00002384185791
404 0.017500001937150955 0.010555555112659931 1.6578949689865112 12.500014305114746
405 0.018000001087784767 0.009444444440305233 1.905882477760315 5.799999237060547
406 0.014000000432133675 0.010555555112659931 1.3263158798217773 16.800029754638672
407 0.01900000125169754 0.009444444440305233 2.0117647647857666 9.900004386901855
408 0.01600000075995922 0.009999999776482582 1.6000001430511475 19.300039291381836
409 0.01850000023841858 0.009999999776482582 1.850000023841858 15.00002384185791
410 0.016499999910593033 0.009999999776482582 1.649999976158142 12.600014686584473
411 0.012000000104308128 0.009999999776482582 1.2000000476837158 20.700044631958008
412 0.013500001281499863 0.009444444440305233 1.4294118881225586 12.500014305114746
413 0.014500001445412636 0.009999999776482582 1.4500001668930054 10.900008201599121
414 0.012000000104308128 0.009999999776482582 1.2000000476837158 16.200027465820312
415 0.017000000923871994 0.009999999776482582 1.7000001668930054 11.300009727478027
416 0.014000000432133675 0.010555555112659931 1.3263158798217773 12.300013542175293
417 0.020000001415610313 0.010555555112659931 1.8947370052337646 16.400028228759766
418 0.016499999910593033 0.010555555112659931 1.5631579160690308 10.400006294250488
419 0.01600000075995922 0.010555555112659931 1.5157896280288696 26.000064849853516
420 0.020500000566244125 0.010555555112659931 1.9421054124832153 16.400028228759766
421 0.01850000023841858 0.009999999776482582 1.850000023841858 9.000000953674316
422 0.017000000923871994 0.009999999776482582 1.7000001668930054 17.40003204345703
423 0.013500000350177288 0.009999999776482582 1.350000023841858 12.200013160705566
424 0.020500000566244125 0.010555555112659931 1.9421054124832153 29.300077438354492
425 0.01250000111758709 0.009444444440305233 1.3235294818878174 16.500028610229492
426 0.014500000514090061 0.009444444440305233 1.5352941751480103 16.700029373168945
427 0.01850000023841858 0.010555555112659931 1.752631664276123 14.40002155303955
428 0.013000000268220901 0.009444444440305233 1.3764705657958984 15.500025749206543
429 0.015000000596046448 0.009444444440305233 1.5882353782653809 16.00002670288086
430 0.01600000075995922 0.010555555112659931 1.5157896280288696 21.800048828125
431 0.013000000268220901 0.009444444440305233 1.3764705657958984 16.30002784729004
432 0.013500000350177288 0.009444444440305233 1.429411768913269 11.900012016296387
433 0.01250000111758709 0.009444444440305233 1.3235294818878174 13.800019264221191
434 0.00800000037997961 0.009444444440305233 0.847058892250061 13.100016593933105
435 0.007000000216066837 0.009999999776482582 0.7000000476837158 13.500018119812012
436 0.013000000268220901 0.010555555112659931 1.231579065322876 11.000008583068848
437 0.017500001937150955 0.009444444440305233 1.8529413938522339 16.9000301361084
438 0.017000000923871994 0.009444444440305233 1.8000000715255737 13.300017356872559
439 0.017000000923871994 0.009999999776482582 1.7000001668930054 13.400017738342285
440 0.011500000953674316 0.009444444440305233 1.2176471948623657 13.800019264221191
441 0.017500001937150955 0.009444444440305233 1.8529413938522339 19.600040435791016
442 0.017500001937150955 0.009444444440305233 1.8529413938522339 16.400028228759766
443 0.010500000789761543 0.009444444440305233 1.1117647886276245 19.000038146972656
444 0.010999999940395355 0.010555555112659931 1.0421053171157837 10.600007057189941
445 0.015500000678002834 0.010555555112659931 1.468421220779419 6.19999885559082
446 1.0 0.9427777528762817 1.0606954097747803 -94.89912414550781
447 0.01900000125169754 0.010555555112659931 1.8000001907348633 14.500021934509277
448 1.0 0.92166668176651 1.0849909782409668 -94.89912414550781
449 0.023500001057982445 0.009999999776482582 2.3500001430511475 3.900001049041748
450 1.0 0.9505555629730225 1.0520163774490356 -94.89912414550781
451 0.011500000953674316 0.010555555112659931 1.089473843574524 1.8000028133392334
452 0.015000000596046448 0.009444444440305233 1.5882353782653809 13.700018882751465
453 0.017000000923871994 0.009444444440305233 1.8000000715255737 19.100038528442383
454 0.015000000596046448 0.009999999776482582 1.5000001192092896 17.200031280517578
455 0.012500000186264515 0.009444444440305233 1.3235294818878174 16.100027084350586
456 0.015500000678002834 0.010555555112659931 1.468421220779419 15.800026893615723
457 0.018000001087784767 0.010555555112659931 1.705263376235962 13.700018882751465
458 0.020000001415610313 0.010555555112659931 1.8947370052337646 10.100005149841309
459 0.016499999910593033 0.010555555112659931 1.5631579160690308 24.600059509277344
460 0.012500000186264515 0.009444444440305233 1.3235294818878174 18.100034713745117
461 0.01600000075995922 0.009999999776482582 1.6000001430511475 10.100005149841309
462 0.01850000023841858 0.009999999776482582 1.850000023841858 20.3000431060791
463 0.013500001281499863 0.010555555112659931 1.2789475917816162 13.200016975402832
464 0.014500001445412636 0.009444444440305233 1.5352942943572998 23.600055694580078
465 0.01600000075995922 0.010555555112659931 1.5157896280288696 6.7999982833862305
466 0.010000000707805157 0.010555555112659931 0.9473685026168823 19.20003890991211
467 0.01850000023841858 0.009999999776482582 1.850000023841858 20.60004425048828
468 0.017000000923871994 0.010555555112659931 1.610526442527771 23.00005340576172
469 0.013500000350177288 0.010555555112659931 1.2789474725723267 14.300021171569824
470 0.014500000514090061 0.010555555112659931 1.373684287071228 9.800004005432129
471 0.018000001087784767 0.009444444440305233 1.905882477760315 19.000038146972656
472 0.020000001415610313 0.009444444440305233 2.117647171020508 3.900001049041748
473 0.014500000514090061 0.010555555112659931 1.373684287071228 20.500043869018555
474 0.023500001057982445 0.009444444440305233 2.4882354736328125 14.500021934509277
475 0.0195000022649765 0.009444444440305233 2.0647060871124268 21.900049209594727
476 0.015000000596046448 0.009444444440305233 1.5882353782653809 12.600014686584473
477 0.010500000789761543 0.009444444440305233 1.1117647886276245 15.90002727508545
478 0.00950000062584877 0.010555555112659931 0.9000000953674316 24.000057220458984
479 0.016500001773238182 0.009444444440305233 1.7470589876174927 11.100008964538574
480 0.015000000596046448 0.009444444440305233 1.5882353782653809 11.300009727478027
481 0.014500001445412636 0.009999999776482582 1.4500001668930054 15.100024223327637
482 0.017000000923871994 0.009999999776482582 1.7000001668930054 17.300031661987305
483 0.02250000089406967 0.009999999776482582 2.250000238418579 21.000045776367188
484 0.011500000953674316 0.009444444440305233 1.2176471948623657 16.30002784729004
485 0.017999999225139618 0.009444444440305233 1.9058822393417358 16.200027465820312
486 0.018000001087784767 0.009999999776482582 1.8000001907348633 14.000020027160645
487 0.015500000678002834 0.009999999776482582 1.5500000715255737 20.800045013427734
488 0.009000000543892384 0.009999999776482582 0.9000000953674316 15.100024223327637
489 0.017500001937150955 0.009999999776482582 1.750000238418579 11.900012016296387
490 0.01600000075995922 0.009444444440305233 1.694117784500122 15.100024223327637
491 0.015500001609325409 0.010555555112659931 1.468421220779419 11.300009727478027
492 0.013500000350177288 0.009444444440305233 1.429411768913269 14.800023078918457
493 0.02250000089406967 0.010555555112659931 2.1315791606903076 2.4000024795532227
494 0.011500000953674316 0.009999999776482582 1.1500000953674316 19.50004005432129
495 0.012000000104308128 0.009999999776482582 1.2000000476837158 22.500051498413086
496 0.0 0.0 nan 0.10000251978635788
497 0.025499999523162842 0.010555555112659931 2.4157896041870117 15.800026893615723
498 0.01900000125169754 0.009999999776482582 1.9000002145767212 9.300002098083496
499 0.012000000104308128 0.009999999776482582 1.2000000476837158 13.600018501281738
500 0.012000000104308128 0.009999999776482582 1.2000000476837158 12.900015830993652
501 0.01900000125169754 0.009444444440305233 2.0117647647857666 22.70005226135254
502 0.026500001549720764 0.009444444440305233 2.805882453918457 19.900041580200195
503 0.0195000022649765 0.009444444440305233 2.0647060871124268 14.500021934509277
504 0.013500000350177288 0.009444444440305233 1.429411768913269 30.100080490112305
505 0.009000000543892384 0.009444444440305233 0.9529412388801575 13.900019645690918
506 0.017000000923871994 0.010555555112659931 1.610526442527771 13.000016212463379
507 0.013500001281499863 0.009444444440305233 1.4294118881225586 14.200020790100098
508 0.01850000023841858 0.009999999776482582 1.850000023841858 8.399998664855957
509 0.015000000596046448 0.009999999776482582 1.5000001192092896 13.300017356872559
510 0.017500001937150955 0.009999999776482582 1.750000238418579 17.600032806396484
511 0.01850000023841858 0.009999999776482582 1.850000023841858 16.00002670288086
512 0.014500001445412636 0.010555555112659931 1.3736844062805176 10.200005531311035
513 0.027499999850988388 0.009444444440305233 2.911764621734619 24.900060653686523
514 0.018000001087784767 0.009444444440305233 1.905882477760315 27.00006866455078
515 0.006000000052154064 0.009999999776482582 0.6000000238418579 21.400047302246094
516 0.01850000023841858 0.009999999776482582 1.850000023841858 12.300013542175293
517 0.017500001937150955 0.009444444440305233 1.8529413938522339 23.50005531311035
518 0.00950000062584877 0.010555555112659931 0.9000000953674316 18.200035095214844
519 0.011500000953674316 0.009444444440305233 1.2176471948623657 15.400025367736816
520 0.019999999552965164 0.009444444440305233 2.1176469326019287 11.50001049041748
521 0.014500001445412636 0.009444444440305233 1.5352942943572998 18.500036239624023
522 0.017500001937150955 0.009444444440305233 1.8529413938522339 14.300021171569824
523 0.013000000268220901 0.009444444440305233 1.3764705657958984 14.200020790100098
524 0.009000000543892384 0.009444444440305233 0.9529412388801575 14.500021934509277
525 0.013000000268220901 0.010555555112659931 1.231579065322876 14.800023078918457
526 0.017000000923871994 0.009444444440305233 1.8000000715255737 19.100038528442383
527 0.013500001281499863 0.009444444440305233 1.4294118881225586 8.90000057220459
528 0.015000000596046448 0.009444444440305233 1.5882353782653809 18.100034713745117
529 0.013000000268220901 0.009444444440305233 1.3764705657958984 15.500025749206543
530 0.01250000111758709 0.009999999776482582 1.2500001192092896 16.9000301361084
531 0.02500000223517418 0.010555555112659931 2.3684213161468506 8.699999809265137
532 0.014500000514090061 0.010555555112659931 1.373684287071228 13.100016593933105
533 0.01250000111758709 0.009444444440305233 1.3235294818878174 8.399998664855957
534 0.01600000075995922 0.009999999776482582 1.6000001430511475 18.60003662109375
535 0.013500000350177288 0.009444444440305233 1.429411768913269 19.300039291381836
536 0.010999999940395355 0.009444444440305233 1.1647058725357056 17.800033569335938
537 0.01900000125169754 0.009999999776482582 1.9000002145767212 22.900053024291992
538 0.01250000111758709 0.009444444440305233 1.3235294818878174 15.700026512145996
539 0.013000000268220901 0.010555555112659931 1.231579065322876 14.900023460388184
540 0.013500000350177288 0.009444444440305233 1.429411768913269 25.500062942504883
541 0.020500000566244125 0.009444444440305233 2.170588254928589 16.500028610229492
542 0.01600000075995922 0.009444444440305233 1.694117784500122 17.800033569335938
543 0.021000001579523087 0.009444444440305233 2.223529577255249 7.299997806549072
544 0.015000000596046448 0.009999999776482582 1.5000001192092896 10.400006294250488
545 0.018000001087784767 0.010555555112659931 1.705263376235962 19.600040435791016
546 0.010000000707805157 0.009444444440305233 1.058823585510254 14.800023078918457
547 0.014500000514090061 0.009999999776482582 1.4500000476837158 20.000041961669922
548 0.01850000023841858 0.009999999776482582 1.850000023841858 13.200016975402832
549 0.013000000268220901 0.009444444440305233 1.3764705657958984 13.700018882751465
550 0.01900000125169754 0.010555555112659931 1.8000001907348633 27.700071334838867
551 0.02250000089406967 0.009999999776482582 2.250000238418579 8.29999828338623
552 0.013500000350177288 0.009999999776482582 1.350000023841858 7.899997234344482
553 0.02500000223517418 0.009999999776482582 2.500000238418579 14.100020408630371
554 0.018000001087784767 0.009444444440305233 1.905882477760315 17.900033950805664
555 0.0215000007301569 0.010555555112659931 2.0368423461914062 16.700029373168945
556 0.018000001087784767 0.009444444440305233 1.905882477760315 14.800023078918457
557 0.008500000461935997 0.009444444440305233 0.9000000357627869 18.100034713745117
558 0.024500001221895218 0.009444444440305233 2.5941178798675537 10.000004768371582
559 0.013000000268220901 0.009444444440305233 1.3764705657958984 14.500021934509277
560 0.017500001937150955 0.009444444440305233 1.8529413938522339 20.60004425048828
561 0.017500001937150955 0.009999999776482582 1.750000238418579 14.500021934509277
562 0.017500001937150955 0.010555555112659931 1.6578949689865112 16.30002784729004
563 0.017500001937150955 0.010555555112659931 1.6578949689865112 12.900015830993652
564 0.013500001281499863 0.009999999776482582 1.3500001430511475 14.70002269744873
565 0.014500000514090061 0.009999999776482582 1.4500000476837158 16.500028610229492
566 0.024500001221895218 0.009999999776482582 2.450000286102295 7.899997234344482
567 0.009999999776482582 0.009444444440305233 1.0588234663009644 14.40002155303955
568 0.01250000111758709 0.009444444440305233 1.3235294818878174 12.900015830993652
569 0.015000000596046448 0.009444444440305233 1.5882353782653809 16.00002670288086
570 0.01600000075995922 0.010555555112659931 1.5157896280288696 15.60002613067627
571 0.010999999940395355 0.009999999776482582 1.100000023841858 18.200035095214844
572 0.014500001445412636 0.009999999776482582 1.4500001668930054 1.100002646446228
573 0.017000000923871994 0.009999999776482582 1.7000001668930054 15.60002613067627
574 0.013000000268220901 0.009444444440305233 1.3764705657958984 18.800037384033203
575 0.018000001087784767 0.009999999776482582 1.8000001907348633 16.60002899169922
576 0.01900000125169754 0.010555555112659931 1.8000001907348633 15.200024604797363
577 0.01600000075995922 0.009444444440305233 1.694117784500122 17.500032424926758
578 0.011500000953674316 0.009444444440305233 1.2176471948623657 17.000030517578125
579 0.011500000953674316 0.009444444440305233 1.2176471948623657 6.19999885559082
580 0.0215000007301569 0.009999999776482582 2.1500000953674316 16.400028228759766
581 0.023500001057982445 0.010555555112659931 2.226315975189209 19.300039291381836
582 0.010999999940395355 0.009999999776482582 1.100000023841858 14.100020408630371
583 1.0 0.6688888669013977 1.4950166940689087 -94.89912414550781
584 0.018000001087784767 0.009999999776482582 1.8000001907348633 4.500000476837158
585 0.013500000350177288 0.009999999776482582 1.350000023841858 14.40002155303955
586 0.020500000566244125 0.009444444440305233 2.170588254928589 19.600040435791016
587 0.01100000087171793 0.009444444440305233 1.1647059917449951 14.300021171569824
588 0.01600000075995922 0.009999999776482582 1.6000001430511475 19.300039291381836
589 0.016499999910593033 0.010555555112659931 1.5631579160690308 18.30003547668457
590 0.010999999940395355 0.009444444440305233 1.1647058725357056 14.600022315979004
591 0.010999999940395355 0.010555555112659931 1.0421053171157837 18.400035858154297
592 0.015000000596046448 0.009999999776482582 1.5000001192092896 10.600007057189941
593 0.014500000514090061 0.009444444440305233 1.5352941751480103 20.200042724609375
594 0.01600000075995922 0.009444444440305233 1.694117784500122 9.600003242492676
595 0.011500000953674316 0.010555555112659931 1.089473843574524 18.400035858154297
596 0.017000000923871994 0.009444444440305233 1.8000000715255737 16.200027465820312
597 0.017000000923871994 0.009444444440305233 1.8000000715255737 16.500028610229492
598 0.012500000186264515 0.009444444440305233 1.3235294818878174 17.900033950805664
599 0.0195000022649765 0.009999999776482582 1.950000286102295 14.70002269744873
600 0.01600000075995922 0.010555555112659931 1.5157896280288696 17.500032424926758
601 0.01850000023841858 0.009444444440305233 1.958823561668396 19.900041580200195
602 0.018000001087784767 0.010555555112659931 1.705263376235962 14.100020408630371
603 0.007500000298023224 0.009444444440305233 0.7941176891326904 23.900056838989258
604 0.017000000923871994 0.009999999776482582 1.7000001668930054 11.80001163482666
605 0.012000000104308128 0.010555555112659931 1.136842131614685 18.700037002563477
606 0.011500000953674316 0.009999999776482582 1.1500000953674316 8.699999809265137
607 0.014000000432133675 0.009999999776482582 1.4000000953674316 15.60002613067627
608 0.013000000268220901 0.009444444440305233 1.3764705657958984 19.700040817260742
609 0.013500001281499863 0.010555555112659931 1.2789475917816162 17.10003089904785
610 0.011500000953674316 0.010555555112659931 1.089473843574524 20.3000431060791
611 0.012000000104308128 0.009444444440305233 1.2705882787704468 10.000004768371582
612 0.015500000678002834 0.010555555112659931 1.468421220779419 14.200020790100098
613 0.014500000514090061 0.009444444440305233 1.5352941751480103 23.900056838989258
614 0.024000000208616257 0.009444444440305233 2.5411765575408936 5.299999713897705
615 0.020500000566244125 0.010555555112659931 1.9421054124832153 15.500025749206543
616 0.01250000111758709 0.010555555112659931 1.1842106580734253 15.800025939941406
617 0.017500001937150955 0.009999999776482582 1.750000238418579 16.700029373168945
618 0.017000000923871994 0.009444444440305233 1.8000000715255737 15.90002727508545
619 0.015000000596046448 0.010555555112659931 1.4210526943206787 13.500018119812012
620 0.017000000923871994 0.009444444440305233 1.8000000715255737 2.200002670288086
621 0.013000000268220901 0.009999999776482582 1.3000000715255737 14.70002269744873
622 0.011500000953674316 0.009999999776482582 1.1500000953674316 17.40003204345703
623 0.017000000923871994 0.009444444440305233 1.8000000715255737 16.700029373168945
624 0.017500001937150955 0.010555555112659931 1.6578949689865112 22.000049591064453
625 0.0215000007301569 0.009999999776482582 2.1500000953674316 13.600018501281738
626 0.01250000111758709 0.009999999776482582 1.2500001192092896 11.600010871887207
627 0.011500000953674316 0.009999999776482582 1.1500000953674316 22.40005111694336
628 0.006500000134110451 0.009999999776482582 0.6500000357627869 12.200013160705566
629 0.023000001907348633 0.009999999776482582 2.3000001907348633 10.100005149841309
630 0.016499999910593033 0.009999999776482582 1.649999976158142 16.00002670288086
631 0.016499999910593033 0.010555555112659931 1.5631579160690308 14.600022315979004
632 0.018000001087784767 0.010555555112659931 1.705263376235962 23.700056076049805
633 0.020000001415610313 0.009999999776482582 2.000000238418579 24.900060653686523
634 0.01600000075995922 0.009999999776482582 1.6000001430511475 23.3000545501709
635 0.010999999940395355 0.010555555112659931 1.0421053171157837 19.900041580200195
636 0.01900000125169754 0.009444444440305233 2.0117647647857666 12.900015830993652
637 0.024500001221895218 0.009999999776482582 2.450000286102295 21.800048828125
638 0.010500000789761543 0.009999999776482582 1.0500000715255737 13.200016975402832
639 0.01600000075995922 0.009999999776482582 1.6000001430511475 20.000041961669922
640 0.017000000923871994 0.010555555112659931 1.610526442527771 15.900026321411133
641 0.013500000350177288 0.009999999776482582 1.350000023841858 14.300021171569824
642 0.014000000432133675 0.009999999776482582 1.4000000953674316 16.100027084350586
643 0.011500000953674316 0.009999999776482582 1.1500000953674316 18.500036239624023
644 0.016499999910593033 0.010555555112659931 1.5631579160690308 25.500062942504883
645 0.015000000596046448 0.009999999776482582 1.5000001192092896 16.700029373168945
646 0.01600000075995922 0.010555555112659931 1.5157896280288696 14.70002269744873
647 0.06700000166893005 0.031111111864447594 2.153571367263794 0.10000251978635788
648 0.01250000111758709 0.010555555112659931 1.1842106580734253 15.800026893615723
649 0.015500000678002834 0.010555555112659931 1.468421220779419 17.600032806396484
650 0.016499999910593033 0.009444444440305233 1.7470588684082031 14.800023078918457
651 0.015500000678002834 0.009444444440305233 1.6411765813827515 14.800023078918457
652 0.024000000208616257 0.009444444440305233 2.5411765575408936 17.500032424926758
653 0.01600000075995922 0.010555555112659931 1.5157896280288696 17.40003204345703
654 0.0215000007301569 0.009999999776482582 2.1500000953674316 25.90006446838379
655 0.018000001087784767 0.009444444440305233 1.905882477760315 13.700018882751465
656 0.014500000514090061 0.010555555112659931 1.373684287071228 13.400017738342285
657 0.010999999940395355 0.009999999776482582 1.100000023841858 20.000041961669922
658 0.01850000023841858 0.009999999776482582 1.850000023841858 17.900033950805664
659 0.01600000075995922 0.010555555112659931 1.5157896280288696 15.400025367736816
660 0.9990000128746033 0.6338889002799988 1.5759860277175903 -94.89912414550781
661 0.017000000923871994 0.009444444440305233 1.8000000715255737 15.00002384185791
662 0.01850000023841858 0.009999999776482582 1.850000023841858 12.300013542175293
663 0.010500000789761543 0.010555555112659931 0.9947369694709778 16.500028610229492
664 0.020000001415610313 0.009444444440305233 2.117647171020508 16.9000301361084
665 0.016499999910593033 0.010555555112659931 1.5631579160690308 19.000038146972656
666 0.011500000953674316 0.009999999776482582 1.1500000953674316 25.200061798095703
667 0.012000000104308128 0.009444444440305233 1.2705882787704468 10.900008201599121
668 0.023000001907348633 0.009444444440305233 2.4352943897247314 10.500006675720215
669 0.012000000104308128 0.009444444440305233 1.2705882787704468 17.200031280517578
670 0.017000000923871994 0.009444444440305233 1.8000000715255737 16.60002899169922
671 0.016499999910593033 0.009444444440305233 1.7470588684082031 17.200031280517578
672 0.016499999910593033 0.010555555112659931 1.5631579160690308 17.800033569335938
673 0.021000001579523087 0.010555555112659931 1.9894739389419556 16.60002899169922
674 0.015000000596046448 0.009999999776482582 1.5000001192092896 15.00002384185791
675 0.009000000543892384 0.009444444440305233 0.9529412388801575 7.499997615814209
676 0.011500000953674316 0.009444444440305233 1.2176471948623657 16.100027084350586
677 0.014500001445412636 0.009444444440305233 1.5352942943572998 19.300039291381836
678 0.017999999225139618 0.009444444440305233 1.9058822393417358 18.100034713745117
679 0.016499999910593033 0.009444444440305233 1.7470588684082031 17.000030517578125
680 0.01600000075995922 0.009444444440305233 1.694117784500122 14.40002155303955
681 0.020500000566244125 0.009999999776482582 2.0500001907348633 22.300050735473633
682 0.020500000566244125 0.010555555112659931 1.9421054124832153 18.00003433227539
683 0.01600000075995922 0.009444444440305233 1.694117784500122 16.00002670288086
684 0.012000000104308128 0.009999999776482582 1.2000000476837158 10.800007820129395
685 0.02250000089406967 0.009444444440305233 2.3823530673980713 1.8000028133392334
686 0.007500000298023224 0.009444444440305233 0.7941176891326904 13.300017356872559
687 0.017000000923871994 0.009999999776482582 1.7000001668930054 17.800033569335938
688 0.014000000432133675 0.009444444440305233 1.4823529720306396 15.90002727508545
689 0.020500000566244125 0.010555555112659931 1.9421054124832153 13.200016975402832
690 0.026000000536441803 0.009999999776482582 2.6000001430511475 7.699997425079346
691 0.015000000596046448 0.009999999776482582 1.5000001192092896 23.200054168701172
692 0.016499999910593033 0.009444444440305233 1.7470588684082031 11.2000093460083
693 0.016499999910593033 0.009999999776482582 1.649999976158142 16.9000301361084
694 0.017000000923871994 0.010555555112659931 1.610526442527771 19.300039291381836
695 0.014500000514090061 0.009999999776482582 1.4500000476837158 13.400017738342285
696 0.01250000111758709 0.009444444440305233 1.3235294818878174 15.100024223327637
697 0.009999999776482582 0.010555555112659931 0.9473684430122375 12.800015449523926
698 0.010000000707805157 0.009999999776482582 1.0000001192092896 16.60002899169922
699 0.0195000022649765 0.009444444440305233 2.0647060871124268 11.000008583068848
700 0.012000000104308128 0.009999999776482582 1.2000000476837158 11.50001049041748
701 0.015000000596046448 0.009999999776482582 1.5000001192092896 13.900019645690918
702 0.010500000789761543 0.009444444440305233 1.1117647886276245 19.400039672851562
703 0.015500000678002834 0.009444444440305233 1.6411765813827515 16.500028610229492
704 0.015000000596046448 0.009999999776482582 1.5000001192092896 15.90002727508545
705 0.00800000037997961 0.010555555112659931 0.7578948140144348 18.100034713745117
706 0.010999999940395355 0.009444444440305233 1.1647058725357056 17.300031661987305
707 0.013000000268220901 0.009444444440305233 1.3764705657958984 17.800033569335938
708 0.02250000089406967 0.010555555112659931 2.1315791606903076 6.399998664855957
709 0.015000000596046448 0.009999999776482582 1.5000001192092896 13.600018501281738
710 0.024500001221895218 0.009444444440305233 2.5941178798675537 21.300046920776367
711 0.013500000350177288 0.010555555112659931 1.2789474725723267 17.70003318786621
712 0.010500000789761543 0.009999999776482582 1.0500000715255737 18.200035095214844
713 0.016499999910593033 0.010555555112659931 1.5631579160690308 13.800019264221191
714 0.016499999910593033 0.010555555112659931 1.5631579160690308 15.30002498626709
715 0.012000000104308128 0.009999999776482582 1.2000000476837158 16.100027084350586
716 0.024500001221895218 0.009444444440305233 2.5941178798675537 21.300046920776367
717 0.020500000566244125 0.009444444440305233 2.170588254928589 4.40000057220459
718 0.01850000023841858 0.009444444440305233 1.958823561668396 10.200005531311035
719 0.015500000678002834 0.010555555112659931 1.468421220779419 16.700029373168945
720 0.014500000514090061 0.010555555112659931 1.373684287071228 17.40003204345703
721 1.0 0.9138888716697693 1.0942249298095703 -94.89912414550781
722 0.020000001415610313 0.009999999776482582 2.000000238418579 16.700029373168945
723 0.01250000111758709 0.009444444440305233 1.3235294818878174 18.400035858154297
724 0.015500000678002834 0.009999999776482582 1.5500000715255737 13.500018119812012
725 0.012000000104308128 0.009444444440305233 1.2705882787704468 17.200031280517578
726 0.014000000432133675 0.009444444440305233 1.4823529720306396 15.700026512145996
727 0.023000001907348633 0.009444444440305233 2.4352943897247314 1.8000028133392334
728 0.013500000350177288 0.009444444440305233 1.429411768913269 13.500018119812012
729 0.01900000125169754 0.010555555112659931 1.8000001907348633 11.2000093460083
730 0.015000000596046448 0.010555555112659931 1.4210526943206787 16.60002899169922
731 0.010999999940395355 0.009444444440305233 1.1647058725357056 13.300017356872559
732 0.013500000350177288 0.009444444440305233 1.429411768913269 24.800060272216797
733 0.010000000707805157 0.010555555112659931 0.9473685026168823 21.000045776367188
734 0.015000000596046448 0.009444444440305233 1.5882353782653809 15.800026893615723
735 0.01850000023841858 0.009444444440305233 1.958823561668396 15.700026512145996
736 0.013000000268220901 0.009999999776482582 1.3000000715255737 15.800026893615723
737 0.01900000125169754 0.009999999776482582 1.9000002145767212 15.30002498626709
738 0.017000000923871994 0.009444444440305233 1.8000000715255737 21.50004768371582
739 0.021000001579523087 0.010555555112659931 1.9894739389419556 11.600010871887207
740 0.016499999910593033 0.009999999776482582 1.649999976158142 18.00003433227539
741 1.0 0.9350000023841858 1.0695186853408813 -94.89912414550781
742 0.020500000566244125 0.009444444440305233 2.170588254928589 17.500032424926758
743 0.013500000350177288 0.009999999776482582 1.350000023841858 22.000049591064453
744 0.013000000268220901 0.009999999776482582 1.3000000715255737 18.400035858154297
745 0.01900000125169754 0.010555555112659931 1.8000001907348633 26.000064849853516
746 0.012500000186264515 0.009444444440305233 1.3235294818878174 15.30002498626709
747 0.03200000151991844 0.009444444440305233 3.388235569000244 14.600022315979004
748 0.017500001937150955 0.010555555112659931 1.6578949689865112 17.200031280517578
749 0.007500000298023224 0.009444444440305233 0.7941176891326904 11.50001049041748
750 0.012000000104308128 0.009999999776482582 1.2000000476837158 13.500018119812012
751 0.012000000104308128 0.009999999776482582 1.2000000476837158 16.500028610229492
752 0.014000000432133675 0.009444444440305233 1.4823529720306396 17.200031280517578
753 0.017000000923871994 0.009999999776482582 1.7000001668930054 17.40003204345703
754 0.020500000566244125 0.010555555112659931 1.9421054124832153 16.100027084350586
755 0.010999999940395355 0.009444444440305233 1.1647058725357056 15.800026893615723
756 0.006000000052154064 0.009999999776482582 0.6000000238418579 15.00002384185791
757 0.012000000104308128 0.009999999776482582 1.2000000476837158 17.800033569335938
758 0.02199999988079071 0.009999999776482582 2.200000047683716 13.900019645690918
759 0.009000000543892384 0.009444444440305233 0.9529412388801575 14.500021934509277
760 0.015500000678002834 0.009444444440305233 1.6411765813827515 13.200016975402832
761 0.016499999910593033 0.009444444440305233 1.7470588684082031 4.500000476837158
762 0.01600000075995922 0.009999999776482582 1.6000001430511475 18.100034713745117
763 0.01100000087171793 0.009444444440305233 1.1647059917449951 13.500018119812012
764 0.014000000432133675 0.009444444440305233 1.4823529720306396 15.700026512145996
765 0.014000000432133675 0.009999999776482582 1.4000000953674316 21.800048828125
766 0.014500000514090061 0.009999999776482582 1.4500000476837158 16.30002784729004
767 0.014000000432133675 0.009999999776482582 1.4000000953674316 13.100016593933105
768 0.014000000432133675 0.009444444440305233 1.4823529720306396 13.800019264221191
769 0.017500001937150955 0.009444444440305233 1.8529413938522339 16.30002784729004
770 0.012000000104308128 0.009444444440305233 1.2705882787704468 16.30002784729004
771 0.018000001087784767 0.009444444440305233 1.905882477760315 17.200031280517578
772 0.017000000923871994 0.009999999776482582 1.7000001668930054 11.600010871887207
773 0.01900000125169754 0.009444444440305233 2.0117647647857666 14.800023078918457
774 0.01250000111758709 0.009444444440305233 1.3235294818878174 15.200024604797363
775 0.010000000707805157 0.009444444440305233 1.058823585510254 7.399997711181641
776 0.017000000923871994 0.009999999776482582 1.7000001668930054 22.800052642822266
777 0.01600000075995922 0.009999999776482582 1.6000001430511475 19.700040817260742
778 0.012000000104308128 0.009999999776482582 1.2000000476837158 15.200024604797363
779 0.01100000087171793 0.009444444440305233 1.1647059917449951 17.10003089904785
780 0.017500001937150955 0.010555555112659931 1.6578949689865112 17.600032806396484
781 0.009000000543892384 0.009999999776482582 0.9000000953674316 11.900012016296387
782 0.010999999940395355 0.009444444440305233 1.1647058725357056 12.800015449523926
783 0.014500000514090061 0.009444444440305233 1.5352941751480103 17.10003089904785
784 0.01850000023841858 0.010555555112659931 1.752631664276123 16.00002670288086
785 0.017500001937150955 0.010555555112659931 1.6578949689865112 18.700037002563477
786 0.012000000104308128 0.009444444440305233 1.2705882787704468 15.30002498626709
787 0.015000000596046448 0.009444444440305233 1.5882353782653809 11.600010871887207
788 0.018000001087784767 0.009999999776482582 1.8000001907348633 19.900041580200195
789 0.014500001445412636 0.010555555112659931 1.3736844062805176 16.100027084350586
790 0.010500000789761543 0.010555555112659931 0.9947369694709778 9.900004386901855
791 0.016499999910593033 0.010555555112659931 1.5631579160690308 14.800023078918457
792 0.013500001281499863 0.009444444440305233 1.4294118881225586 7.0999979972839355
793 0.014000000432133675 0.009999999776482582 1.4000000953674316 20.10004234313965
794 0.017500001937150955 0.009999999776482582 1.750000238418579 21.100046157836914
795 0.015500000678002834 0.009444444440305233 1.6411765813827515 19.700040817260742
796 0.012000000104308128 0.009444444440305233 1.2705882787704468 11.400010108947754
797 0.015500000678002834 0.009999999776482582 1.5500000715255737 29.800079345703125
798 0.012500000186264515 0.009444444440305233 1.3235294818878174 11.400010108947754
799 0.016499999910593033 0.009444444440305233 1.7470588684082031 15.200024604797363
800 0.015000000596046448 0.009999999776482582 1.5000001192092896 35.900028228759766
801 0.017000000923871994 0.009444444440305233 1.8000000715255737 12.800015449523926
802 0.012000000104308128 0.009444444440305233 1.2705882787704468 19.50004005432129
803 0.015500000678002834 0.009444444440305233 1.6411765813827515 18.800037384033203
804 0.018000001087784767 0.009444444440305233 1.905882477760315 18.700037002563477
805 0.01600000075995922 0.009999999776482582 1.6000001430511475 14.800023078918457
806 0.007000000216066837 0.010555555112659931 0.6631579399108887 23.50005531311035
807 0.014500001445412636 0.009444444440305233 1.5352942943572998 20.800045013427734
808 0.00800000037997961 0.009444444440305233 0.847058892250061 17.800033569335938
809 0.020000001415610313 0.010555555112659931 1.8947370052337646 11.700011253356934
810 0.015500001609325409 0.009999999776482582 1.5500001907348633 13.900019645690918
811 0.013000000268220901 0.010555555112659931 1.231579065322876 7.799997329711914
812 0.013000000268220901 0.009444444440305233 1.3764705657958984 17.70003318786621
813 0.01600000075995922 0.009444444440305233 1.694117784500122 18.500036239624023
814 0.017000000923871994 0.009999999776482582 1.7000001668930054 12.000012397766113
815 0.015500000678002834 0.009444444440305233 1.6411765813827515 20.800045013427734
816 0.013000000268220901 0.009999999776482582 1.3000000715255737 15.00002384185791
817 0.016499999910593033 0.010555555112659931 1.5631579160690308 22.70005226135254
818 0.02250000089406967 0.009999999776482582 2.250000238418579 19.600040435791016
819 0.0195000022649765 0.009999999776482582 1.950000286102295 14.800023078918457
820 0.018000001087784767 0.010555555112659931 1.705263376235962 19.80004119873047
821 0.014000000432133675 0.009444444440305233 1.4823529720306396 19.600040435791016
822 0.014500001445412636 0.009444444440305233 1.5352942943572998 14.800023078918457
823 0.01600000075995922 0.009999999776482582 1.6000001430511475 21.600048065185547
824 0.019999999552965164 0.010555555112659931 1.894736886024475 13.800019264221191
825 0.016499999910593033 0.009999999776482582 1.649999976158142 15.700026512145996
826 0.01250000111758709 0.009999999776482582 1.2500001192092896 17.70003318786621
827 0.010999999940395355 0.009444444440305233 1.1647058725357056 16.800029754638672
828 0.007500000298023224 0.009444444440305233 0.7941176891326904 12.000012397766113
829 0.01600000075995922 0.009999999776482582 1.6000001430511475 16.00002670288086
830 0.021000001579523087 0.009444444440305233 2.223529577255249 11.100008964538574
831 0.015500001609325409 0.009444444440305233 1.641176700592041 15.00002384185791
832 0.018000001087784767 0.009444444440305233 1.905882477760315 15.100024223327637
833 0.015000000596046448 0.009444444440305233 1.5882353782653809 14.300021171569824
834 0.01250000111758709 0.010555555112659931 1.1842106580734253 13.200016975402832
835 0.015500000678002834 0.009444444440305233 1.6411765813827515 15.30002498626709
836 0.017500001937150955 0.009444444440305233 1.8529413938522339 14.800023078918457
837 0.014000000432133675 0.009444444440305233 1.4823529720306396 15.60002613067627
838 0.01600000075995922 0.009444444440305233 1.694117784500122 18.100034713745117
839 0.012000000104308128 0.009999999776482582 1.2000000476837158 16.60002899169922
840 0.018000001087784767 0.009999999776482582 1.8000001907348633 7.499997615814209
841 0.012000000104308128 0.009444444440305233 1.2705882787704468 14.100020408630371
842 0.018000001087784767 0.009999999776482582 1.8000001907348633 13.500018119812012
843 0.020000001415610313 0.009444444440305233 2.117647171020508 13.700018882751465
844 0.013000000268220901 0.010555555112659931 1.231579065322876 18.90003776550293
845 0.016500001773238182 0.010555555112659931 1.5631581544876099 7.0999979972839355
846 0.016499999910593033 0.009999999776482582 1.649999976158142 20.10004234313965
847 0.014000000432133675 0.010555555112659931 1.3263158798217773 5.099999904632568
848 0.010500000789761543 0.009999999776482582 1.0500000715255737 14.70002269744873
849 0.017999999225139618 0.010555555112659931 1.7052631378173828 15.900026321411133
850 0.013000000268220901 0.010555555112659931 1.231579065322876 19.100038528442383
851 0.011500000953674316 0.009444444440305233 1.2176471948623657 15.500025749206543
852 0.01250000111758709 0.010555555112659931 1.1842106580734253 17.70003318786621
853 0.013000000268220901 0.010555555112659931 1.231579065322876 14.300021171569824
854 0.017500001937150955 0.010555555112659931 1.6578949689865112 17.500032424926758
855 0.015500000678002834 0.009444444440305233 1.6411765813827515 17.70003318786621
856 0.017500001937150955 0.009999999776482582 1.750000238418579 18.500036239624023
857 0.019999999552965164 0.010555555112659931 1.894736886024475 17.600032806396484
858 0.017500001937150955 0.009444444440305233 1.8529413938522339 16.500028610229492
859 0.017500001937150955 0.009444444440305233 1.8529413938522339 21.800048828125
860 0.014000000432133675 0.010555555112659931 1.3263158798217773 12.000012397766113
861 0.015000000596046448 0.009444444440305233 1.5882353782653809 23.600055694580078
862 0.00800000037997961 0.009444444440305233 0.847058892250061 18.30003547668457
863 0.014000000432133675 0.009999999776482582 1.4000000953674316 12.800015449523926
864 0.017000000923871994 0.009999999776482582 1.7000001668930054 17.900033950805664
865 0.01250000111758709 0.010555555112659931 1.1842106580734253 23.600055694580078
866 0.013500001281499863 0.009444444440305233 1.4294118881225586 14.800023078918457
867 0.02250000089406967 0.009444444440305233 2.3823530673980713 8.099997520446777
868 0.014500000514090061 0.010555555112659931 1.373684287071228 20.700044631958008
869 0.012000000104308128 0.009444444440305233 1.2705882787704468 21.100046157836914
870 0.015000000596046448 0.009999999776482582 1.5000001192092896 15.200024604797363
871 0.016499999910593033 0.009999999776482582 1.649999976158142 11.900012016296387
872 0.01600000075995922 0.010555555112659931 1.5157896280288696 21.900049209594727
873 0.008500000461935997 0.009999999776482582 0.8500000834465027 15.60002613067627
874 0.017500001937150955 0.009444444440305233 1.8529413938522339 24.70005989074707
875 0.018000001087784767 0.010555555112659931 1.705263376235962 11.700011253356934
876 0.00800000037997961 0.010555555112659931 0.7578948140144348 18.200035095214844
877 0.010999999940395355 0.009444444440305233 1.1647058725357056 21.50004768371582
878 0.017000000923871994 0.009444444440305233 1.8000000715255737 9.800004005432129
879 0.015000000596046448 0.009444444440305233 1.5882353782653809 17.000030517578125
880 0.01900000125169754 0.009999999776482582 1.9000002145767212 18.400035858154297
881 0.014500000514090061 0.009999999776482582 1.4500000476837158 19.400039672851562
882 0.01850000023841858 0.009999999776482582 1.850000023841858 7.199997901916504
883 0.016499999910593033 0.010555555112659931 1.5631579160690308 2.6000022888183594
884 0.01600000075995922 0.009444444440305233 1.694117784500122 2.7000021934509277
885 0.01600000075995922 0.009444444440305233 1.694117784500122 17.200031280517578
886 0.021500002592802048 0.009444444440305233 2.276470899581909 16.500028610229492
887 0.014000000432133675 0.009444444440305233 1.4823529720306396 19.400039672851562
888 0.02200000174343586 0.009999999776482582 2.200000286102295 16.400028228759766
889 0.017000000923871994 0.010555555112659931 1.610526442527771 23.600055694580078
890 0.013500001281499863 0.009444444440305233 1.4294118881225586 16.200027465820312
891 0.015000000596046448 0.009444444440305233 1.5882353782653809 7.999997615814209
892 0.019999999552965164 0.010555555112659931 1.894736886024475 22.70005226135254
893 0.021000001579523087 0.009444444440305233 2.223529577255249 19.700040817260742
894 0.00950000062584877 0.009999999776482582 0.9500001072883606 14.100020408630371
895 0.016499999910593033 0.009444444440305233 1.7470588684082031 10.700007438659668
896 0.009999999776482582 0.009444444440305233 1.0588234663009644 11.300009727478027
897 0.012500000186264515 0.009444444440305233 1.3235294818878174 13.400017738342285
898 0.01850000023841858 0.009999999776482582 1.850000023841858 17.300031661987305
899 0.013000000268220901 0.009999999776482582 1.3000000715255737 12.600014686584473
900 0.024000000208616257 0.010555555112659931 2.27368426322937 22.70005226135254
901 0.0215000007301569 0.010555555112659931 2.0368423461914062 4.800000190734863
902 0.014500000514090061 0.009444444440305233 1.5352941751480103 13.200016975402832
903 0.016499999910593033 0.009444444440305233 1.7470588684082031 13.000016212463379
904 0.010999999940395355 0.009999999776482582 1.100000023841858 16.800029754638672
905 0.018000001087784767 0.009999999776482582 1.8000001907348633 17.000030517578125
906 0.010999999940395355 0.009444444440305233 1.1647058725357056 24.600059509277344
907 0.010999999940395355 0.010555555112659931 1.0421053171157837 16.60002899169922
908 0.013000000268220901 0.010555555112659931 1.231579065322876 13.700018882751465
909 0.017500001937150955 0.010555555112659931 1.6578949689865112 16.800029754638672
910 0.014000000432133675 0.010555555112659931 1.3263158798217773 13.900019645690918
911 0.01600000075995922 0.009999999776482582 1.6000001430511475 18.400035858154297
912 0.011500000953674316 0.009444444440305233 1.2176471948623657 18.90003776550293
913 0.011500000953674316 0.009999999776482582 1.1500000953674316 17.300031661987305
914 0.01250000111758709 0.009444444440305233 1.3235294818878174 17.000030517578125
915 0.017500001937150955 0.009444444440305233 1.8529413938522339 20.500043869018555
916 0.01600000075995922 0.009999999776482582 1.6000001430511475 16.30002784729004
917 0.017000000923871994 0.009999999776482582 1.7000001668930054 14.200020790100098
918 0.013500000350177288 0.010555555112659931 1.2789474725723267 18.400035858154297
919 0.013000000268220901 0.009444444440305233 1.3764705657958984 14.000020027160645
920 0.017000000923871994 0.009444444440305233 1.8000000715255737 21.300046920776367
921 0.008500000461935997 0.009444444440305233 0.9000000357627869 14.000020027160645
922 0.018000001087784767 0.009444444440305233 1.905882477760315 33.60006332397461
923 0.013000000268220901 0.009999999776482582 1.3000000715255737 13.000016212463379
924 0.021000001579523087 0.009444444440305233 2.223529577255249 21.20004653930664
925 0.9975000619888306 0.5327777862548828 1.8722628355026245 -94.89912414550781
926 0.010500000789761543 0.009999999776482582 1.0500000715255737 17.70003318786621
927 0.020000001415610313 0.009999999776482582 2.000000238418579 12.800015449523926
928 0.016499999910593033 0.009999999776482582 1.649999976158142 18.00003433227539
929 0.00950000062584877 0.009444444440305233 1.0058823823928833 13.800019264221191
930 0.010999999940395355 0.010555555112659931 1.0421053171157837 14.40002155303955
931 0.017500001937150955 0.009444444440305233 1.8529413938522339 12.500014305114746
932 0.014500000514090061 0.010555555112659931 1.373684287071228 12.500014305114746
933 0.012000000104308128 0.009999999776482582 1.2000000476837158 12.800015449523926
934 0.01600000075995922 0.009444444440305233 1.694117784500122 16.700029373168945
935 0.013500000350177288 0.009444444440305233 1.429411768913269 17.300031661987305
936 0.01600000075995922 0.010555555112659931 1.5157896280288696 11.2000093460083
937 0.013000000268220901 0.009999999776482582 1.3000000715255737 8.499999046325684
938 0.01850000023841858 0.009999999776482582 1.850000023841858 22.70005226135254
939 0.0195000022649765 0.009999999776482582 1.950000286102295 0.6000025272369385
940 0.02550000138580799 0.010555555112659931 2.4157896041870117 13.700018882751465
941 0.014500000514090061 0.009444444440305233 1.5352941751480103 7.699997425079346
942 0.013500001281499863 0.009444444440305233 1.4294118881225586 19.700040817260742
943 0.016499999910593033 0.009444444440305233 1.7470588684082031 22.800052642822266
944 0.012000000104308128 0.009999999776482582 1.2000000476837158 15.60002613067627
945 0.021000001579523087 0.010555555112659931 1.9894739389419556 8.199997901916504
946 0.011500000953674316 0.009999999776482582 1.1500000953674316 24.10005760192871
947 0.015000000596046448 0.009444444440305233 1.5882353782653809 14.300021171569824
948 0.9985000491142273 0.5383333563804626 1.8547987937927246 -94.89912414550781
949 0.013000000268220901 0.009999999776482582 1.3000000715255737 15.700026512145996
950 0.024500001221895218 0.010555555112659931 2.3210527896881104 15.700026512145996
951 0.014000000432133675 0.010555555112659931 1.3263158798217773 14.000020027160645
952 0.023000001907348633 0.009444444440305233 2.4352943897247314 3.8000011444091797
953 0.017000000923871994 0.009999999776482582 1.7000001668930054 14.600022315979004
954 0.01600000075995922 0.009444444440305233 1.694117784500122 13.700018882751465
955 0.018000001087784767 0.009444444440305233 1.905882477760315 15.400025367736816
956 0.015000000596046448 0.009444444440305233 1.5882353782653809 15.90002727508545
957 0.024000000208616257 0.009999999776482582 2.4000000953674316 3.5000014305114746
958 0.023000001907348633 0.009444444440305233 2.4352943897247314 11.900012016296387
959 0.020000001415610313 0.009999999776482582 2.000000238418579 7.699997425079346
960 0.023000001907348633 0.009444444440305233 2.4352943897247314 10.300005912780762
961 0.018000001087784767 0.009444444440305233 1.905882477760315 9.100001335144043
962 0.02250000089406967 0.010555555112659931 2.1315791606903076 22.600051879882812
963 0.024000000208616257 0.009999999776482582 2.4000000953674316 8.499999046325684
964 0.017500001937150955 0.009444444440305233 1.8529413938522339 12.800015449523926
965 0.012500000186264515 0.009444444440305233 1.3235294818878174 12.900015830993652
966 0.02199999988079071 0.009999999776482582 2.200000047683716 5.999999046325684
967 0.018000001087784767 0.009444444440305233 1.905882477760315 13.600018501281738
968 0.017500001937150955 0.009444444440305233 1.8529413938522339 16.400028228759766
969 0.011500000953674316 0.009444444440305233 1.2176471948623657 16.400028228759766
970 0.013500000350177288 0.009999999776482582 1.350000023841858 9.800004005432129
971 0.017000000923871994 0.009444444440305233 1.8000000715255737 17.200031280517578
972 0.014500001445412636 0.009444444440305233 1.5352942943572998 17.600032806396484
973 0.015000000596046448 0.009444444440305233 1.5882353782653809 23.80005645751953
974 0.010999999940395355 0.009444444440305233 1.1647058725357056 21.50004768371582
975 0.010500000789761543 0.010555555112659931 0.9947369694709778 26.000064849853516
976 0.017000000923871994 0.009444444440305233 1.8000000715255737 19.50004005432129
977 0.014500000514090061 0.009444444440305233 1.5352941751480103 9.100001335144043
978 0.017500001937150955 0.009444444440305233 1.8529413938522339 14.900023460388184
979 0.01600000075995922 0.009444444440305233 1.694117784500122 15.90002727508545
980 0.012000000104308128 0.009444444440305233 1.2705882787704468 14.800023078918457
981 0.017500001937150955 0.009444444440305233 1.8529413938522339 26.50006675720215
982 0.009000000543892384 0.009444444440305233 0.9529412388801575 18.500036239624023
983 0.0215000007301569 0.009444444440305233 2.27647066116333 11.700011253356934
984 0.01250000111758709 0.009999999776482582 1.2500001192092896 18.400035858154297
985 0.014000000432133675 0.009444444440305233 1.4823529720306396 15.100024223327637
986 0.015500000678002834 0.010555555112659931 1.468421220779419 20.000041961669922
987 0.010999999940395355 0.009444444440305233 1.1647058725357056 17.200031280517578
988 0.010500000789761543 0.009444444440305233 1.1117647886276245 14.100020408630371
989 0.014000000432133675 0.009999999776482582 1.4000000953674316 13.700018882751465
990 0.012000000104308128 0.009444444440305233 1.2705882787704468 16.200027465820312
991 0.019500000402331352 0.009444444440305233 2.0647058486938477 15.500025749206543
992 0.017500001937150955 0.010555555112659931 1.6578949689865112 18.30003547668457
993 0.010999999940395355 0.009444444440305233 1.1647058725357056 10.900008201599121
994 0.015500000678002834 0.009999999776482582 1.5500000715255737 15.400025367736816
995 0.013500001281499863 0.009999999776482582 1.3500001430511475 10.100005149841309
996 0.023500001057982445 0.009444444440305233 2.4882354736328125 23.900056838989258
997 0.0195000022649765 0.009444444440305233 2.0647060871124268 25.500062942504883
998 0.017500001937150955 0.009999999776482582 1.750000238418579 23.00005340576172
999 0.015500000678002834 0.009999999776482582 1.5500000715255737 19.20003890991211
1000 0.017500001937150955 0.009444444440305233 1.8529413938522339 11.50001049041748
