1 0.010999999940395355 0.009444444440305233 1.1647058725357056 24.900060653686523
2 0.017000000923871994 0.009444444440305233 1.8000000715255737 24.800060272216797
3 0.009000000543892384 0.009999999776482582 0.9000000953674316 23.700056076049805
4 0.013500001281499863 0.009444444440305233 1.4294118881225586 24.200057983398438
5 0.020500000566244125 0.009444444440305233 2.170588254928589 18.60003662109375
6 0.015000000596046448 0.009999999776482582 1.5000001192092896 26.7000675201416
7 0.009000000543892384 0.009444444440305233 0.9529412388801575 16.100027084350586
8 0.018000001087784767 0.009999999776482582 1.8000001907348633 18.00003433227539
9 0.023000001907348633 0.009444444440305233 2.4352943897247314 10.600007057189941
10 0.015500001609325409 0.009444444440305233 1.641176700592041 13.300017356872559
11 0.01850000023841858 0.009444444440305233 1.958823561668396 23.80005645751953
12 0.015000000596046448 0.009999999776482582 1.5000001192092896 21.300046920776367
13 0.010500000789761543 0.009999999776482582 1.0500000715255737 17.300031661987305
14 0.00800000037997961 0.010555555112659931 0.7578948140144348 24.200057983398438
15 0.015000000596046448 0.010555555112659931 1.4210526943206787 25.30006217956543
16 0.01250000111758709 0.009999999776482582 1.2500001192092896 16.00002670288086
17 0.007000000216066837 0.009444444440305233 0.7411764860153198 12.7000150680542
18 0.011500000953674316 0.009444444440305233 1.2176471948623657 24.70005989074707
19 0.016499999910593033 0.009444444440305233 1.7470588684082031 9.20000171661377
20 0.011500000953674316 0.009999999776482582 1.1500000953674316 17.10003089904785
21 0.01600000075995922 0.010555555112659931 1.5157896280288696 11.000008583068848
22 0.014500001445412636 0.009999999776482582 1.4500001668930054 17.500032424926758
23 0.018000001087784767 0.009444444440305233 1.905882477760315 19.400039672851562
24 0.0195000022649765 0.009444444440305233 2.0647060871124268 20.3000431060791
25 0.01900000125169754 0.010555555112659931 1.8000001907348633 10.600007057189941
26 0.009999999776482582 0.010555555112659931 0.9473684430122375 27.90007209777832
27 0.013000000268220901 0.009444444440305233 1.3764705657958984 19.900041580200195
28 0.017000000923871994 0.009999999776482582 1.7000001668930054 19.900041580200195
29 0.015000000596046448 0.009444444440305233 1.5882353782653809 22.40005111694336
30 0.013500000350177288 0.009444444440305233 1.429411768913269 24.300058364868164
31 0.009999999776482582 0.009444444440305233 1.0588234663009644 25.00006103515625
32 0.011500000953674316 0.009444444440305233 1.2176471948623657 21.400047302246094
33 0.008500000461935997 0.009444444440305233 0.9000000357627869 25.90006446838379
34 0.014500000514090061 0.009444444440305233 1.5352941751480103 7.399997711181641
35 0.010000000707805157 0.009999999776482582 1.0000001192092896 24.40005874633789
36 0.013000000268220901 0.009999999776482582 1.3000000715255737 26.7000675201416
37 0.013500000350177288 0.009999999776482582 1.350000023841858 15.500025749206543
38 0.015500000678002834 0.009444444440305233 1.6411765813827515 25.30006217956543
39 0.015000000596046448 0.009999999776482582 1.5000001192092896 9.400002479553223
40 0.016499999910593033 0.009999999776482582 1.649999976158142 26.300065994262695
41 0.014500000514090061 0.010555555112659931 1.373684287071228 19.900041580200195
42 0.013000000268220901 0.010555555112659931 1.231579065322876 17.10003089904785
43 0.012500000186264515 0.009999999776482582 1.25 21.000045776367188
44 0.026500001549720764 0.009999999776482582 2.6500000953674316 0.8000025749206543
45 0.014500000514090061 0.009444444440305233 1.5352941751480103 17.800033569335938
46 0.010999999940395355 0.009999999776482582 1.100000023841858 12.300013542175293
47 0.01850000023841858 0.009444444440305233 1.958823561668396 20.60004425048828
48 0.01900000125169754 0.009999999776482582 1.9000002145767212 17.800033569335938
49 0.008500000461935997 0.009444444440305233 0.9000000357627869 15.700026512145996
50 0.00800000037997961 0.009444444440305233 0.847058892250061 24.10005760192871
51 0.012000000104308128 0.009444444440305233 1.2705882787704468 21.400047302246094
52 0.01600000075995922 0.009999999776482582 1.6000001430511475 22.200050354003906
53 0.012500000186264515 0.009999999776482582 1.25 21.600048065185547
54 0.013500001281499863 0.010555555112659931 1.2789475917816162 14.70002269744873
55 0.019500000402331352 0.010555555112659931 1.8473684787750244 24.300058364868164
56 0.007000000216066837 0.010555555112659931 0.6631579399108887 20.3000431060791
57 0.017500001937150955 0.009999999776482582 1.750000238418579 27.90007209777832
58 0.013500000350177288 0.009999999776482582 1.350000023841858 24.200057983398438
59 0.011500000953674316 0.009999999776482582 1.1500000953674316 19.900041580200195
60 0.016499999910593033 0.009444444440305233 1.7470588684082031 11.600010871887207
61 0.011500000953674316 0.009999999776482582 1.1500000953674316 23.3000545501709
62 0.013000000268220901 0.009444444440305233 1.3764705657958984 13.800019264221191
63 0.01900000125169754 0.009444444440305233 2.0117647647857666 8.800000190734863
64 0.01600000075995922 0.010555555112659931 1.5157896280288696 11.80001163482666
65 0.017500001937150955 0.010555555112659931 1.6578949689865112 17.900033950805664
66 0.01600000075995922 0.009444444440305233 1.694117784500122 8.199997901916504
67 0.017000000923871994 0.009999999776482582 1.7000001668930054 16.800029754638672
68 0.0195000022649765 0.009999999776482582 1.950000286102295 20.200042724609375
69 0.014500000514090061 0.009999999776482582 1.4500000476837158 19.80004119873047
70 0.010500000789761543 0.009999999776482582 1.0500000715255737 26.100065231323242
71 0.013500001281499863 0.009444444440305233 1.4294118881225586 26.000064849853516
72 0.018000001087784767 0.010555555112659931 1.705263376235962 30.600082397460938
73 0.011500000953674316 0.009444444440305233 1.2176471948623657 24.000057220458984
74 0.009000000543892384 0.009444444440305233 0.9529412388801575 10.600007057189941
75 0.010500000789761543 0.009999999776482582 1.0500000715255737 23.80005645751953
76 0.017500001937150955 0.009999999776482582 1.750000238418579 20.200042724609375
77 0.018000001087784767 0.009999999776482582 1.8000001907348633 19.700040817260742
78 0.011500000953674316 0.009444444440305233 1.2176471948623657 12.10001277923584
79 0.016499999910593033 0.009444444440305233 1.7470588684082031 15.100024223327637
80 0.013000000268220901 0.010555555112659931 1.231579065322876 23.900056838989258
81 0.010500000789761543 0.009999999776482582 1.0500000715255737 11.700011253356934
82 0.008500000461935997 0.010555555112659931 0.8052632212638855 19.80004119873047
83 0.014000000432133675 0.010555555112659931 1.3263158798217773 35.50003433227539
84 0.017000000923871994 0.009444444440305233 1.8000000715255737 19.000038146972656
85 0.021000001579523087 0.009999999776482582 2.1000001430511475 17.300031661987305
86 0.01600000075995922 0.010555555112659931 1.5157896280288696 25.500062942504883
87 0.015000000596046448 0.009444444440305233 1.5882353782653809 24.10005760192871
88 0.00950000062584877 0.009444444440305233 1.0058823823928833 23.3000545501709
89 0.015000000596046448 0.009999999776482582 1.5000001192092896 28.100072860717773
90 0.010500000789761543 0.009444444440305233 1.1117647886276245 26.000064849853516
91 0.02199999988079071 0.009999999776482582 2.200000047683716 22.300050735473633
92 0.011500000953674316 0.010555555112659931 1.089473843574524 25.00006103515625
93 0.01850000023841858 0.010555555112659931 1.752631664276123 1.4000027179718018
94 0.017000000923871994 0.010555555112659931 1.610526442527771 22.40005111694336
95 0.009999999776482582 0.009999999776482582 1.0 21.800048828125
96 0.015500000678002834 0.009999999776482582 1.5500000715255737 12.10001277923584
97 0.015500000678002834 0.009444444440305233 1.6411765813827515 19.000038146972656
98 0.014500001445412636 0.010555555112659931 1.3736844062805176 17.300031661987305
99 0.014000000432133675 0.010555555112659931 1.3263158798217773 21.000045776367188
100 0.006500000134110451 0.009444444440305233 0.6882352828979492 20.90004539489746
101 0.010999999940395355 0.009444444440305233 1.1647058725357056 17.10003089904785
102 0.016499999910593033 0.009999999776482582 1.649999976158142 23.600055694580078
103 0.013500000350177288 0.009999999776482582 1.350000023841858 19.20003890991211
104 0.013000000268220901 0.009444444440305233 1.3764705657958984 27.30006980895996
105 0.014500000514090061 0.009444444440305233 1.5352941751480103 16.200027465820312
106 0.01600000075995922 0.009444444440305233 1.694117784500122 16.60002899169922
107 0.014500000514090061 0.009999999776482582 1.4500000476837158 26.300065994262695
108 0.012000000104308128 0.009444444440305233 1.2705882787704468 24.200057983398438
109 0.008500000461935997 0.010555555112659931 0.8052632212638855 21.50004768371582
110 0.013500000350177288 0.009444444440305233 1.429411768913269 18.400035858154297
111 0.023000001907348633 0.010555555112659931 2.178947687149048 21.100046157836914
112 0.012000000104308128 0.009444444440305233 1.2705882787704468 0.10000251978635788
113 0.01250000111758709 0.009999999776482582 1.2500001192092896 17.40003204345703
114 0.015000000596046448 0.009999999776482582 1.5000001192092896 20.200042724609375
115 0.008500000461935997 0.010555555112659931 0.8052632212638855 18.90003776550293
116 0.999000072479248 0.8755555748939514 1.140989899635315 -94.89912414550781
117 0.01600000075995922 0.009999999776482582 1.6000001430511475 11.700011253356934
118 0.012000000104308128 0.009444444440305233 1.2705882787704468 25.500062942504883
119 0.017000000923871994 0.009444444440305233 1.8000000715255737 13.300017356872559
120 0.013000000268220901 0.009444444440305233 1.3764705657958984 7.0999979972839355
121 0.013500000350177288 0.010555555112659931 1.2789474725723267 15.100024223327637
122 0.012500000186264515 0.009444444440305233 1.3235294818878174 14.900023460388184
123 0.010000000707805157 0.009999999776482582 1.0000001192092896 18.200035095214844
124 0.019999999552965164 0.009999999776482582 2.0 22.500051498413086
125 0.014000000432133675 0.010555555112659931 1.3263158798217773 14.900023460388184
126 0.015500000678002834 0.009999999776482582 1.5500000715255737 12.600014686584473
127 0.014000000432133675 0.009444444440305233 1.4823529720306396 16.700029373168945
128 0.010500000789761543 0.010555555112659931 0.9947369694709778 23.80005645751953
129 0.010999999940395355 0.010555555112659931 1.0421053171157837 25.30006217956543
130 0.013000000268220901 0.009999999776482582 1.3000000715255737 21.100046157836914
131 0.015500000678002834 0.009999999776482582 1.5500000715255737 24.10005760192871
132 0.015500000678002834 0.009999999776482582 1.5500000715255737 24.900060653686523
133 0.012000000104308128 0.009444444440305233 1.2705882787704468 18.800037384033203
134 0.017000000923871994 0.009444444440305233 1.8000000715255737 19.50004005432129
135 0.011500000953674316 0.009444444440305233 1.2176471948623657 25.100061416625977
136 0.015000000596046448 0.009444444440305233 1.5882353782653809 27.00006866455078
137 0.01850000023841858 0.009444444440305233 1.958823561668396 22.800052642822266
138 0.013500001281499863 0.009999999776482582 1.3500001430511475 27.60007095336914
139 0.012000000104308128 0.009999999776482582 1.2000000476837158 27.30006980895996
140 0.018000001087784767 0.009444444440305233 1.905882477760315 12.500014305114746
141 0.010999999940395355 0.009444444440305233 1.1647058725357056 18.60003662109375
142 0.01250000111758709 0.009444444440305233 1.3235294818878174 24.300058364868164
143 0.010000000707805157 0.010555555112659931 0.9473685026168823 16.9000301361084
144 0.014000000432133675 0.009999999776482582 1.4000000953674316 25.700063705444336
145 0.015500000678002834 0.009444444440305233 1.6411765813827515 13.900019645690918
146 0.017500001937150955 0.009999999776482582 1.750000238418579 24.10005760192871
147 0.013000000268220901 0.010555555112659931 1.231579065322876 20.3000431060791
148 0.016499999910593033 0.009444444440305233 1.7470588684082031 31.300085067749023
149 0.017000000923871994 0.010555555112659931 1.610526442527771 21.700048446655273
150 0.01250000111758709 0.010555555112659931 1.1842106580734253 9.900004386901855
151 0.010000000707805157 0.009444444440305233 1.058823585510254 15.200024604797363
152 0.023000001907348633 0.009444444440305233 2.4352943897247314 6.7999982833862305
153 0.010999999940395355 0.009999999776482582 1.100000023841858 18.90003776550293
154 0.012500000186264515 0.009999999776482582 1.25 15.500025749206543
155 0.010500000789761543 0.009444444440305233 1.1117647886276245 21.50004768371582
156 0.013500001281499863 0.009444444440305233 1.4294118881225586 21.50004768371582
157 0.013000000268220901 0.009999999776482582 1.3000000715255737 23.600055694580078
158 0.014500000514090061 0.009999999776482582 1.4500000476837158 21.50004768371582
159 0.018000001087784767 0.009444444440305233 1.905882477760315 12.600014686584473
160 0.01600000075995922 0.010555555112659931 1.5157896280288696 9.300002098083496
161 0.017000000923871994 0.009999999776482582 1.7000001668930054 19.20003890991211
162 0.013500001281499863 0.010555555112659931 1.2789475917816162 24.900060653686523
163 0.008500000461935997 0.009999999776482582 0.8500000834465027 24.800060272216797
164 0.016499999910593033 0.010555555112659931 1.5631579160690308 25.200061798095703
165 0.013000000268220901 0.010555555112659931 1.231579065322876 17.500032424926758
166 0.015500000678002834 0.010555555112659931 1.468421220779419 19.50004005432129
167 0.013500001281499863 0.009444444440305233 1.4294118881225586 18.200035095214844
168 0.01850000023841858 0.009444444440305233 1.958823561668396 16.700029373168945
169 0.01600000075995922 0.010555555112659931 1.5157896280288696 26.000064849853516
170 0.011500000953674316 0.009999999776482582 1.1500000953674316 16.400028228759766
171 0.01900000125169754 0.009999999776482582 1.9000002145767212 12.10001277923584
172 0.017000000923871994 0.010555555112659931 1.610526442527771 19.400039672851562
173 0.010500000789761543 0.009444444440305233 1.1117647886276245 20.60004425048828
174 0.012500000186264515 0.009999999776482582 1.25 17.40003204345703
175 0.015000000596046448 0.009999999776482582 1.5000001192092896 23.600055694580078
176 1.0 0.9277777671813965 1.0778443813323975 -94.89912414550781
177 0.013000000268220901 0.009444444440305233 1.3764705657958984 21.20004653930664
178 0.017000000923871994 0.009999999776482582 1.7000001668930054 16.100027084350586
179 0.01250000111758709 0.009444444440305233 1.3235294818878174 25.90006446838379
180 0.012000000104308128 0.009999999776482582 1.2000000476837158 15.100024223327637
181 0.013000000268220901 0.009444444440305233 1.3764705657958984 23.100053787231445
182 0.010000000707805157 0.010555555112659931 0.9473685026168823 23.00005340576172
183 0.009000000543892384 0.009999999776482582 0.9000000953674316 19.100038528442383
184 0.010000000707805157 0.009999999776482582 1.0000001192092896 27.60007095336914
185 0.010999999940395355 0.010555555112659931 1.0421053171157837 9.400002479553223
186 0.01600000075995922 0.009444444440305233 1.694117784500122 16.200027465820312
187 0.01600000075995922 0.010555555112659931 1.5157896280288696 23.200054168701172
188 0.012000000104308128 0.009444444440305233 1.2705882787704468 12.600014686584473
189 0.012000000104308128 0.009999999776482582 1.2000000476837158 27.800071716308594
190 0.014000000432133675 0.009999999776482582 1.4000000953674316 19.300039291381836
191 0.019999999552965164 0.009444444440305233 2.1176469326019287 24.300058364868164
192 0.014000000432133675 0.010555555112659931 1.3263158798217773 21.20004653930664
193 0.007500000298023224 0.009999999776482582 0.7500000596046448 25.100061416625977
194 0.02550000138580799 0.010555555112659931 2.4157896041870117 9.400002479553223
195 0.015500000678002834 0.009444444440305233 1.6411765813827515 21.700048446655273
196 0.024500001221895218 0.009999999776482582 2.450000286102295 3.600001335144043
197 0.012000000104308128 0.010555555112659931 1.136842131614685 24.900060653686523
198 0.014000000432133675 0.009444444440305233 1.4823529720306396 26.100065231323242
199 0.009999999776482582 0.010555555112659931 0.9473684430122375 14.40002155303955
200 0.011500000953674316 0.009444444440305233 1.2176471948623657 12.500014305114746
201 0.01600000075995922 0.009444444440305233 1.694117784500122 16.800029754638672
202 0.010500000789761543 0.009999999776482582 1.0500000715255737 28.700075149536133
203 0.010000000707805157 0.010555555112659931 0.9473685026168823 24.800060272216797
204 0.015000000596046448 0.010555555112659931 1.4210526943206787 21.100046157836914
205 0.010500000789761543 0.009444444440305233 1.1117647886276245 24.200057983398438
206 0.014000000432133675 0.009999999776482582 1.4000000953674316 21.700048446655273
207 0.008500000461935997 0.009444444440305233 0.9000000357627869 19.300039291381836
208 0.013500000350177288 0.009444444440305233 1.429411768913269 12.800015449523926
209 0.015500000678002834 0.009999999776482582 1.5500000715255737 27.400070190429688
210 0.015000000596046448 0.009444444440305233 1.5882353782653809 16.800029754638672
211 0.014000000432133675 0.010555555112659931 1.3263158798217773 14.200020790100098
212 0.00950000062584877 0.009999999776482582 0.9500001072883606 12.900015830993652
213 0.017500001937150955 0.009444444440305233 1.8529413938522339 22.000049591064453
214 0.014000000432133675 0.009999999776482582 1.4000000953674316 15.100024223327637
215 0.015500000678002834 0.010555555112659931 1.468421220779419 19.600040435791016
216 0.009999999776482582 0.009444444440305233 1.0588234663009644 23.00005340576172
217 0.016499999910593033 0.009999999776482582 1.649999976158142 25.700063705444336
218 0.014000000432133675 0.010555555112659931 1.3263158798217773 9.900004386901855
219 0.02500000223517418 0.009999999776482582 2.500000238418579 18.90003776550293
220 0.010999999940395355 0.009999999776482582 1.100000023841858 14.70002269744873
221 0.020500000566244125 0.009444444440305233 2.170588254928589 20.60004425048828
222 0.01900000125169754 0.010555555112659931 1.8000001907348633 18.400035858154297
223 0.011500000953674316 0.009444444440305233 1.2176471948623657 17.40003204345703
224 0.009999999776482582 0.009444444440305233 1.0588234663009644 24.600059509277344
225 0.015000000596046448 0.009444444440305233 1.5882353782653809 19.900041580200195
226 0.01900000125169754 0.009444444440305233 2.0117647647857666 20.90004539489746
227 0.018000001087784767 0.009444444440305233 1.905882477760315 24.800060272216797
228 0.019999999552965164 0.009444444440305233 2.1176469326019287 14.40002155303955
229 0.0195000022649765 0.009999999776482582 1.950000286102295 26.50006675720215
230 0.02199999988079071 0.009444444440305233 2.329411745071411 17.000030517578125
231 0.016499999910593033 0.010555555112659931 1.5631579160690308 17.800033569335938
232 0.014500001445412636 0.009999999776482582 1.4500001668930054 16.200027465820312
233 0.00800000037997961 0.009999999776482582 0.8000000715255737 15.90002727508545
234 0.018000001087784767 0.009444444440305233 1.905882477760315 6.599998474121094
235 0.015500000678002834 0.009999999776482582 1.5500000715255737 17.600032806396484
236 0.02250000089406967 0.009444444440305233 2.3823530673980713 10.300005912780762
237 0.014500001445412636 0.009444444440305233 1.5352942943572998 27.700071334838867
238 0.011500000953674316 0.010555555112659931 1.089473843574524 13.900019645690918
239 0.01900000125169754 0.009999999776482582 1.9000002145767212 22.10004997253418
240 0.0195000022649765 0.009999999776482582 1.950000286102295 24.40005874633789
241 0.015000000596046448 0.009444444440305233 1.5882353782653809 18.60003662109375
242 0.014500001445412636 0.009444444440305233 1.5352942943572998 5.099999904632568
243 0.03150000050663948 0.009999999776482582 3.1500000953674316 7.699997425079346
244 0.01850000023841858 0.010555555112659931 1.752631664276123 16.200027465820312
245 0.014500000514090061 0.009999999776482582 1.4500000476837158 12.500014305114746
246 0.026500001549720764 0.009444444440305233 2.805882453918457 10.100005149841309
247 0.013000000268220901 0.010555555112659931 1.231579065322876 27.00006866455078
248 1.0 0.8999999761581421 1.1111111640930176 -94.89912414550781
249 0.013500000350177288 0.009444444440305233 1.429411768913269 22.800052642822266
250 0.014000000432133675 0.009999999776482582 1.4000000953674316 7.0999979972839355
251 0.016499999910593033 0.010555555112659931 1.5631579160690308 9.100001335144043
252 0.010000000707805157 0.009999999776482582 1.0000001192092896 18.90003776550293
253 0.010500000789761543 0.009444444440305233 1.1117647886276245 21.000045776367188
254 0.013000000268220901 0.010555555112659931 1.231579065322876 18.100034713745117
255 0.015000000596046448 0.010555555112659931 1.4210526943206787 21.20004653930664
256 0.011500000953674316 0.009999999776482582 1.1500000953674316 18.400035858154297
257 0.024500001221895218 0.009999999776482582 2.450000286102295 9.000000953674316
258 0.018000001087784767 0.009999999776482582 1.8000001907348633 2.200002670288086
259 0.016499999910593033 0.009999999776482582 1.649999976158142 28.2000732421875
260 0.020500000566244125 0.010555555112659931 1.9421054124832153 1.9000028371810913
261 0.0195000022649765 0.009444444440305233 2.0647060871124268 20.10004234313965
262 0.00800000037997961 0.009999999776482582 0.8000000715255737 13.200016975402832
263 0.014000000432133675 0.009444444440305233 1.4823529720306396 26.000064849853516
264 0.012000000104308128 0.009999999776482582 1.2000000476837158 21.800048828125
265 0.015500000678002834 0.009999999776482582 1.5500000715255737 13.600018501281738
266 0.016499999910593033 0.009999999776482582 1.649999976158142 26.20006561279297
267 0.02199999988079071 0.009444444440305233 2.329411745071411 6.7999982833862305
268 0.015000000596046448 0.009444444440305233 1.5882353782653809 24.70005989074707
269 0.017500001937150955 0.010555555112659931 1.6578949689865112 10.700007438659668
270 0.01850000023841858 0.010555555112659931 1.752631664276123 21.50004768371582
271 0.020500000566244125 0.010555555112659931 1.9421054124832153 21.100046157836914
272 0.01250000111758709 0.009444444440305233 1.3235294818878174 22.70005226135254
273 0.018000001087784767 0.010555555112659931 1.705263376235962 23.900056838989258
274 0.012500000186264515 0.009444444440305233 1.3235294818878174 17.10003089904785
275 0.015000000596046448 0.009999999776482582 1.5000001192092896 13.000016212463379
276 0.016499999910593033 0.009999999776482582 1.649999976158142 16.200027465820312
277 0.011500000953674316 0.009444444440305233 1.2176471948623657 27.400070190429688
278 0.0195000022649765 0.009444444440305233 2.0647060871124268 22.000049591064453
279 0.014500000514090061 0.009444444440305233 1.5352941751480103 24.70005989074707
280 0.017000000923871994 0.010555555112659931 1.610526442527771 23.600055694580078
281 0.01850000023841858 0.009444444440305233 1.958823561668396 18.100034713745117
282 0.018000001087784767 0.009999999776482582 1.8000001907348633 18.800037384033203
283 0.010999999940395355 0.009444444440305233 1.1647058725357056 12.800015449523926
284 0.014000000432133675 0.009999999776482582 1.4000000953674316 21.300046920776367
285 0.018000001087784767 0.009444444440305233 1.905882477760315 18.90003776550293
286 0.013500000350177288 0.010555555112659931 1.2789474725723267 26.800067901611328
287 0.010000000707805157 0.010555555112659931 0.9473685026168823 19.600040435791016
288 0.016499999910593033 0.009444444440305233 1.7470588684082031 21.600048065185547
289 0.012000000104308128 0.009444444440305233 1.2705882787704468 26.20006561279297
290 0.014000000432133675 0.009999999776482582 1.4000000953674316 13.900019645690918
291 0.01850000023841858 0.010555555112659931 1.752631664276123 9.50000286102295
292 0.026500001549720764 0.010555555112659931 2.510526657104492 23.3000545501709
293 0.01600000075995922 0.009999999776482582 1.6000001430511475 16.9000301361084
294 0.012500000186264515 0.009444444440305233 1.3235294818878174 23.400054931640625
295 0.016499999910593033 0.009999999776482582 1.649999976158142 20.90004539489746
296 0.018000001087784767 0.009999999776482582 1.8000001907348633 21.700048446655273
297 0.016499999910593033 0.009444444440305233 1.7470588684082031 31.40008544921875
298 0.017500001937150955 0.009999999776482582 1.750000238418579 24.600059509277344
299 0.010999999940395355 0.010555555112659931 1.0421053171157837 21.700048446655273
300 0.014000000432133675 0.009999999776482582 1.4000000953674316 17.200031280517578
301 0.01850000023841858 0.010555555112659931 1.752631664276123 4.100000858306885
302 0.014000000432133675 0.009444444440305233 1.4823529720306396 22.10004997253418
303 0.008999999612569809 0.009444444440305233 0.9529411196708679 25.00006103515625
304 0.016499999910593033 0.010555555112659931 1.5631579160690308 12.200013160705566
305 0.011500000953674316 0.010555555112659931 1.089473843574524 16.500028610229492
306 0.010500000789761543 0.009999999776482582 1.0500000715255737 21.000045776367188
307 0.020500000566244125 0.009444444440305233 2.170588254928589 15.60002613067627
308 0.015500000678002834 0.009999999776482582 1.5500000715255737 15.200024604797363
309 0.016499999910593033 0.010555555112659931 1.5631579160690308 21.800048828125
310 0.017000000923871994 0.010555555112659931 1.610526442527771 21.700048446655273
311 0.018000001087784767 0.010555555112659931 1.705263376235962 18.00003433227539
312 0.012000000104308128 0.009444444440305233 1.2705882787704468 27.100069046020508
313 0.017000000923871994 0.009999999776482582 1.7000001668930054 26.300065994262695
314 0.013500000350177288 0.009444444440305233 1.429411768913269 15.90002727508545
315 0.017000000923871994 0.009999999776482582 1.7000001668930054 25.90006446838379
316 0.016499999910593033 0.009999999776482582 1.649999976158142 16.9000301361084
317 0.018000001087784767 0.009444444440305233 1.905882477760315 19.300039291381836
318 0.00800000037997961 0.009444444440305233 0.847058892250061 24.000057220458984
319 0.012000000104308128 0.009444444440305233 1.2705882787704468 10.800007820129395
320 0.013000000268220901 0.009999999776482582 1.3000000715255737 20.200042724609375
321 1.0 0.9372222423553467 1.0669827461242676 -94.89912414550781
322 1.0 0.7844444513320923 1.2747875452041626 -94.89912414550781
323 0.02199999988079071 0.009444444440305233 2.329411745071411 19.100038528442383
324 0.015500000678002834 0.010555555112659931 1.468421220779419 18.700037002563477
325 0.014500000514090061 0.009444444440305233 1.5352941751480103 13.000016212463379
326 0.0195000022649765 0.009999999776482582 1.950000286102295 16.200027465820312
327 0.019500000402331352 0.010555555112659931 1.8473684787750244 4.600000381469727
328 0.01850000023841858 0.009999999776482582 1.850000023841858 28.300073623657227
329 0.014000000432133675 0.009444444440305233 1.4823529720306396 18.60003662109375
330 0.013500001281499863 0.009444444440305233 1.4294118881225586 24.800060272216797
331 0.010000000707805157 0.010555555112659931 0.9473685026168823 25.00006103515625
332 0.009000000543892384 0.009444444440305233 0.9529412388801575 10.400006294250488
333 0.014000000432133675 0.010555555112659931 1.3263158798217773 25.90006446838379
334 0.015500000678002834 0.009444444440305233 1.6411765813827515 14.800023078918457
335 0.013500001281499863 0.009444444440305233 1.4294118881225586 22.600051879882812
336 0.0195000022649765 0.010555555112659931 1.8473687171936035 10.800007820129395
337 0.015000000596046448 0.010555555112659931 1.4210526943206787 8.699999809265137
338 0.015500000678002834 0.009444444440305233 1.6411765813827515 15.200024604797363
339 0.017000000923871994 0.009444444440305233 1.8000000715255737 13.800019264221191
340 0.01850000023841858 0.009999999776482582 1.850000023841858 21.600048065185547
341 1.0 0.8461111187934875 1.181877851486206 -94.89912414550781
342 0.014500001445412636 0.009999999776482582 1.4500001668930054 2.7000021934509277
343 0.012500000186264515 0.009999999776482582 1.25 25.400062561035156
344 0.013500000350177288 0.010555555112659931 1.2789474725723267 22.200050354003906
345 0.012000000104308128 0.009999999776482582 1.2000000476837158 15.800026893615723
346 0.017000000923871994 0.009444444440305233 1.8000000715255737 24.40005874633789
347 0.013500001281499863 0.009444444440305233 1.4294118881225586 20.700044631958008
348 0.009999999776482582 0.010555555112659931 0.9473684430122375 12.600014686584473
349 0.010000000707805157 0.009999999776482582 1.0000001192092896 26.800067901611328
350 0.020000001415610313 0.009999999776482582 2.000000238418579 9.000000953674316
351 0.013000000268220901 0.009444444440305233 1.3764705657958984 21.900049209594727
352 0.01900000125169754 0.009999999776482582 1.9000002145767212 20.200042724609375
353 0.01250000111758709 0.009444444440305233 1.3235294818878174 14.600022315979004
354 0.015500000678002834 0.010555555112659931 1.468421220779419 23.400054931640625
355 0.018000001087784767 0.009444444440305233 1.905882477760315 24.500059127807617
356 0.015000000596046448 0.010555555112659931 1.4210526943206787 17.300031661987305
357 0.011500000953674316 0.009999999776482582 1.1500000953674316 23.700056076049805
358 0.010999999940395355 0.009999999776482582 1.100000023841858 18.30003547668457
359 0.020500000566244125 0.009444444440305233 2.170588254928589 3.7000012397766113
360 0.014500000514090061 0.009999999776482582 1.4500000476837158 7.599997520446777
361 0.015000000596046448 0.009444444440305233 1.5882353782653809 23.80005645751953
362 0.012000000104308128 0.009444444440305233 1.2705882787704468 26.000064849853516
363 0.00950000062584877 0.009999999776482582 0.9500001072883606 14.600022315979004
364 0.0195000022649765 0.009444444440305233 2.0647060871124268 10.400006294250488
365 0.013500001281499863 0.009444444440305233 1.4294118881225586 22.200050354003906
366 0.006500000134110451 0.009444444440305233 0.6882352828979492 19.600040435791016
367 0.017000000923871994 0.009444444440305233 1.8000000715255737 15.90002727508545
368 0.017500001937150955 0.009999999776482582 1.750000238418579 17.900033950805664
369 0.01250000111758709 0.009444444440305233 1.3235294818878174 20.000041961669922
370 0.021500002592802048 0.010555555112659931 2.0368423461914062 17.800033569335938
371 0.013000000268220901 0.010555555112659931 1.231579065322876 22.600051879882812
372 0.015000000596046448 0.009444444440305233 1.5882353782653809 24.800060272216797
373 0.010000000707805157 0.009444444440305233 1.058823585510254 14.500021934509277
374 0.018000001087784767 0.009999999776482582 1.8000001907348633 15.200024604797363
375 0.008500000461935997 0.009444444440305233 0.9000000357627869 17.300031661987305
376 0.010999999940395355 0.009444444440305233 1.1647058725357056 23.700056076049805
377 1.0 0.8844444155693054 1.1306532621383667 -94.89912414550781
378 0.013000000268220901 0.010555555112659931 1.231579065322876 23.700056076049805
379 0.00800000037997961 0.009444444440305233 0.847058892250061 24.10005760192871
380 0.013000000268220901 0.010555555112659931 1.231579065322876 19.20003890991211
381 0.012000000104308128 0.009444444440305233 1.2705882787704468 22.800052642822266
382 0.011500000953674316 0.009999999776482582 1.1500000953674316 5.999999046325684
383 0.01850000023841858 0.009999999776482582 1.850000023841858 23.400054931640625
384 0.009000000543892384 0.009444444440305233 0.9529412388801575 18.200035095214844
385 0.015000000596046448 0.010555555112659931 1.4210526943206787 29.000076293945312
386 0.013000000268220901 0.009444444440305233 1.3764705657958984 23.100053787231445
387 0.02250000089406967 0.009444444440305233 2.3823530673980713 10.900008201599121
388 0.019999999552965164 0.010555555112659931 1.894736886024475 19.300039291381836
389 0.018000001087784767 0.009444444440305233 1.905882477760315 25.500062942504883
390 0.017500000074505806 0.009444444440305233 1.8529411554336548 11.700011253356934
391 0.013500001281499863 0.009444444440305233 1.4294118881225586 24.000057220458984
392 0.010500000789761543 0.009444444440305233 1.1117647886276245 20.800045013427734
393 0.014000000432133675 0.009444444440305233 1.4823529720306396 23.200054168701172
394 0.007500000298023224 0.010555555112659931 0.7105263471603394 22.500051498413086
395 0.01600000075995922 0.009999999776482582 1.6000001430511475 7.899997234344482
396 0.017500001937150955 0.009999999776482582 1.750000238418579 18.30003547668457
397 0.020500000566244125 0.009999999776482582 2.0500001907348633 22.000049591064453
398 0.009999999776482582 0.009999999776482582 1.0 16.400028228759766
399 0.019500000402331352 0.009999999776482582 1.9500000476837158 21.100046157836914
400 0.015000000596046448 0.010555555112659931 1.4210526943206787 22.000049591064453
401 0.012000000104308128 0.010555555112659931 1.136842131614685 19.000038146972656
402 0.018000001087784767 0.009999999776482582 1.8000001907348633 13.800019264221191
403 0.01850000023841858 0.010555555112659931 1.752631664276123 19.400039672851562
404 0.023000001907348633 0.009999999776482582 2.3000001907348633 4.700000286102295
405 0.014500000514090061 0.009999999776482582 1.4500000476837158 12.200013160705566
406 0.010999999940395355 0.009999999776482582 1.100000023841858 24.900060653686523
407 0.018000001087784767 0.009444444440305233 1.905882477760315 9.300002098083496
408 0.016499999910593033 0.009999999776482582 1.649999976158142 23.900056838989258
409 0.015000000596046448 0.010555555112659931 1.4210526943206787 19.300039291381836
410 0.01600000075995922 0.010555555112659931 1.5157896280288696 22.200050354003906
411 0.013000000268220901 0.009444444440305233 1.3764705657958984 26.400066375732422
412 0.010000000707805157 0.009999999776482582 1.0000001192092896 11.100008964538574
413 0.01600000075995922 0.009999999776482582 1.6000001430511475 3.100001811981201
414 0.011500000953674316 0.010555555112659931 1.089473843574524 25.00006103515625
415 0.013500000350177288 0.009999999776482582 1.350000023841858 14.600022315979004
416 0.013000000268220901 0.010555555112659931 1.231579065322876 19.600040435791016
417 0.012000000104308128 0.009444444440305233 1.2705882787704468 26.800067901611328
418 0.014500000514090061 0.009999999776482582 1.4500000476837158 11.50001049041748
419 0.023000001907348633 0.009999999776482582 2.3000001907348633 25.500062942504883
420 0.015500000678002834 0.010555555112659931 1.468421220779419 23.200054168701172
421 0.017000000923871994 0.009444444440305233 1.8000000715255737 1.100002646446228
422 0.010500000789761543 0.009444444440305233 1.1117647886276245 20.10004234313965
423 0.017000000923871994 0.010555555112659931 1.610526442527771 12.000012397766113
424 0.015500000678002834 0.010555555112659931 1.468421220779419 29.300077438354492
425 0.014000000432133675 0.009444444440305233 1.4823529720306396 21.800048828125
426 0.016499999910593033 0.009444444440305233 1.7470588684082031 22.800052642822266
427 0.012000000104308128 0.009999999776482582 1.2000000476837158 17.600032806396484
428 0.010000000707805157 0.010555555112659931 0.9473685026168823 23.200054168701172
429 0.012500000186264515 0.010555555112659931 1.1842105388641357 17.300031661987305
430 0.0195000022649765 0.010555555112659931 1.8473687171936035 20.400043487548828
431 0.015500000678002834 0.009444444440305233 1.6411765813827515 26.7000675201416
432 0.024500001221895218 0.009999999776482582 2.450000286102295 8.699999809265137
433 0.012000000104308128 0.010555555112659931 1.136842131614685 17.600032806396484
434 0.01600000075995922 0.010555555112659931 1.5157896280288696 20.3000431060791
435 0.016499999910593033 0.009444444440305233 1.7470588684082031 16.800029754638672
436 0.015500000678002834 0.009999999776482582 1.5500000715255737 7.399997711181641
437 0.018000001087784767 0.010555555112659931 1.705263376235962 15.00002384185791
438 0.014500000514090061 0.009444444440305233 1.5352941751480103 23.00005340576172
439 0.013000000268220901 0.010555555112659931 1.231579065322876 21.100046157836914
440 0.014500000514090061 0.010555555112659931 1.373684287071228 15.00002384185791
441 0.021000001579523087 0.009999999776482582 2.1000001430511475 30.300081253051758
442 0.00800000037997961 0.010555555112659931 0.7578948140144348 21.900049209594727
443 0.014500000514090061 0.009444444440305233 1.5352941751480103 26.400066375732422
444 0.015000000596046448 0.009999999776482582 1.5000001192092896 10.200005531311035
445 0.026000000536441803 0.009999999776482582 2.6000001430511475 5.999999046325684
446 1.0 0.9516666531562805 1.050788164138794 -94.89912414550781
447 0.014500001445412636 0.009444444440305233 1.5352942943572998 19.000038146972656
448 0.0 0.0 nan 0.10000251978635788
449 0.014500001445412636 0.009444444440305233 1.5352942943572998 1.200002670288086
450 0.023000001907348633 0.009999999776482582 2.3000001907348633 1.9000028371810913
451 0.014000000432133675 0.009999999776482582 1.4000000953674316 14.40002155303955
452 0.012500000186264515 0.009999999776482582 1.25 21.100046157836914
453 0.015000000596046448 0.009444444440305233 1.5882353782653809 7.499997615814209
454 0.015000000596046448 0.010555555112659931 1.4210526943206787 16.200027465820312
455 0.010999999940395355 0.009444444440305233 1.1647058725357056 16.00002670288086
456 0.013500000350177288 0.009999999776482582 1.350000023841858 25.60006332397461
457 0.017500001937150955 0.009999999776482582 1.750000238418579 5.799999237060547
458 0.00950000062584877 0.009444444440305233 1.0058823823928833 13.200016975402832
459 0.010500000789761543 0.009444444440305233 1.1117647886276245 20.90004539489746
460 0.013500000350177288 0.009999999776482582 1.350000023841858 23.400054931640625
461 0.015500000678002834 0.009444444440305233 1.6411765813827515 9.700003623962402
462 0.017000000923871994 0.010555555112659931 1.610526442527771 26.000064849853516
463 0.01900000125169754 0.009999999776482582 1.9000002145767212 18.100034713745117
464 0.01600000075995922 0.010555555112659931 1.5157896280288696 29.90007972717285
465 0.014000000432133675 0.009999999776482582 1.4000000953674316 6.999998092651367
466 0.011500000953674316 0.010555555112659931 1.089473843574524 22.800052642822266
467 0.017500001937150955 0.009444444440305233 1.8529413938522339 20.500043869018555
468 0.018000001087784767 0.009444444440305233 1.905882477760315 22.70005226135254
469 0.009999999776482582 0.009444444440305233 1.0588234663009644 16.60002899169922
470 0.011500000953674316 0.009444444440305233 1.2176471948623657 14.900023460388184
471 0.009999999776482582 0.009999999776482582 1.0 16.800029754638672
472 0.029500000178813934 0.010555555112659931 2.794736862182617 3.600001335144043
473 0.00950000062584877 0.009444444440305233 1.0058823823928833 24.70005989074707
474 0.015500000678002834 0.009999999776482582 1.5500000715255737 21.400047302246094
475 0.017000000923871994 0.009999999776482582 1.7000001668930054 22.000049591064453
476 0.008500000461935997 0.009999999776482582 0.8500000834465027 26.000064849853516
477 0.010000000707805157 0.009444444440305233 1.058823585510254 25.800064086914062
478 0.016499999910593033 0.009999999776482582 1.649999976158142 25.400062561035156
479 0.013500000350177288 0.009444444440305233 1.429411768913269 1.7000027894973755
480 0.014500000514090061 0.009999999776482582 1.4500000476837158 9.50000286102295
481 0.012000000104308128 0.009444444440305233 1.2705882787704468 24.000057220458984
482 0.02250000089406967 0.009999999776482582 2.250000238418579 18.700037002563477
483 0.013500000350177288 0.009444444440305233 1.429411768913269 23.00005340576172
484 0.01600000075995922 0.009444444440305233 1.694117784500122 14.800023078918457
485 0.0195000022649765 0.010555555112659931 1.8473687171936035 15.60002613067627
486 0.02200000174343586 0.009999999776482582 2.200000286102295 21.20004653930664
487 0.018000001087784767 0.009444444440305233 1.905882477760315 16.700029373168945
488 0.017000000923871994 0.010555555112659931 1.610526442527771 16.60002899169922
489 0.008500000461935997 0.009444444440305233 0.9000000357627869 7.399997711181641
490 0.013500000350177288 0.009444444440305233 1.429411768913269 24.200057983398438
491 0.010999999940395355 0.009444444440305233 1.1647058725357056 18.100034713745117
492 0.016499999910593033 0.009444444440305233 1.7470588684082031 14.200020790100098
493 0.015000000596046448 0.010555555112659931 1.4210526943206787 11.80001163482666
494 0.016499999910593033 0.009999999776482582 1.649999976158142 23.900056838989258
495 0.014000000432133675 0.010555555112659931 1.3263158798217773 27.30006980895996
496 0.014000000432133675 0.009444444440305233 1.4823529720306396 1.4000027179718018
497 0.00800000037997961 0.009999999776482582 0.8000000715255737 16.400028228759766
498 0.0195000022649765 0.009444444440305233 2.0647060871124268 6.7999982833862305
499 0.012000000104308128 0.010555555112659931 1.136842131614685 17.000030517578125
500 0.011500000953674316 0.009444444440305233 1.2176471948623657 14.500021934509277
501 0.01250000111758709 0.009444444440305233 1.3235294818878174 31.600086212158203
502 0.015000000596046448 0.010555555112659931 1.4210526943206787 21.600048065185547
503 0.01250000111758709 0.009444444440305233 1.3235294818878174 14.40002155303955
504 0.01850000023841858 0.010555555112659931 1.752631664276123 36.400020599365234
505 0.014000000432133675 0.009444444440305233 1.4823529720306396 20.90004539489746
506 0.01250000111758709 0.009444444440305233 1.3235294818878174 15.200024604797363
507 0.013000000268220901 0.010555555112659931 1.231579065322876 24.500059127807617
508 0.018000001087784767 0.009444444440305233 1.905882477760315 13.900019645690918
509 0.00950000062584877 0.009444444440305233 1.0058823823928833 13.500018119812012
510 0.01100000087171793 0.010555555112659931 1.0421054363250732 16.700029373168945
511 0.023500001057982445 0.009999999776482582 2.3500001430511475 20.000041961669922
512 0.03400000184774399 0.010555555112659931 3.221052885055542 5.0
513 0.013500001281499863 0.009444444440305233 1.4294118881225586 19.80004119873047
514 0.019999999552965164 0.009444444440305233 2.1176469326019287 29.10007667541504
515 0.016499999910593033 0.009999999776482582 1.649999976158142 24.300058364868164
516 0.013500001281499863 0.009444444440305233 1.4294118881225586 11.2000093460083
517 0.015000000596046448 0.009999999776482582 1.5000001192092896 20.200042724609375
518 0.011500000953674316 0.009444444440305233 1.2176471948623657 22.000049591064453
519 0.00950000062584877 0.009444444440305233 1.0058823823928833 18.60003662109375
520 0.007500000298023224 0.009999999776482582 0.7500000596046448 14.600022315979004
521 0.015000000596046448 0.010555555112659931 1.4210526943206787 10.100005149841309
522 0.01900000125169754 0.009444444440305233 2.0117647647857666 18.100034713745117
523 0.018000001087784767 0.009999999776482582 1.8000001907348633 16.00002670288086
524 0.012000000104308128 0.009444444440305233 1.2705882787704468 21.900049209594727
525 0.016499999910593033 0.010555555112659931 1.5631579160690308 20.10004234313965
526 0.015000000596046448 0.009444444440305233 1.5882353782653809 24.300058364868164
527 0.014500001445412636 0.009444444440305233 1.5352942943572998 17.300031661987305
528 0.00950000062584877 0.009444444440305233 1.0058823823928833 18.30003547668457
529 0.01250000111758709 0.009444444440305233 1.3235294818878174 14.800023078918457
530 0.007000000216066837 0.009444444440305233 0.7411764860153198 25.700063705444336
531 0.012500000186264515 0.009999999776482582 1.25 11.2000093460083
532 0.011500000953674316 0.009444444440305233 1.2176471948623657 10.000004768371582
533 0.009000000543892384 0.009999999776482582 0.9000000953674316 9.400002479553223
534 0.017500001937150955 0.009444444440305233 1.8529413938522339 26.300065994262695
535 0.017000000923871994 0.009444444440305233 1.8000000715255737 24.900060653686523
536 0.011500000953674316 0.009444444440305233 1.2176471948623657 22.40005111694336
537 0.021500002592802048 0.010555555112659931 2.0368423461914062 15.90002727508545
538 0.014500001445412636 0.009999999776482582 1.4500001668930054 26.800067901611328
539 0.011500000953674316 0.009444444440305233 1.2176471948623657 13.400017738342285
540 0.012000000104308128 0.009999999776482582 1.2000000476837158 25.90006446838379
541 0.016499999910593033 0.009999999776482582 1.649999976158142 17.500032424926758
542 0.01600000075995922 0.009999999776482582 1.6000001430511475 22.200050354003906
543 1.0 0.8194444179534912 1.220339059829712 -94.89912414550781
544 0.024500001221895218 0.010555555112659931 2.3210527896881104 3.7000012397766113
545 0.01900000125169754 0.009999999776482582 1.9000002145767212 25.30006217956543
546 0.01250000111758709 0.009444444440305233 1.3235294818878174 19.100038528442383
547 0.015000000596046448 0.009444444440305233 1.5882353782653809 25.800064086914062
548 0.00950000062584877 0.009999999776482582 0.9500001072883606 16.400028228759766
549 0.018000001087784767 0.009444444440305233 1.905882477760315 17.300031661987305
550 0.023000001907348633 0.009999999776482582 2.3000001907348633 30.300081253051758
551 0.020000001415610313 0.009444444440305233 2.117647171020508 3.2000017166137695
552 0.999500036239624 0.9483333230018616 1.0539543628692627 -94.89912414550781
553 0.014500000514090061 0.009999999776482582 1.4500000476837158 16.9000301361084
554 0.015000000596046448 0.010555555112659931 1.4210526943206787 16.100027084350586
555 0.017000000923871994 0.009999999776482582 1.7000001668930054 21.20004653930664
556 0.009999999776482582 0.009999999776482582 1.0 16.500028610229492
557 0.012000000104308128 0.009444444440305233 1.2705882787704468 27.500070571899414
558 0.010999999940395355 0.009444444440305233 1.1647058725357056 19.900041580200195
559 0.016499999910593033 0.009999999776482582 1.649999976158142 18.400035858154297
560 0.012500000186264515 0.009999999776482582 1.25 23.700056076049805
561 0.012500000186264515 0.009444444440305233 1.3235294818878174 14.70002269744873
562 0.012000000104308128 0.009999999776482582 1.2000000476837158 19.50004005432129
563 0.017000000923871994 0.009999999776482582 1.7000001668930054 14.100020408630371
564 0.02199999988079071 0.009444444440305233 2.329411745071411 18.100034713745117
565 0.017500001937150955 0.010555555112659931 1.6578949689865112 20.90004539489746
566 0.026500001549720764 0.009444444440305233 2.805882453918457 4.600000381469727
567 0.012000000104308128 0.009999999776482582 1.2000000476837158 12.200013160705566
568 0.013000000268220901 0.010555555112659931 1.231579065322876 15.100024223327637
569 0.007500000298023224 0.010555555112659931 0.7105263471603394 22.10004997253418
570 0.019999999552965164 0.010555555112659931 1.894736886024475 21.300046920776367
571 0.018000001087784767 0.009999999776482582 1.8000001907348633 20.3000431060791
572 0.9975000619888306 0.8361111283302307 1.1930233240127563 -94.89912414550781
573 0.015500000678002834 0.009999999776482582 1.5500000715255737 14.200020790100098
574 0.011500000953674316 0.009444444440305233 1.2176471948623657 27.90007209777832
575 0.010999999940395355 0.010555555112659931 1.0421053171157837 21.000045776367188
576 0.01600000075995922 0.009444444440305233 1.694117784500122 19.300039291381836
577 0.012500000186264515 0.009444444440305233 1.3235294818878174 23.3000545501709
578 0.011500000953674316 0.009444444440305233 1.2176471948623657 19.900041580200195
579 0.01900000125169754 0.009444444440305233 2.0117647647857666 5.59999942779541
580 0.018000001087784767 0.009999999776482582 1.8000001907348633 16.700029373168945
581 0.01900000125169754 0.009999999776482582 1.9000002145767212 22.900053024291992
582 0.020000001415610313 0.010555555112659931 1.8947370052337646 20.200042724609375
583 1.0 0.8188889026641846 1.2211668491363525 -94.89912414550781
584 0.999000072479248 0.6549999713897705 1.525191068649292 -94.89912414550781
585 0.013500000350177288 0.010555555112659931 1.2789474725723267 22.500051498413086
586 0.010999999940395355 0.009444444440305233 1.1647058725357056 24.200057983398438
587 0.008999999612569809 0.009999999776482582 0.8999999761581421 17.70003318786621
588 0.00800000037997961 0.010555555112659931 0.7578948140144348 22.500051498413086
589 0.013500000350177288 0.009999999776482582 1.350000023841858 20.3000431060791
590 0.014000000432133675 0.009444444440305233 1.4823529720306396 18.200035095214844
591 0.00950000062584877 0.009999999776482582 0.9500001072883606 24.300058364868164
592 0.01900000125169754 0.010555555112659931 1.8000001907348633 5.899999141693115
593 0.013000000268220901 0.009444444440305233 1.3764705657958984 27.400070190429688
594 0.0215000007301569 0.009444444440305233 2.27647066116333 14.000020027160645
595 0.016499999910593033 0.009444444440305233 1.7470588684082031 22.200050354003906
596 0.01250000111758709 0.010555555112659931 1.1842106580734253 20.10004234313965
597 0.013000000268220901 0.009444444440305233 1.3764705657958984 16.700029373168945
598 0.010500000789761543 0.009999999776482582 1.0500000715255737 21.20004653930664
599 0.017500001937150955 0.009999999776482582 1.750000238418579 19.80004119873047
600 0.015500000678002834 0.009444444440305233 1.6411765813827515 20.10004234313965
601 0.0195000022649765 0.009999999776482582 1.950000286102295 23.900056838989258
602 0.02200000174343586 0.010555555112659931 2.0842108726501465 11.2000093460083
603 0.013500001281499863 0.009444444440305233 1.4294118881225586 30.20008087158203
604 0.017000000923871994 0.009444444440305233 1.8000000715255737 11.50001049041748
605 0.014000000432133675 0.010555555112659931 1.3263158798217773 21.900049209594727
606 0.01600000075995922 0.009444444440305233 1.694117784500122 11.2000093460083
607 0.0215000007301569 0.009444444440305233 2.27647066116333 13.200016975402832
608 0.015000000596046448 0.009999999776482582 1.5000001192092896 24.40005874633789
609 0.02200000174343586 0.010555555112659931 2.0842108726501465 22.10004997253418
610 0.013500001281499863 0.010555555112659931 1.2789475917816162 18.90003776550293
611 0.017000000923871994 0.009444444440305233 1.8000000715255737 12.200013160705566
612 0.01850000023841858 0.009999999776482582 1.850000023841858 20.90004539489746
613 0.014500000514090061 0.009999999776482582 1.4500000476837158 22.70005226135254
614 1.0 0.7688888907432556 1.300577998161316 -94.89912414550781
615 0.014000000432133675 0.009999999776482582 1.4000000953674316 11.100008964538574
616 0.01250000111758709 0.009444444440305233 1.3235294818878174 26.7000675201416
617 0.009000000543892384 0.009444444440305233 0.9529412388801575 18.400035858154297
618 0.005499999970197678 0.009999999776482582 0.550000011920929 19.000038146972656
619 0.013500000350177288 0.009999999776482582 1.350000023841858 14.600022315979004
620 0.020500000566244125 0.010555555112659931 1.9421054124832153 11.700011253356934
621 0.007500000298023224 0.010555555112659931 0.7105263471603394 18.500036239624023
622 0.01600000075995922 0.009999999776482582 1.6000001430511475 18.00003433227539
623 0.014500000514090061 0.009444444440305233 1.5352941751480103 22.40005111694336
624 0.015500000678002834 0.009999999776482582 1.5500000715255737 27.60007095336914
625 0.03150000423192978 0.010555555112659931 2.984210968017578 2.500002384185791
626 0.013500000350177288 0.009444444440305233 1.429411768913269 10.900008201599121
627 0.013000000268220901 0.009999999776482582 1.3000000715255737 26.300065994262695
628 0.013500001281499863 0.009444444440305233 1.4294118881225586 11.900012016296387
629 0.010999999940395355 0.009999999776482582 1.100000023841858 7.999997138977051
630 0.016499999910593033 0.010555555112659931 1.5631579160690308 15.90002727508545
631 0.015500000678002834 0.009999999776482582 1.5500000715255737 14.70002269744873
632 0.01600000075995922 0.010555555112659931 1.5157896280288696 22.70005226135254
633 0.010999999940395355 0.009444444440305233 1.1647058725357056 23.50005531311035
634 0.026500001549720764 0.010555555112659931 2.510526657104492 25.500062942504883
635 0.00800000037997961 0.010555555112659931 0.7578948140144348 20.700044631958008
636 0.9930000305175781 0.6088888645172119 1.6308395862579346 -94.89912414550781
637 0.007500000298023224 0.009444444440305233 0.7941176891326904 24.900060653686523
638 0.014500000514090061 0.010555555112659931 1.373684287071228 18.60003662109375
639 0.023000001907348633 0.010555555112659931 2.178947687149048 20.60004425048828
640 0.01900000125169754 0.010555555112659931 1.8000001907348633 19.600040435791016
641 0.014500000514090061 0.009444444440305233 1.5352941751480103 23.200054168701172
642 0.016499999910593033 0.009999999776482582 1.649999976158142 17.600032806396484
643 0.016499999910593033 0.009444444440305233 1.7470588684082031 23.700056076049805
644 0.015000000596046448 0.009999999776482582 1.5000001192092896 25.60006332397461
645 0.009000000543892384 0.009444444440305233 0.9529412388801575 21.600048065185547
646 0.017500001937150955 0.009999999776482582 1.750000238418579 10.300005912780762
647 0.9980000257492065 0.6555555462837219 1.5223729610443115 -94.89912414550781
648 0.013500001281499863 0.009444444440305233 1.4294118881225586 23.700056076049805
649 0.013000000268220901 0.009444444440305233 1.3764705657958984 23.600055694580078
650 0.015500000678002834 0.009999999776482582 1.5500000715255737 18.800037384033203
651 0.01250000111758709 0.009444444440305233 1.3235294818878174 17.200031280517578
652 0.012000000104308128 0.009444444440305233 1.2705882787704468 26.000064849853516
653 0.012000000104308128 0.009999999776482582 1.2000000476837158 26.300065994262695
654 0.021000001579523087 0.009444444440305233 2.223529577255249 21.20004653930664
655 0.016499999910593033 0.010555555112659931 1.5631579160690308 20.000041961669922
656 0.010999999940395355 0.010555555112659931 1.0421053171157837 14.500021934509277
657 0.012000000104308128 0.009444444440305233 1.2705882787704468 24.500059127807617
658 0.013500001281499863 0.009444444440305233 1.4294118881225586 23.200054168701172
659 0.015500000678002834 0.009444444440305233 1.6411765813827515 18.500036239624023
660 1.0 0.8411111235618591 1.188903570175171 -94.89912414550781
661 0.015000000596046448 0.009999999776482582 1.5000001192092896 20.800045013427734
662 0.013000000268220901 0.009999999776482582 1.3000000715255737 15.90002727508545
663 0.023000001907348633 0.010555555112659931 2.178947687149048 21.400047302246094
664 0.017000000923871994 0.010555555112659931 1.610526442527771 25.90006446838379
665 0.021000001579523087 0.010555555112659931 1.9894739389419556 23.100053787231445
666 0.014000000432133675 0.009999999776482582 1.4000000953674316 32.00008773803711
667 0.00950000062584877 0.009999999776482582 0.9500001072883606 13.400017738342285
668 0.021000001579523087 0.009444444440305233 2.223529577255249 0.3000025153160095
669 0.015500000678002834 0.009999999776482582 1.5500000715255737 19.100038528442383
670 0.01250000111758709 0.009999999776482582 1.2500001192092896 20.60004425048828
671 0.01100000087171793 0.009999999776482582 1.1000001430511475 16.200027465820312
672 0.017000000923871994 0.010555555112659931 1.610526442527771 20.200042724609375
673 0.01600000075995922 0.009444444440305233 1.694117784500122 27.00006866455078
674 0.020500000566244125 0.010555555112659931 1.9421054124832153 19.900041580200195
675 0.026500001549720764 0.010555555112659931 2.510526657104492 4.700000286102295
676 0.013000000268220901 0.010555555112659931 1.231579065322876 25.200061798095703
677 0.013500001281499863 0.010555555112659931 1.2789475917816162 26.800067901611328
678 0.014500000514090061 0.009444444440305233 1.5352941751480103 24.70005989074707
679 0.018000001087784767 0.009444444440305233 1.905882477760315 19.700040817260742
680 0.008500000461935997 0.009444444440305233 0.9000000357627869 21.600048065185547
681 0.013000000268220901 0.009999999776482582 1.3000000715255737 25.60006332397461
682 0.015500000678002834 0.009444444440305233 1.6411765813827515 19.100038528442383
683 0.018000001087784767 0.009444444440305233 1.905882477760315 23.100053787231445
684 0.017000000923871994 0.009444444440305233 1.8000000715255737 18.100034713745117
685 0.020500000566244125 0.010555555112659931 1.9421054124832153 1.4000027179718018
686 0.014000000432133675 0.010555555112659931 1.3263158798217773 15.200024604797363
687 0.00800000037997961 0.009444444440305233 0.847058892250061 22.800052642822266
688 0.010999999940395355 0.010555555112659931 1.0421053171157837 18.200035095214844
689 0.017000000923871994 0.009999999776482582 1.7000001668930054 16.100027084350586
690 0.030000001192092896 0.009444444440305233 3.1764707565307617 3.2000017166137695
691 0.013000000268220901 0.009444444440305233 1.3764705657958984 25.400062561035156
692 1.0 0.7616666555404663 1.3129103183746338 -94.89912414550781
693 0.015000000596046448 0.010555555112659931 1.4210526943206787 16.100027084350586
694 0.02250000089406967 0.009444444440305233 2.3823530673980713 18.700037002563477
695 0.017000000923871994 0.009999999776482582 1.7000001668930054 14.800023078918457
696 0.010500000789761543 0.009999999776482582 1.0500000715255737 24.000057220458984
697 0.009999999776482582 0.009444444440305233 1.0588234663009644 19.700040817260742
698 0.017000000923871994 0.010555555112659931 1.610526442527771 22.000049591064453
699 0.009000000543892384 0.010555555112659931 0.852631688117981 12.40001392364502
700 0.014500000514090061 0.009999999776482582 1.4500000476837158 12.500014305114746
701 0.019500000402331352 0.009444444440305233 2.0647058486938477 24.40005874633789
702 0.010000000707805157 0.009444444440305233 1.058823585510254 28.2000732421875
703 0.015500000678002834 0.009999999776482582 1.5500000715255737 18.400035858154297
704 0.013000000268220901 0.009444444440305233 1.3764705657958984 22.000049591064453
705 0.01600000075995922 0.009444444440305233 1.694117784500122 23.700056076049805
706 0.018000001087784767 0.009999999776482582 1.8000001907348633 22.500051498413086
707 0.020500000566244125 0.009999999776482582 2.0500001907348633 17.300031661987305
708 0.010999999940395355 0.009444444440305233 1.1647058725357056 0.5000025033950806
709 0.013500000350177288 0.009444444440305233 1.429411768913269 17.800033569335938
710 0.01600000075995922 0.009999999776482582 1.6000001430511475 25.700063705444336
711 0.021000001579523087 0.010555555112659931 1.9894739389419556 20.200042724609375
712 0.013500000350177288 0.009444444440305233 1.429411768913269 15.500025749206543
713 0.012500000186264515 0.009999999776482582 1.25 11.100008964538574
714 0.012000000104308128 0.009999999776482582 1.2000000476837158 18.90003776550293
715 0.016499999910593033 0.009444444440305233 1.7470588684082031 13.100016593933105
716 0.010999999940395355 0.009444444440305233 1.1647058725357056 22.600051879882812
717 0.008500000461935997 0.009999999776482582 0.8500000834465027 19.900041580200195
718 0.015000000596046448 0.009444444440305233 1.5882353782653809 11.700011253356934
719 0.013000000268220901 0.009999999776482582 1.3000000715255737 23.200054168701172
720 0.015500000678002834 0.009999999776482582 1.5500000715255737 28.50007438659668
721 0.027499999850988388 0.009999999776482582 2.75 9.300002098083496
722 0.011500000953674316 0.009999999776482582 1.1500000953674316 21.100046157836914
723 0.017500001937150955 0.009999999776482582 1.750000238418579 26.300065994262695
724 0.01600000075995922 0.009999999776482582 1.6000001430511475 17.70003318786621
725 0.012000000104308128 0.009444444440305233 1.2705882787704468 20.500043869018555
726 0.013000000268220901 0.009444444440305233 1.3764705657958984 25.100061416625977
727 1.0 0.9233333468437195 1.083032488822937 -94.89912414550781
728 0.017500001937150955 0.009999999776482582 1.750000238418579 16.200027465820312
729 0.015500001609325409 0.009444444440305233 1.641176700592041 15.60002613067627
730 0.013500000350177288 0.010555555112659931 1.2789474725723267 20.90004539489746
731 0.012000000104308128 0.009999999776482582 1.2000000476837158 17.900033950805664
732 0.021000001579523087 0.009444444440305233 2.223529577255249 29.500078201293945
733 0.012000000104308128 0.010555555112659931 1.136842131614685 27.60007095336914
734 0.020500000566244125 0.010555555112659931 1.9421054124832153 13.600018501281738
735 0.01250000111758709 0.010555555112659931 1.1842106580734253 18.800037384033203
736 0.013000000268220901 0.009444444440305233 1.3764705657958984 24.600059509277344
737 0.015000000596046448 0.009444444440305233 1.5882353782653809 26.7000675201416
738 0.020500000566244125 0.009999999776482582 2.0500001907348633 21.600048065185547
739 0.01900000125169754 0.009999999776482582 1.9000002145767212 16.500028610229492
740 0.010000000707805157 0.009444444440305233 1.058823585510254 18.100034713745117
741 1.0 0.8999999761581421 1.1111111640930176 -94.89912414550781
742 0.010999999940395355 0.009444444440305233 1.1647058725357056 13.500018119812012
743 0.009000000543892384 0.009444444440305233 0.9529412388801575 31.900087356567383
744 0.015500000678002834 0.009444444440305233 1.6411765813827515 21.700048446655273
745 0.010500000789761543 0.009999999776482582 1.0500000715255737 21.800048828125
746 0.013000000268220901 0.009999999776482582 1.3000000715255737 26.300065994262695
747 0.008500000461935997 0.010555555112659931 0.8052632212638855 17.300031661987305
748 0.008500000461935997 0.010555555112659931 0.8052632212638855 23.400054931640625
749 0.011500000953674316 0.009999999776482582 1.1500000953674316 12.40001392364502
750 0.012000000104308128 0.009999999776482582 1.2000000476837158 22.300050735473633
751 0.014000000432133675 0.009999999776482582 1.4000000953674316 22.10004997253418
752 0.01850000023841858 0.009444444440305233 1.958823561668396 19.400039672851562
753 0.01600000075995922 0.009999999776482582 1.6000001430511475 18.200035095214844
754 0.01600000075995922 0.009444444440305233 1.694117784500122 21.900049209594727
755 0.01600000075995922 0.010555555112659931 1.5157896280288696 25.800064086914062
756 0.015000000596046448 0.009444444440305233 1.5882353782653809 22.900053024291992
757 0.01600000075995922 0.009444444440305233 1.694117784500122 22.000049591064453
758 0.01600000075995922 0.009444444440305233 1.694117784500122 17.600032806396484
759 0.015000000596046448 0.010555555112659931 1.4210526943206787 16.100027084350586
760 0.01250000111758709 0.009999999776482582 1.2500001192092896 16.30002784729004
761 0.026000000536441803 0.010555555112659931 2.463158130645752 3.7000012397766113
762 0.017500001937150955 0.009999999776482582 1.750000238418579 9.400002479553223
763 0.01600000075995922 0.009444444440305233 1.694117784500122 22.10004997253418
764 0.015500001609325409 0.010555555112659931 1.468421220779419 19.100038528442383
765 0.012500000186264515 0.009999999776482582 1.25 19.20003890991211
766 0.015000000596046448 0.010555555112659931 1.4210526943206787 20.10004234313965
767 0.01850000023841858 0.009999999776482582 1.850000023841858 15.200024604797363
768 0.00950000062584877 0.009444444440305233 1.0058823823928833 24.300058364868164
769 0.013000000268220901 0.009444444440305233 1.3764705657958984 27.00006866455078
770 0.009999999776482582 0.010555555112659931 0.9473684430122375 20.000041961669922
771 0.013500001281499863 0.009444444440305233 1.4294118881225586 22.40005111694336
772 0.017000000923871994 0.009999999776482582 1.7000001668930054 15.800026893615723
773 0.017000000923871994 0.009444444440305233 1.8000000715255737 23.3000545501709
774 0.013000000268220901 0.009999999776482582 1.3000000715255737 16.60002899169922
775 0.01900000125169754 0.010555555112659931 1.8000001907348633 5.099999904632568
776 0.012000000104308128 0.009999999776482582 1.2000000476837158 19.900041580200195
777 0.020500000566244125 0.009444444440305233 2.170588254928589 25.400062561035156
778 0.01250000111758709 0.009444444440305233 1.3235294818878174 24.000057220458984
779 0.008500000461935997 0.009444444440305233 0.9000000357627869 21.900049209594727
780 0.01900000125169754 0.009444444440305233 2.0117647647857666 19.100038528442383
781 0.01250000111758709 0.009999999776482582 1.2500001192092896 21.50004768371582
782 0.012000000104308128 0.010555555112659931 1.136842131614685 9.400002479553223
783 0.01900000125169754 0.009444444440305233 2.0117647647857666 25.200061798095703
784 0.016499999910593033 0.009444444440305233 1.7470588684082031 23.900056838989258
785 0.00950000062584877 0.009444444440305233 1.0058823823928833 24.70005989074707
786 0.020500000566244125 0.009999999776482582 2.0500001907348633 14.600022315979004
787 0.020500000566244125 0.009999999776482582 2.0500001907348633 12.500014305114746
788 0.01600000075995922 0.009444444440305233 1.694117784500122 11.80001163482666
789 0.013500001281499863 0.009444444440305233 1.4294118881225586 18.100034713745117
790 0.013000000268220901 0.009999999776482582 1.3000000715255737 15.200024604797363
791 0.012000000104308128 0.010555555112659931 1.136842131614685 25.00006103515625
792 0.016500001773238182 0.010555555112659931 1.5631581544876099 7.0999979972839355
793 0.013000000268220901 0.010555555112659931 1.231579065322876 28.700075149536133
794 0.011500000953674316 0.009444444440305233 1.2176471948623657 22.70005226135254
795 0.014000000432133675 0.009444444440305233 1.4823529720306396 26.800067901611328
796 0.010999999940395355 0.009444444440305233 1.1647058725357056 14.100020408630371
797 0.01600000075995922 0.010555555112659931 1.5157896280288696 32.1000862121582
798 0.023000001907348633 0.010555555112659931 2.178947687149048 7.599997520446777
799 0.013500001281499863 0.010555555112659931 1.2789475917816162 24.40005874633789
800 0.010500000789761543 0.009444444440305233 1.1117647886276245 36.30002212524414
801 0.0195000022649765 0.010555555112659931 1.8473687171936035 13.900019645690918
802 0.011500000953674316 0.009444444440305233 1.2176471948623657 26.100065231323242
803 0.0195000022649765 0.009999999776482582 1.950000286102295 22.10004997253418
804 0.011500000953674316 0.009999999776482582 1.1500000953674316 25.700063705444336
805 0.010500000789761543 0.009444444440305233 1.1117647886276245 19.80004119873047
806 0.015000000596046448 0.009444444440305233 1.5882353782653809 24.300058364868164
807 0.010500000789761543 0.009999999776482582 1.0500000715255737 17.600032806396484
808 0.011500000953674316 0.009444444440305233 1.2176471948623657 25.60006332397461
809 0.012000000104308128 0.009444444440305233 1.2705882787704468 24.40005874633789
810 0.01850000023841858 0.009444444440305233 1.958823561668396 21.400047302246094
811 0.0195000022649765 0.009999999776482582 1.950000286102295 10.400006294250488
812 0.009999999776482582 0.009444444440305233 1.0588234663009644 24.500059127807617
813 0.01250000111758709 0.009999999776482582 1.2500001192092896 21.000045776367188
814 0.0195000022649765 0.009444444440305233 2.0647060871124268 13.400017738342285
815 0.023500001057982445 0.010555555112659931 2.226315975189209 25.400062561035156
816 0.01600000075995922 0.009444444440305233 1.694117784500122 22.40005111694336
817 0.017500001937150955 0.010555555112659931 1.6578949689865112 22.10004997253418
818 0.02199999988079071 0.009999999776482582 2.200000047683716 22.000049591064453
819 0.010000000707805157 0.009444444440305233 1.058823585510254 24.300058364868164
820 0.018000001087784767 0.009444444440305233 1.905882477760315 27.400070190429688
821 0.023500001057982445 0.009444444440305233 2.4882354736328125 27.200069427490234
822 0.010500000789761543 0.009999999776482582 1.0500000715255737 20.200042724609375
823 0.013000000268220901 0.009444444440305233 1.3764705657958984 28.000072479248047
824 0.023000001907348633 0.009999999776482582 2.3000001907348633 18.30003547668457
825 0.017500001937150955 0.010555555112659931 1.6578949689865112 25.500062942504883
826 0.017999999225139618 0.009444444440305233 1.9058822393417358 24.500059127807617
827 0.008500000461935997 0.009444444440305233 0.9000000357627869 25.60006332397461
828 0.015500000678002834 0.009444444440305233 1.6411765813827515 9.300002098083496
829 0.020000001415610313 0.009444444440305233 2.117647171020508 18.700037002563477
830 0.009999999776482582 0.010555555112659931 0.9473684430122375 10.000004768371582
831 0.015000000596046448 0.009999999776482582 1.5000001192092896 3.2000017166137695
832 0.023000001907348633 0.009444444440305233 2.4352943897247314 23.600055694580078
833 0.012000001035630703 0.009444444440305233 1.2705883979797363 12.10001277923584
834 0.020000001415610313 0.009444444440305233 2.117647171020508 11.300009727478027
835 0.010000000707805157 0.009444444440305233 1.058823585510254 9.100001335144043
836 0.010000000707805157 0.010555555112659931 0.9473685026168823 23.900056838989258
837 0.0215000007301569 0.009999999776482582 2.1500000953674316 26.20006561279297
838 0.013500001281499863 0.010555555112659931 1.2789475917816162 12.900015830993652
839 0.015000000596046448 0.009444444440305233 1.5882353782653809 18.100034713745117
840 0.014000000432133675 0.010555555112659931 1.3263158798217773 14.000020027160645
841 0.013000001199543476 0.009444444440305233 1.376470685005188 26.000064849853516
842 0.014000000432133675 0.009999999776482582 1.4000000953674316 16.800029754638672
843 0.014000000432133675 0.009444444440305233 1.4823529720306396 14.100020408630371
844 0.013500001281499863 0.010555555112659931 1.2789475917816162 26.7000675201416
845 0.016499999910593033 0.010555555112659931 1.5631579160690308 4.500000476837158
846 0.014000000432133675 0.009444444440305233 1.4823529720306396 25.60006332397461
847 0.012500000186264515 0.009444444440305233 1.3235294818878174 11.900012016296387
848 0.014500000514090061 0.009444444440305233 1.5352941751480103 18.90003776550293
849 0.013000000268220901 0.010555555112659931 1.231579065322876 26.800067901611328
850 0.013500001281499863 0.009444444440305233 1.4294118881225586 17.10003089904785
851 0.013500001281499863 0.009444444440305233 1.4294118881225586 26.400066375732422
852 0.00950000062584877 0.009999999776482582 0.9500001072883606 22.70005226135254
853 0.013000000268220901 0.009999999776482582 1.3000000715255737 18.500036239624023
854 0.020500000566244125 0.009444444440305233 2.170588254928589 21.20004653930664
855 0.013000000268220901 0.009999999776482582 1.3000000715255737 23.200054168701172
856 0.015500000678002834 0.009999999776482582 1.5500000715255737 22.40005111694336
857 0.010999999940395355 0.009999999776482582 1.100000023841858 20.200042724609375
858 0.014000000432133675 0.010555555112659931 1.3263158798217773 15.800026893615723
859 0.0195000022649765 0.009999999776482582 1.950000286102295 21.20004653930664
860 0.020000001415610313 0.009999999776482582 2.000000238418579 16.60002899169922
861 0.014500000514090061 0.009999999776482582 1.4500000476837158 29.500078201293945
862 0.015500000678002834 0.009444444440305233 1.6411765813827515 20.500043869018555
863 0.010500000789761543 0.009999999776482582 1.0500000715255737 11.100008964538574
864 0.010999999940395355 0.009444444440305233 1.1647058725357056 19.600040435791016
865 0.00800000037997961 0.009444444440305233 0.847058892250061 26.20006561279297
866 0.013500000350177288 0.009999999776482582 1.350000023841858 21.300046920776367
867 0.016499999910593033 0.009444444440305233 1.7470588684082031 7.699997425079346
868 0.011500000953674316 0.010555555112659931 1.089473843574524 23.100053787231445
869 0.01600000075995922 0.009444444440305233 1.694117784500122 17.70003318786621
870 0.01850000023841858 0.009444444440305233 1.958823561668396 21.100046157836914
871 0.018000001087784767 0.009444444440305233 1.905882477760315 14.900023460388184
872 0.01600000075995922 0.009444444440305233 1.694117784500122 31.10008430480957
873 0.007500000298023224 0.009999999776482582 0.7500000596046448 15.500025749206543
874 0.01900000125169754 0.009444444440305233 2.0117647647857666 25.60006332397461
875 0.012000000104308128 0.010555555112659931 1.136842131614685 14.600022315979004
876 0.01850000023841858 0.010555555112659931 1.752631664276123 19.50004005432129
877 0.012000000104308128 0.010555555112659931 1.136842131614685 19.400039672851562
878 0.0195000022649765 0.009444444440305233 2.0647060871124268 5.59999942779541
879 0.015000000596046448 0.009999999776482582 1.5000001192092896 19.100038528442383
880 0.012000000104308128 0.009444444440305233 1.2705882787704468 18.30003547668457
881 0.014000000432133675 0.009444444440305233 1.4823529720306396 23.50005531311035
882 0.012000000104308128 0.009999999776482582 1.2000000476837158 7.199997901916504
883 1.0 0.9277777671813965 1.0778443813323975 -94.89912414550781
884 0.030500002205371857 0.010555555112659931 2.8894739151000977 9.50000286102295
885 0.009000000543892384 0.010555555112659931 0.852631688117981 20.700044631958008
886 0.013000000268220901 0.009444444440305233 1.3764705657958984 20.800045013427734
887 0.010500000789761543 0.009999999776482582 1.0500000715255737 22.900053024291992
888 0.015000000596046448 0.009444444440305233 1.5882353782653809 19.50004005432129
889 0.014000000432133675 0.009444444440305233 1.4823529720306396 24.70005989074707
890 0.012500000186264515 0.009444444440305233 1.3235294818878174 25.200061798095703
891 0.015000000596046448 0.009999999776482582 1.5000001192092896 13.200016975402832
892 0.017000000923871994 0.009444444440305233 1.8000000715255737 21.700048446655273
893 0.0195000022649765 0.010555555112659931 1.8473687171936035 27.200069427490234
894 0.012500000186264515 0.010555555112659931 1.1842105388641357 10.400006294250488
895 0.013000000268220901 0.009444444440305233 1.3764705657958984 16.60002899169922
896 0.016499999910593033 0.009444444440305233 1.7470588684082031 16.60002899169922
897 0.012000000104308128 0.010555555112659931 1.136842131614685 15.800025939941406
898 0.0215000007301569 0.009999999776482582 2.1500000953674316 22.70005226135254
899 0.01250000111758709 0.010555555112659931 1.1842106580734253 8.90000057220459
900 0.01900000125169754 0.009444444440305233 2.0117647647857666 20.90004539489746
901 0.023500001057982445 0.009999999776482582 2.3500001430511475 13.000016212463379
902 0.021500002592802048 0.009444444440305233 2.276470899581909 24.40005874633789
903 0.015000000596046448 0.009999999776482582 1.5000001192092896 12.600014686584473
904 0.023500001057982445 0.009999999776482582 2.3500001430511475 21.50004768371582
905 0.013000000268220901 0.009999999776482582 1.3000000715255737 22.000049591064453
906 0.01600000075995922 0.009999999776482582 1.6000001430511475 32.00008773803711
907 0.016499999910593033 0.009444444440305233 1.7470588684082031 12.7000150680542
908 0.017000000923871994 0.010555555112659931 1.610526442527771 23.50005531311035
909 0.016499999910593033 0.009999999776482582 1.649999976158142 19.700040817260742
910 0.011500000953674316 0.010555555112659931 1.089473843574524 17.10003089904785
911 0.016499999910593033 0.009444444440305233 1.7470588684082031 19.80004119873047
912 0.01250000111758709 0.010555555112659931 1.1842106580734253 23.400054931640625
913 0.013000000268220901 0.010555555112659931 1.231579065322876 26.300065994262695
914 0.021000001579523087 0.010555555112659931 1.9894739389419556 16.100027084350586
915 0.015500000678002834 0.009444444440305233 1.6411765813827515 21.000045776367188
916 0.01600000075995922 0.010555555112659931 1.5157896280288696 13.900019645690918
917 0.01600000075995922 0.010555555112659931 1.5157896280288696 17.300031661987305
918 0.01850000023841858 0.009444444440305233 1.958823561668396 23.50005531311035
919 0.012000000104308128 0.009444444440305233 1.2705882787704468 20.90004539489746
920 0.01600000075995922 0.009999999776482582 1.6000001430511475 19.80004119873047
921 0.017500001937150955 0.009444444440305233 1.8529413938522339 22.10004997253418
922 0.01900000125169754 0.009999999776482582 1.9000002145767212 33.500064849853516
923 0.01850000023841858 0.010555555112659931 1.752631664276123 14.200020790100098
924 0.017000000923871994 0.009444444440305233 1.8000000715255737 29.7000789642334
925 1.0 0.7011111378669739 1.4263074398040771 -94.89912414550781
926 0.017500001937150955 0.009444444440305233 1.8529413938522339 23.900056838989258
927 0.03200000151991844 0.009999999776482582 3.200000286102295 5.0
928 0.010999999940395355 0.009444444440305233 1.1647058725357056 22.900053024291992
929 0.014000000432133675 0.009444444440305233 1.4823529720306396 15.200024604797363
930 0.011500000953674316 0.010555555112659931 1.089473843574524 22.600051879882812
931 0.01850000023841858 0.009999999776482582 1.850000023841858 11.300009727478027
932 0.016499999910593033 0.010555555112659931 1.5631579160690308 10.700007438659668
933 0.017000000923871994 0.009444444440305233 1.8000000715255737 21.800048828125
934 0.013500000350177288 0.009444444440305233 1.429411768913269 21.20004653930664
935 0.017000000923871994 0.010555555112659931 1.610526442527771 17.200031280517578
936 0.00800000037997961 0.009444444440305233 0.847058892250061 21.100046157836914
937 0.021000001579523087 0.009444444440305233 2.223529577255249 9.50000286102295
938 0.011500000953674316 0.009444444440305233 1.2176471948623657 28.400074005126953
939 0.023000001907348633 0.010555555112659931 2.178947687149048 4.500000476837158
940 0.014000000432133675 0.010555555112659931 1.3263158798217773 9.20000171661377
941 0.01900000125169754 0.009444444440305233 2.0117647647857666 17.900033950805664
942 0.010999999940395355 0.009444444440305233 1.1647058725357056 25.400062561035156
943 0.013500000350177288 0.010555555112659931 1.2789474725723267 26.300065994262695
944 0.013500000350177288 0.009999999776482582 1.350000023841858 17.900033950805664
945 0.014000000432133675 0.009444444440305233 1.4823529720306396 11.600010871887207
946 0.01100000087171793 0.009999999776482582 1.1000001430511475 27.100069046020508
947 0.016499999910593033 0.009999999776482582 1.649999976158142 17.70003318786621
948 1.0 0.6588888764381409 1.5177066326141357 -94.89912414550781
949 0.00950000062584877 0.009444444440305233 1.0058823823928833 23.100053787231445
950 0.016499999910593033 0.009999999776482582 1.649999976158142 24.300058364868164
951 0.01600000075995922 0.009444444440305233 1.694117784500122 14.000020027160645
952 0.013500001281499863 0.009999999776482582 1.3500001430511475 0.5000025033950806
953 0.015500000678002834 0.009999999776482582 1.5500000715255737 16.9000301361084
954 0.01600000075995922 0.009999999776482582 1.6000001430511475 16.400028228759766
955 0.010000000707805157 0.009444444440305233 1.058823585510254 20.3000431060791
956 0.018000001087784767 0.009444444440305233 1.905882477760315 14.100020408630371
957 0.023500001057982445 0.009999999776482582 2.3500001430511475 5.0
958 0.009000000543892384 0.009444444440305233 0.9529412388801575 13.800019264221191
959 0.012000000104308128 0.010555555112659931 1.136842131614685 14.100020408630371
960 0.017000000923871994 0.009999999776482582 1.7000001668930054 6.899998188018799
961 0.02850000001490116 0.009999999776482582 2.8500001430511475 8.499999046325684
962 0.016499999910593033 0.010555555112659931 1.5631579160690308 22.70005226135254
963 0.02199999988079071 0.009444444440305233 2.329411745071411 4.40000057220459
964 0.020500000566244125 0.009999999776482582 2.0500001907348633 21.100046157836914
965 0.011500000953674316 0.009444444440305233 1.2176471948623657 20.90004539489746
966 1.0 0.9700000286102295 1.0309277772903442 -94.89912414550781
967 0.015500000678002834 0.009999999776482582 1.5500000715255737 13.800019264221191
968 0.00950000062584877 0.009444444440305233 1.0058823823928833 25.90006446838379
969 0.011500000953674316 0.009444444440305233 1.2176471948623657 19.700040817260742
970 0.01250000111758709 0.010555555112659931 1.1842106580734253 11.2000093460083
971 0.017000000923871994 0.009444444440305233 1.8000000715255737 20.3000431060791
972 0.01850000023841858 0.009444444440305233 1.958823561668396 26.100065231323242
973 0.012000000104308128 0.010555555112659931 1.136842131614685 31.200084686279297
974 0.01250000111758709 0.009999999776482582 1.2500001192092896 26.900068283081055
975 0.017500001937150955 0.010555555112659931 1.6578949689865112 28.50007438659668
976 0.01600000075995922 0.009444444440305233 1.694117784500122 16.30002784729004
977 0.01250000111758709 0.009999999776482582 1.2500001192092896 12.200013160705566
978 0.009999999776482582 0.009444444440305233 1.0588234663009644 25.90006446838379
979 0.00800000037997961 0.009444444440305233 0.847058892250061 18.00003433227539
980 0.011500000953674316 0.010555555112659931 1.089473843574524 25.400062561035156
981 0.010500000789761543 0.009999999776482582 1.0500000715255737 24.70005989074707
982 0.013500000350177288 0.010555555112659931 1.2789474725723267 24.000057220458984
983 0.015000000596046448 0.009444444440305233 1.5882353782653809 14.000020027160645
984 0.012000000104308128 0.009444444440305233 1.2705882787704468 18.100034713745117
985 0.01600000075995922 0.010555555112659931 1.5157896280288696 23.00005340576172
986 0.013500000350177288 0.009444444440305233 1.429411768913269 25.200061798095703
987 0.010999999940395355 0.009999999776482582 1.100000023841858 24.40005874633789
988 0.017500000074505806 0.009444444440305233 1.8529411554336548 17.300031661987305
989 0.01600000075995922 0.010555555112659931 1.5157896280288696 20.90004539489746
990 0.01900000125169754 0.009999999776482582 1.9000002145767212 16.60002899169922
991 0.017000000923871994 0.009999999776482582 1.7000001668930054 7.399997711181641
992 0.01600000075995922 0.009999999776482582 1.6000001430511475 20.90004539489746
993 0.010500000789761543 0.010555555112659931 0.9947369694709778 9.20000171661377
994 0.015000000596046448 0.009999999776482582 1.5000001192092896 19.80004119873047
995 0.00800000037997961 0.009999999776482582 0.8000000715255737 21.400047302246094
996 0.013500000350177288 0.009444444440305233 1.429411768913269 20.700044631958008
997 0.018000001087784767 0.009999999776482582 1.8000001907348633 22.600051879882812
998 0.013000000268220901 0.010555555112659931 1.231579065322876 30.400081634521484
999 0.018000001087784767 0.009999999776482582 1.8000001907348633 14.900023460388184
1000 0.011500000953674316 0.009999999776482582 1.1500000953674316 10.900008201599121
