1 0.00800000037997961 0.010555555112659931 0.7578948140144348 26.300065994262695 0.0
2 0.011500000953674316 0.010555555112659931 1.089473843574524 41.09994888305664 0.0
3 0.015500000678002834 0.009999999776482582 1.5500000715255737 21.800048828125 0.0
4 0.017500001937150955 0.009999999776482582 1.750000238418579 26.50006675720215 0.0
5 0.016499999910593033 0.009444444440305233 1.7470588684082031 28.100072860717773 0.0
6 0.014500000514090061 0.009999999776482582 1.4500000476837158 25.90006446838379 0.0
7 0.012000000104308128 0.009999999776482582 1.2000000476837158 20.3000431060791 0.0
8 0.02199999988079071 0.009444444440305233 2.329411745071411 26.100065231323242 0.0
9 0.015500000678002834 0.009999999776482582 1.5500000715255737 23.400054931640625 0.0
10 0.009999999776482582 0.009999999776482582 1.0 25.700063705444336 0.0
11 0.016499999910593033 0.010555555112659931 1.5631579160690308 28.900075912475586 0.0
12 0.015000000596046448 0.009444444440305233 1.5882353782653809 28.2000732421875 0.0
13 0.01900000125169754 0.009444444440305233 2.0117647647857666 21.700048446655273 0.0
14 0.010500000789761543 0.010555555112659931 0.9947369694709778 30.20008087158203 0.0
15 0.01600000075995922 0.009444444440305233 1.694117784500122 26.100065231323242 0.0
16 0.018000001087784767 0.010555555112659931 1.705263376235962 21.900049209594727 0.0
17 0.012000000104308128 0.010555555112659931 1.136842131614685 19.80004119873047 0.0
18 0.017000000923871994 0.009444444440305233 1.8000000715255737 25.100061416625977 0.0
19 0.021000001579523087 0.009444444440305233 2.223529577255249 6.499998569488525 0.0
20 0.010500000789761543 0.009999999776482582 1.0500000715255737 28.50007438659668 0.0
21 0.012000000104308128 0.009999999776482582 1.2000000476837158 6.599998474121094 0.0
22 0.01600000075995922 0.010555555112659931 1.5157896280288696 22.70005226135254 0.0
23 0.014500000514090061 0.009999999776482582 1.4500000476837158 26.400066375732422 0.0
24 0.012000000104308128 0.009444444440305233 1.2705882787704468 33.200069427490234 0.0
25 0.01600000075995922 0.010555555112659931 1.5157896280288696 24.10005760192871 0.0
26 0.00950000062584877 0.010555555112659931 0.9000000953674316 23.80005645751953 0.0
27 0.013500001281499863 0.010555555112659931 1.2789475917816162 13.100016593933105 0.0
28 0.010500000789761543 0.009444444440305233 1.1117647886276245 36.30002212524414 0.0
29 0.012000000104308128 0.010555555112659931 1.136842131614685 27.500070571899414 0.0
30 0.004999999888241291 0.009444444440305233 0.5294117331504822 17.40003204345703 0.0
31 0.014000000432133675 0.009444444440305233 1.4823529720306396 29.600078582763672 0.0
32 0.010500000789761543 0.010555555112659931 0.9947369694709778 18.30003547668457 0.0
33 0.00950000062584877 0.009444444440305233 1.0058823823928833 29.10007667541504 0.0
34 0.015000000596046448 0.010555555112659931 1.4210526943206787 22.40005111694336 0.0
35 0.014500001445412636 0.009999999776482582 1.4500001668930054 29.000076293945312 0.0
36 0.00950000062584877 0.010555555112659931 0.9000000953674316 21.300046920776367 0.0
37 0.013500001281499863 0.010555555112659931 1.2789475917816162 22.200050354003906 0.0
38 0.016499999910593033 0.009444444440305233 1.7470588684082031 23.700056076049805 0.0
39 0.012000000104308128 0.010555555112659931 1.136842131614685 27.100069046020508 0.0
40 0.011500000953674316 0.009999999776482582 1.1500000953674316 26.100065231323242 0.0
41 0.011500000953674316 0.009999999776482582 1.1500000953674316 16.60002899169922 0.0
42 0.014000000432133675 0.009444444440305233 1.4823529720306396 16.200027465820312 0.0
43 0.014000000432133675 0.009999999776482582 1.4000000953674316 26.300065994262695 0.0
44 0.010500000789761543 0.010555555112659931 0.9947369694709778 20.10004234313965 0.0
45 0.016500001773238182 0.009444444440305233 1.7470589876174927 10.800007820129395 0.0
46 0.017000000923871994 0.009999999776482582 1.7000001668930054 29.000076293945312 0.0
47 0.015500000678002834 0.009444444440305233 1.6411765813827515 15.30002498626709 0.0
48 0.010500000789761543 0.009444444440305233 1.1117647886276245 33.8000602722168 0.0
49 0.015500000678002834 0.009444444440305233 1.6411765813827515 19.600040435791016 0.0
50 0.013000000268220901 0.009444444440305233 1.3764705657958984 31.800086975097656 0.0
51 0.014000000432133675 0.010555555112659931 1.3263158798217773 30.50008201599121 0.0
52 0.015500000678002834 0.009999999776482582 1.5500000715255737 29.500078201293945 0.0
53 0.020500000566244125 0.010555555112659931 1.9421054124832153 29.800079345703125 0.0
54 0.016499999910593033 0.009999999776482582 1.649999976158142 23.600055694580078 0.0
55 0.012000000104308128 0.010555555112659931 1.136842131614685 27.100069046020508 0.0
56 0.0195000022649765 0.009444444440305233 2.0647060871124268 27.00006866455078 0.0
57 0.013500001281499863 0.010555555112659931 1.2789475917816162 37.999996185302734 0.0
58 0.012500000186264515 0.009999999776482582 1.25 23.00005340576172 0.0
59 0.01600000075995922 0.010555555112659931 1.5157896280288696 24.70005989074707 0.0
60 0.014000000432133675 0.009444444440305233 1.4823529720306396 16.9000301361084 0.0
61 0.010000000707805157 0.009444444440305233 1.058823585510254 22.70005226135254 0.0
62 0.011500000953674316 0.010555555112659931 1.089473843574524 20.500043869018555 0.0
63 0.9940000772476196 0.7099999785423279 1.4000000953674316 -94.89912414550781 7.071068102959543e-05
64 0.010999999940395355 0.009999999776482582 1.100000023841858 13.000016212463379 0.0
65 0.01250000111758709 0.010555555112659931 1.1842106580734253 29.90007972717285 0.0
66 0.01850000023841858 0.010555555112659931 1.752631664276123 14.600022315979004 0.0
67 0.014000000432133675 0.010555555112659931 1.3263158798217773 29.90007972717285 0.0
68 0.014000000432133675 0.010555555112659931 1.3263158798217773 30.000080108642578 0.0
69 0.010999999940395355 0.009444444440305233 1.1647058725357056 31.500085830688477 0.0
70 0.017999999225139618 0.009444444440305233 1.9058822393417358 24.800060272216797 0.0
71 0.012000000104308128 0.010555555112659931 1.136842131614685 24.800060272216797 0.0
72 0.017500001937150955 0.009444444440305233 1.8529413938522339 36.50001907348633 0.0
73 0.021000001579523087 0.009444444440305233 2.223529577255249 27.400070190429688 0.0
74 0.02250000089406967 0.009999999776482582 2.250000238418579 13.500018119812012 0.0
75 0.017000000923871994 0.009999999776482582 1.7000001668930054 23.200054168701172 0.0
76 0.017000000923871994 0.009999999776482582 1.7000001668930054 33.60006332397461 0.0
77 0.011500000953674316 0.009999999776482582 1.1500000953674316 24.800060272216797 0.0
78 0.014500000514090061 0.010555555112659931 1.373684287071228 18.800037384033203 0.0
79 0.01900000125169754 0.010555555112659931 1.8000001907348633 9.100001335144043 0.0
80 0.010999999940395355 0.009999999776482582 1.100000023841858 18.800037384033203 0.0
81 0.01250000111758709 0.010555555112659931 1.1842106580734253 16.400028228759766 0.0
82 0.017500001937150955 0.010555555112659931 1.6578949689865112 29.600078582763672 0.0
83 0.009999999776482582 0.009999999776482582 1.0 24.000057220458984 0.0
84 0.01600000075995922 0.009444444440305233 1.694117784500122 23.900056838989258 0.0
85 0.012500000186264515 0.009444444440305233 1.3235294818878174 28.900075912475586 0.0
86 0.011500000953674316 0.009999999776482582 1.1500000953674316 27.00006866455078 0.0
87 0.014000000432133675 0.009444444440305233 1.4823529720306396 20.3000431060791 0.0
88 0.021000001579523087 0.009444444440305233 2.223529577255249 18.200035095214844 0.0
89 0.012000000104308128 0.010555555112659931 1.136842131614685 34.300052642822266 0.0
90 0.016500001773238182 0.010555555112659931 1.5631581544876099 17.500032424926758 0.0
91 0.00950000062584877 0.010555555112659931 0.9000000953674316 24.300058364868164 0.0
92 0.01250000111758709 0.010555555112659931 1.1842106580734253 31.900087356567383 0.0
93 0.021000001579523087 0.009999999776482582 2.1000001430511475 11.50001049041748 0.0
94 0.02250000089406967 0.010555555112659931 2.1315791606903076 14.800023078918457 0.0
95 0.018000001087784767 0.009444444440305233 1.905882477760315 18.30003547668457 0.0
96 0.010000000707805157 0.009444444440305233 1.058823585510254 11.700011253356934 0.0
97 0.013500000350177288 0.009999999776482582 1.350000023841858 12.300013542175293 0.0
98 0.014500000514090061 0.009999999776482582 1.4500000476837158 15.90002727508545 0.0
99 0.015000000596046448 0.009444444440305233 1.5882353782653809 21.600048065185547 0.0
100 0.010500000789761543 0.009444444440305233 1.1117647886276245 27.60007095336914 0.0
101 0.01600000075995922 0.010555555112659931 1.5157896280288696 21.400047302246094 0.0
102 0.01600000075995922 0.009444444440305233 1.694117784500122 30.700082778930664 0.0
103 0.009000000543892384 0.009444444440305233 0.9529412388801575 29.000076293945312 0.0
104 0.010000000707805157 0.009999999776482582 1.0000001192092896 32.50008010864258 0.0
105 0.01250000111758709 0.010555555112659931 1.1842106580734253 20.10004234313965 0.0
106 0.01900000125169754 0.009444444440305233 2.0117647647857666 22.10004997253418 0.0
107 0.013000000268220901 0.010555555112659931 1.231579065322876 24.300058364868164 0.0
108 0.014000000432133675 0.009444444440305233 1.4823529720306396 13.000016212463379 0.0
109 0.012000000104308128 0.009999999776482582 1.2000000476837158 21.700048446655273 0.0
110 0.018000001087784767 0.009999999776482582 1.8000001907348633 33.10007095336914 0.0
111 0.008500000461935997 0.009444444440305233 0.9000000357627869 31.70008659362793 0.0
112 0.021500002592802048 0.010555555112659931 2.0368423461914062 16.200027465820312 0.0
113 0.020500000566244125 0.009999999776482582 2.0500001907348633 30.50008201599121 0.0
114 0.01250000111758709 0.009444444440305233 1.3235294818878174 24.200057983398438 0.0
115 0.015500000678002834 0.009444444440305233 1.6411765813827515 18.60003662109375 0.0
116 0.01850000023841858 0.010555555112659931 1.752631664276123 6.299998760223389 0.0
117 0.00950000062584877 0.010555555112659931 0.9000000953674316 22.000049591064453 0.0
118 0.016499999910593033 0.009444444440305233 1.7470588684082031 29.300077438354492 0.0
119 0.019999999552965164 0.010555555112659931 1.894736886024475 15.60002613067627 0.0
120 0.01600000075995922 0.009444444440305233 1.694117784500122 7.299997806549072 0.0
121 0.01250000111758709 0.009999999776482582 1.2500001192092896 28.2000732421875 0.0
122 0.015000000596046448 0.009999999776482582 1.5000001192092896 15.100024223327637 0.0
123 0.013500000350177288 0.009999999776482582 1.350000023841858 14.500021934509277 0.0
124 0.015500001609325409 0.009999999776482582 1.5500001907348633 36.80001449584961 0.0
125 0.017500001937150955 0.009444444440305233 1.8529413938522339 9.600003242492676 0.0
126 0.01900000125169754 0.010555555112659931 1.8000001907348633 21.300046920776367 0.0
127 0.012000000104308128 0.009999999776482582 1.2000000476837158 9.50000286102295 0.0
128 0.01850000023841858 0.009999999776482582 1.850000023841858 37.89999771118164 0.0
129 0.018000001087784767 0.009444444440305233 1.905882477760315 37.60000228881836 0.0
130 0.017000000923871994 0.009999999776482582 1.7000001668930054 35.20003890991211 0.0
131 0.010999999940395355 0.009999999776482582 1.100000023841858 29.200077056884766 0.0
132 0.015000000596046448 0.009444444440305233 1.5882353782653809 33.60006332397461 0.0
133 0.013000000268220901 0.009999999776482582 1.3000000715255737 31.300085067749023 0.0
134 0.01250000111758709 0.009444444440305233 1.3235294818878174 21.20004653930664 0.0
135 0.010999999940395355 0.009999999776482582 1.100000023841858 37.79999923706055 0.0
136 0.02500000223517418 0.009444444440305233 2.6470589637756348 29.10007667541504 0.0
137 0.009999999776482582 0.009999999776482582 1.0 23.700056076049805 0.0
138 0.013500000350177288 0.010555555112659931 1.2789474725723267 20.500043869018555 0.0
139 0.015500000678002834 0.010555555112659931 1.468421220779419 36.60001754760742 0.0
140 0.010999999940395355 0.009999999776482582 1.100000023841858 16.500028610229492 0.0
141 0.016499999910593033 0.010555555112659931 1.5631579160690308 28.2000732421875 0.0
142 0.016500001773238182 0.009444444440305233 1.7470589876174927 24.200057983398438 0.0
143 0.01850000023841858 0.009999999776482582 1.850000023841858 22.800052642822266 0.0
144 0.013000000268220901 0.009999999776482582 1.3000000715255737 22.10004997253418 0.0
145 0.014000000432133675 0.009444444440305233 1.4823529720306396 25.30006217956543 0.0
146 0.017000000923871994 0.009999999776482582 1.7000001668930054 20.800045013427734 0.0
147 0.013500001281499863 0.010555555112659931 1.2789475917816162 38.4999885559082 0.0
148 0.009999999776482582 0.010555555112659931 0.9473684430122375 29.800079345703125 0.0
149 0.015500000678002834 0.009444444440305233 1.6411765813827515 32.1000862121582 0.0
150 0.01850000023841858 0.010555555112659931 1.752631664276123 12.40001392364502 0.0
151 0.013000000268220901 0.009999999776482582 1.3000000715255737 21.20004653930664 0.0
152 0.02250000089406967 0.009444444440305233 2.3823530673980713 5.099999904632568 0.0
153 0.010000000707805157 0.009999999776482582 1.0000001192092896 26.600067138671875 0.0
154 0.010500000789761543 0.009444444440305233 1.1117647886276245 26.20006561279297 0.0
155 0.018000001087784767 0.009999999776482582 1.8000001907348633 21.600048065185547 0.0
156 0.013500001281499863 0.009444444440305233 1.4294118881225586 31.10008430480957 0.0
157 0.015500001609325409 0.009999999776482582 1.5500001907348633 28.600074768066406 0.0
158 0.023000001907348633 0.009444444440305233 2.4352943897247314 28.000072479248047 0.0
159 0.021000001579523087 0.009444444440305233 2.223529577255249 11.100008964538574 0.0
160 0.0195000022649765 0.009444444440305233 2.0647060871124268 20.200042724609375 0.0
161 0.014500000514090061 0.009444444440305233 1.5352941751480103 14.300021171569824 0.0
162 0.00950000062584877 0.009444444440305233 1.0058823823928833 40.49995803833008 0.0
163 0.013000000268220901 0.009444444440305233 1.3764705657958984 41.39994430541992 0.0
164 0.014500001445412636 0.009999999776482582 1.4500001668930054 35.50003433227539 0.0
165 0.014500000514090061 0.009999999776482582 1.4500000476837158 25.00006103515625 0.0
166 0.018000001087784767 0.009999999776482582 1.8000001907348633 33.7000617980957 0.0
167 0.013500000350177288 0.009999999776482582 1.350000023841858 27.700071334838867 0.0
168 0.016500001773238182 0.010555555112659931 1.5631581544876099 16.100027084350586 0.0
169 0.010999999940395355 0.009999999776482582 1.100000023841858 21.50004768371582 0.0
170 0.013500001281499863 0.009999999776482582 1.3500001430511475 27.400070190429688 0.0
171 0.012000000104308128 0.009444444440305233 1.2705882787704468 31.40008544921875 0.0
172 0.014500000514090061 0.009999999776482582 1.4500000476837158 16.30002784729004 0.0
173 0.012500000186264515 0.010555555112659931 1.1842105388641357 23.200054168701172 0.0
174 0.016499999910593033 0.010555555112659931 1.5631579160690308 22.200050354003906 0.0
175 0.010999999940395355 0.009999999776482582 1.100000023841858 23.80005645751953 0.0
176 0.023000001907348633 0.010555555112659931 2.178947687149048 8.199997901916504 0.0
177 0.012000000104308128 0.009999999776482582 1.2000000476837158 19.100038528442383 0.0
178 0.013500000350177288 0.010555555112659931 1.2789474725723267 22.500051498413086 0.0
179 0.017500001937150955 0.010555555112659931 1.6578949689865112 26.800067901611328 0.0
180 0.017000000923871994 0.009444444440305233 1.8000000715255737 23.00005340576172 0.0
181 0.01600000075995922 0.010555555112659931 1.5157896280288696 25.00006103515625 0.0
182 0.014500000514090061 0.009444444440305233 1.5352941751480103 30.100080490112305 0.0
183 0.00800000037997961 0.009999999776482582 0.8000000715255737 27.400070190429688 0.0
184 0.01250000111758709 0.010555555112659931 1.1842106580734253 35.100040435791016 0.0
185 0.020000001415610313 0.009444444440305233 2.117647171020508 16.800029754638672 0.0
186 0.008500000461935997 0.009444444440305233 0.9000000357627869 17.900033950805664 0.0
187 0.016499999910593033 0.009444444440305233 1.7470588684082031 25.00006103515625 0.0
188 0.015000000596046448 0.009999999776482582 1.5000001192092896 28.80007553100586 0.0
189 0.011500000953674316 0.009999999776482582 1.1500000953674316 29.800079345703125 0.0
190 0.018000001087784767 0.009444444440305233 1.905882477760315 17.000030517578125 0.0
191 0.023000001907348633 0.009444444440305233 2.4352943897247314 22.800052642822266 0.0
192 0.020500000566244125 0.010555555112659931 1.9421054124832153 17.800033569335938 0.0
193 0.009999999776482582 0.010555555112659931 0.9473684430122375 28.400074005126953 0.0
194 0.011500000953674316 0.009999999776482582 1.1500000953674316 16.00002670288086 0.0
195 0.014500001445412636 0.009999999776482582 1.4500001668930054 28.400074005126953 0.0
196 0.018000001087784767 0.010555555112659931 1.705263376235962 8.699999809265137 0.0
197 0.00800000037997961 0.009444444440305233 0.847058892250061 23.50005531311035 0.0
198 0.009000000543892384 0.010555555112659931 0.852631688117981 29.200077056884766 0.0
199 0.018000001087784767 0.009444444440305233 1.905882477760315 31.500085830688477 0.0
200 0.013000000268220901 0.010555555112659931 1.231579065322876 6.19999885559082 0.0
201 0.015500000678002834 0.009999999776482582 1.5500000715255737 23.00005340576172 0.0
202 0.010999999940395355 0.009444444440305233 1.1647058725357056 37.30000686645508 0.0
203 0.019999999552965164 0.009444444440305233 2.1176469326019287 21.700048446655273 0.0
204 0.014000000432133675 0.009999999776482582 1.4000000953674316 20.3000431060791 0.0
205 0.015000000596046448 0.009999999776482582 1.5000001192092896 21.600048065185547 0.0
206 0.010000000707805157 0.009444444440305233 1.058823585510254 27.800071716308594 0.0
207 0.014500000514090061 0.009999999776482582 1.4500000476837158 15.00002384185791 0.0
208 0.010999999940395355 0.010555555112659931 1.0421053171157837 22.000049591064453 0.0
209 0.015500000678002834 0.010555555112659931 1.468421220779419 12.40001392364502 0.0
210 0.01850000023841858 0.010555555112659931 1.752631664276123 12.40001392364502 0.0
211 0.017000000923871994 0.009999999776482582 1.7000001668930054 32.50008010864258 0.0
212 0.015000000596046448 0.009444444440305233 1.5882353782653809 18.100034713745117 0.0
213 0.015500001609325409 0.009999999776482582 1.5500001907348633 35.3000373840332 0.0
214 0.02250000089406967 0.009999999776482582 2.250000238418579 29.10007667541504 0.0
215 0.013000000268220901 0.009999999776482582 1.3000000715255737 18.200035095214844 0.0
216 0.014500000514090061 0.009999999776482582 1.4500000476837158 25.90006446838379 0.0
217 0.010999999940395355 0.010555555112659931 1.0421053171157837 35.80002975463867 0.0
218 0.015000000596046448 0.010555555112659931 1.4210526943206787 11.900012016296387 0.0
219 0.013000000268220901 0.009999999776482582 1.3000000715255737 36.700016021728516 0.0
220 0.017000000923871994 0.010555555112659931 1.610526442527771 27.00006866455078 0.0
221 0.024000000208616257 0.009444444440305233 2.5411765575408936 18.700037002563477 0.0
222 0.010500000789761543 0.009999999776482582 1.0500000715255737 19.100038528442383 0.0
223 0.013000000268220901 0.009444444440305233 1.3764705657958984 30.300081253051758 0.0
224 0.013000000268220901 0.009444444440305233 1.3764705657958984 20.500043869018555 0.0
225 0.01600000075995922 0.009444444440305233 1.694117784500122 16.700029373168945 0.0
226 0.013500001281499863 0.009444444440305233 1.4294118881225586 15.700026512145996 0.0
227 0.015000000596046448 0.009999999776482582 1.5000001192092896 28.80007553100586 0.0
228 0.018000001087784767 0.010555555112659931 1.705263376235962 22.40005111694336 0.0
229 0.01600000075995922 0.009444444440305233 1.694117784500122 21.600048065185547 0.0
230 0.018000001087784767 0.010555555112659931 1.705263376235962 20.700044631958008 0.0
231 0.013500001281499863 0.009999999776482582 1.3500001430511475 20.500043869018555 0.0
232 0.01250000111758709 0.009444444440305233 1.3235294818878174 22.40005111694336 0.0
233 0.014500000514090061 0.009999999776482582 1.4500000476837158 14.000020027160645 0.0
234 0.015000000596046448 0.009444444440305233 1.5882353782653809 26.300065994262695 0.0
235 0.013000000268220901 0.010555555112659931 1.231579065322876 20.90004539489746 0.0
236 0.015500000678002834 0.009444444440305233 1.6411765813827515 18.60003662109375 0.0
237 0.012500000186264515 0.009999999776482582 1.25 34.90004348754883 0.0
238 0.008500000461935997 0.009999999776482582 0.8500000834465027 29.500078201293945 0.0
239 0.010500000789761543 0.009999999776482582 1.0500000715255737 32.700077056884766 0.0
240 0.007000000216066837 0.009444444440305233 0.7411764860153198 25.00006103515625 0.0
241 0.010000000707805157 0.010555555112659931 0.9473685026168823 23.700056076049805 0.0
242 0.014500000514090061 0.009444444440305233 1.5352941751480103 9.50000286102295 0.0
243 0.009000000543892384 0.009999999776482582 0.9000000953674316 21.100046157836914 0.0
244 0.014000000432133675 0.009444444440305233 1.4823529720306396 12.7000150680542 0.0
245 0.013500001281499863 0.009444444440305233 1.4294118881225586 16.200027465820312 0.0
246 0.012500000186264515 0.009999999776482582 1.25 11.000008583068848 0.0
247 0.012000000104308128 0.009444444440305233 1.2705882787704468 24.200057983398438 0.0
248 1.0 0.8483333587646484 1.1787818670272827 -94.89912414550781 7.071068102959543e-05
249 0.016499999910593033 0.009444444440305233 1.7470588684082031 27.30006980895996 0.0
250 0.01850000023841858 0.009444444440305233 1.958823561668396 19.80004119873047 0.0
251 0.017500001937150955 0.009999999776482582 1.750000238418579 20.400043487548828 0.0
252 0.020500000566244125 0.010555555112659931 1.9421054124832153 17.10003089904785 0.0
253 0.01900000125169754 0.010555555112659931 1.8000001907348633 24.40005874633789 0.0
254 0.013000000268220901 0.009999999776482582 1.3000000715255737 27.200069427490234 0.0
255 0.01600000075995922 0.009999999776482582 1.6000001430511475 24.900060653686523 0.0
256 0.01850000023841858 0.010555555112659931 1.752631664276123 16.9000301361084 0.0
257 0.009000000543892384 0.009444444440305233 0.9529412388801575 16.500028610229492 0.0
258 0.016499999910593033 0.010555555112659931 1.5631579160690308 17.200031280517578 0.0
259 0.014000000432133675 0.009999999776482582 1.4000000953674316 21.20004653930664 0.0
260 0.006000000052154064 0.009444444440305233 0.6352941393852234 15.200024604797363 0.0
261 0.016499999910593033 0.009444444440305233 1.7470588684082031 33.10007095336914 0.0
262 0.015000000596046448 0.010555555112659931 1.4210526943206787 27.400070190429688 0.0
263 0.010500000789761543 0.009444444440305233 1.1117647886276245 27.200069427490234 0.0
264 0.009000000543892384 0.010555555112659931 0.852631688117981 26.20006561279297 0.0
265 0.009000000543892384 0.010555555112659931 0.852631688117981 13.200016975402832 0.0
266 0.010500000789761543 0.009999999776482582 1.0500000715255737 25.500062942504883 0.0
267 0.013000000268220901 0.010555555112659931 1.231579065322876 18.100034713745117 0.0
268 0.01600000075995922 0.009444444440305233 1.694117784500122 26.100065231323242 0.0
269 0.013500000350177288 0.009444444440305233 1.429411768913269 16.700029373168945 0.0
270 0.0195000022649765 0.009444444440305233 2.0647060871124268 17.900033950805664 0.0
271 0.013000000268220901 0.010555555112659931 1.231579065322876 29.300077438354492 0.0
272 0.012000000104308128 0.009999999776482582 1.2000000476837158 29.10007667541504 0.0
273 0.01850000023841858 0.009999999776482582 1.850000023841858 27.700071334838867 0.0
274 0.01850000023841858 0.009999999776482582 1.850000023841858 10.000004768371582 0.0
275 0.009999999776482582 0.009444444440305233 1.0588234663009644 22.500051498413086 0.0
276 0.015500000678002834 0.009444444440305233 1.6411765813827515 31.300085067749023 0.0
277 0.01600000075995922 0.010555555112659931 1.5157896280288696 26.600067138671875 0.0
278 0.010500000789761543 0.009444444440305233 1.1117647886276245 26.20006561279297 0.0
279 0.014500001445412636 0.009444444440305233 1.5352942943572998 20.000041961669922 0.0
280 0.014000000432133675 0.010555555112659931 1.3263158798217773 26.50006675720215 0.0
281 0.014000000432133675 0.009444444440305233 1.4823529720306396 28.600074768066406 0.0
282 0.018000001087784767 0.009444444440305233 1.905882477760315 23.80005645751953 0.0
283 0.019500000402331352 0.009444444440305233 2.0647058486938477 14.300021171569824 0.0
284 0.013500001281499863 0.009444444440305233 1.4294118881225586 31.600086212158203 0.0
285 0.007500000298023224 0.009444444440305233 0.7941176891326904 25.200061798095703 0.0
286 0.015000000596046448 0.009444444440305233 1.5882353782653809 39.099979400634766 0.0
287 0.011500000953674316 0.009444444440305233 1.2176471948623657 17.10003089904785 0.0
288 0.012000000104308128 0.009999999776482582 1.2000000476837158 22.500051498413086 0.0
289 0.02250000089406967 0.009999999776482582 2.250000238418579 20.10004234313965 0.0
290 0.01600000075995922 0.010555555112659931 1.5157896280288696 14.000020027160645 0.0
291 0.011500000953674316 0.009444444440305233 1.2176471948623657 12.10001277923584 0.0
292 0.014000000432133675 0.009999999776482582 1.4000000953674316 19.600040435791016 0.0
293 0.007500000298023224 0.009444444440305233 0.7941176891326904 9.300002098083496 0.0
294 0.010999999940395355 0.009444444440305233 1.1647058725357056 30.80008316040039 0.0
295 0.013000000268220901 0.010555555112659931 1.231579065322876 30.400081634521484 0.0
296 0.012000000104308128 0.009999999776482582 1.2000000476837158 27.700071334838867 0.0
297 0.011500000953674316 0.009444444440305233 1.2176471948623657 33.7000617980957 0.0
298 0.013500000350177288 0.009999999776482582 1.350000023841858 21.20004653930664 0.0
299 0.01850000023841858 0.009999999776482582 1.850000023841858 26.400066375732422 0.0
300 0.014500000514090061 0.010555555112659931 1.373684287071228 32.50008010864258 0.0
301 0.01100000087171793 0.010555555112659931 1.0421054363250732 17.600032806396484 0.0
302 0.012500000186264515 0.009444444440305233 1.3235294818878174 23.00005340576172 0.0
303 0.013000000268220901 0.009444444440305233 1.3764705657958984 20.400043487548828 0.0
304 0.016499999910593033 0.009999999776482582 1.649999976158142 16.400028228759766 0.0
305 0.013500000350177288 0.009444444440305233 1.429411768913269 30.600082397460938 0.0
306 0.018000001087784767 0.009444444440305233 1.905882477760315 22.200050354003906 0.0
307 0.01600000075995922 0.009444444440305233 1.694117784500122 30.20008087158203 0.0
308 0.010999999940395355 0.009444444440305233 1.1647058725357056 23.900056838989258 0.0
309 0.024500001221895218 0.009999999776482582 2.450000286102295 22.40005111694336 0.0
310 0.009000000543892384 0.009444444440305233 0.9529412388801575 30.400081634521484 0.0
311 0.014500000514090061 0.009444444440305233 1.5352941751480103 21.600048065185547 0.0
312 0.013000000268220901 0.009444444440305233 1.3764705657958984 22.800052642822266 0.0
313 0.013500001281499863 0.009444444440305233 1.4294118881225586 27.00006866455078 0.0
314 0.009000000543892384 0.009444444440305233 0.9529412388801575 17.500032424926758 0.0
315 0.012000001035630703 0.009999999776482582 1.2000001668930054 22.300050735473633 0.0
316 0.013000000268220901 0.009444444440305233 1.3764705657958984 26.600067138671875 0.0
317 0.01600000075995922 0.010555555112659931 1.5157896280288696 21.700048446655273 0.0
318 0.0195000022649765 0.009999999776482582 1.950000286102295 21.300046920776367 0.0
319 0.008500000461935997 0.009444444440305233 0.9000000357627869 18.800037384033203 0.0
320 0.01250000111758709 0.010555555112659931 1.1842106580734253 25.30006217956543 0.0
321 0.9930000305175781 0.746666669845581 1.3299107551574707 -94.89912414550781 7.071068102959543e-05
322 0.999500036239624 0.7744444608688354 1.2906025648117065 -94.89912414550781 7.071068102959543e-05
323 0.010500000789761543 0.009444444440305233 1.1117647886276245 24.300058364868164 0.0
324 0.010500000789761543 0.009444444440305233 1.1117647886276245 30.50008201599121 0.0
325 0.016499999910593033 0.010555555112659931 1.5631579160690308 11.000008583068848 0.0
326 0.014500000514090061 0.009444444440305233 1.5352941751480103 18.200035095214844 0.0
327 0.017000000923871994 0.009999999776482582 1.7000001668930054 19.50004005432129 0.0
328 0.012000000104308128 0.010555555112659931 1.136842131614685 33.7000617980957 0.0
329 0.017500001937150955 0.010555555112659931 1.6578949689865112 21.50004768371582 0.0
330 0.015000000596046448 0.010555555112659931 1.4210526943206787 27.200069427490234 0.0
331 0.00800000037997961 0.009444444440305233 0.847058892250061 25.500062942504883 0.0
332 0.014000000432133675 0.009999999776482582 1.4000000953674316 30.400081634521484 0.0
333 0.017500001937150955 0.009444444440305233 1.8529413938522339 27.100069046020508 0.0
334 0.015000000596046448 0.010555555112659931 1.4210526943206787 17.000030517578125 0.0
335 0.013000000268220901 0.009999999776482582 1.3000000715255737 26.000064849853516 0.0
336 0.01850000023841858 0.009444444440305233 1.958823561668396 20.200042724609375 0.0
337 0.013000000268220901 0.010555555112659931 1.231579065322876 13.900019645690918 0.0
338 0.01250000111758709 0.009999999776482582 1.2500001192092896 11.50001049041748 0.0
339 0.01900000125169754 0.009999999776482582 1.9000002145767212 26.300065994262695 0.0
340 0.01600000075995922 0.010555555112659931 1.5157896280288696 17.500032424926758 0.0
341 0.013000000268220901 0.009999999776482582 1.3000000715255737 9.700003623962402 0.0
342 0.015000000596046448 0.010555555112659931 1.4210526943206787 12.500014305114746 0.0
343 0.01250000111758709 0.009444444440305233 1.3235294818878174 25.90006446838379 0.0
344 0.010999999940395355 0.009999999776482582 1.100000023841858 25.00006103515625 0.0
345 0.01250000111758709 0.009444444440305233 1.3235294818878174 26.20006561279297 0.0
346 0.010500000789761543 0.009444444440305233 1.1117647886276245 23.600055694580078 0.0
347 0.010999999940395355 0.009999999776482582 1.100000023841858 21.900049209594727 0.0
348 0.018000001087784767 0.009444444440305233 1.905882477760315 29.40007781982422 0.0
349 0.01850000023841858 0.009999999776482582 1.850000023841858 23.00005340576172 0.0
350 0.018000001087784767 0.010555555112659931 1.705263376235962 19.700040817260742 0.0
351 0.018000001087784767 0.010555555112659931 1.705263376235962 20.700044631958008 0.0
352 0.00950000062584877 0.009444444440305233 1.0058823823928833 34.300052642822266 0.0
353 0.017500001937150955 0.009999999776482582 1.750000238418579 22.000049591064453 0.0
354 0.014500001445412636 0.009444444440305233 1.5352942943572998 29.300077438354492 0.0
355 0.018000001087784767 0.009444444440305233 1.905882477760315 18.100034713745117 0.0
356 0.013500000350177288 0.009444444440305233 1.429411768913269 19.600040435791016 0.0
357 0.017500001937150955 0.010555555112659931 1.6578949689865112 36.60001754760742 0.0
358 0.012000000104308128 0.010555555112659931 1.136842131614685 15.30002498626709 0.0
359 0.021000001579523087 0.009444444440305233 2.223529577255249 12.300013542175293 0.0
360 0.999500036239624 0.7794444561004639 1.2823235988616943 -94.89912414550781 7.071068102959543e-05
361 0.013000000268220901 0.009444444440305233 1.3764705657958984 21.20004653930664 0.0
362 0.01250000111758709 0.009444444440305233 1.3235294818878174 37.10000991821289 0.0
363 0.007000000216066837 0.010555555112659931 0.6631579399108887 14.900023460388184 0.0
364 0.013000000268220901 0.010555555112659931 1.231579065322876 26.7000675201416 0.0
365 0.012000000104308128 0.009444444440305233 1.2705882787704468 30.900083541870117 0.0
366 0.012000000104308128 0.009999999776482582 1.2000000476837158 25.400062561035156 0.0
367 0.014500001445412636 0.009999999776482582 1.4500001668930054 24.40005874633789 0.0
368 0.01100000087171793 0.009444444440305233 1.1647059917449951 24.200057983398438 0.0
369 0.013500000350177288 0.009444444440305233 1.429411768913269 17.500032424926758 0.0
370 0.013000000268220901 0.010555555112659931 1.231579065322876 12.500014305114746 0.0
371 0.01600000075995922 0.009444444440305233 1.694117784500122 22.200050354003906 0.0
372 0.015500000678002834 0.009999999776482582 1.5500000715255737 34.60004806518555 0.0
373 0.017500001937150955 0.010555555112659931 1.6578949689865112 13.900019645690918 0.0
374 0.015500000678002834 0.009999999776482582 1.5500000715255737 35.70003128051758 0.0
375 0.010000000707805157 0.009444444440305233 1.058823585510254 27.00006866455078 0.0
376 0.009999999776482582 0.010555555112659931 0.9473684430122375 37.200008392333984 0.0
377 0.013500000350177288 0.010555555112659931 1.2789474725723267 20.700044631958008 0.0
378 0.015500000678002834 0.009999999776482582 1.5500000715255737 22.40005111694336 0.0
379 0.015000000596046448 0.009999999776482582 1.5000001192092896 25.700063705444336 0.0
380 0.015000000596046448 0.009999999776482582 1.5000001192092896 31.200084686279297 0.0
381 0.008500000461935997 0.009444444440305233 0.9000000357627869 23.600055694580078 0.0
382 0.014500000514090061 0.009999999776482582 1.4500000476837158 13.900019645690918 0.0
383 0.01600000075995922 0.009444444440305233 1.694117784500122 29.500078201293945 0.0
384 0.021500002592802048 0.010555555112659931 2.0368423461914062 26.7000675201416 0.0
385 0.014000000432133675 0.009999999776482582 1.4000000953674316 41.29994583129883 0.0
386 0.014000000432133675 0.009999999776482582 1.4000000953674316 24.600059509277344 0.0
387 0.013000000268220901 0.009999999776482582 1.3000000715255737 18.30003547668457 0.0
388 0.009000000543892384 0.009999999776482582 0.9000000953674316 26.50006675720215 0.0
389 0.010500000789761543 0.009444444440305233 1.1117647886276245 26.400066375732422 0.0
390 0.015000000596046448 0.010555555112659931 1.4210526943206787 14.000020027160645 0.0
391 0.010999999940395355 0.009444444440305233 1.1647058725357056 31.40008544921875 0.0
392 0.01600000075995922 0.010555555112659931 1.5157896280288696 27.100069046020508 0.0
393 0.013000000268220901 0.009444444440305233 1.3764705657958984 32.700077056884766 0.0
394 0.010999999940395355 0.009444444440305233 1.1647058725357056 23.50005531311035 0.0
395 0.017000000923871994 0.010555555112659931 1.610526442527771 7.399997711181641 0.0
396 0.016500001773238182 0.010555555112659931 1.5631581544876099 33.00007247924805 0.0
397 0.00950000062584877 0.009444444440305233 1.0058823823928833 26.100065231323242 0.0
398 0.010000000707805157 0.009444444440305233 1.058823585510254 21.600048065185547 0.0
399 0.010500000789761543 0.009444444440305233 1.1117647886276245 27.30006980895996 0.0
400 0.021000001579523087 0.010555555112659931 1.9894739389419556 25.800064086914062 0.0
