1 0.01900000125169754 0.009444444440305233 2.0117647647857666 12.800015449523926
2 0.01600000075995922 0.009444444440305233 1.694117784500122 17.10003089904785
3 0.014000000432133675 0.009999999776482582 1.4000000953674316 7.599997520446777
4 0.015500000678002834 0.009999999776482582 1.5500000715255737 10.100005149841309
5 0.016499999910593033 0.009444444440305233 1.7470588684082031 10.200005531311035
6 0.014500000514090061 0.009999999776482582 1.4500000476837158 8.699999809265137
7 0.01900000125169754 0.009999999776482582 1.9000002145767212 8.29999828338623
8 0.02200000174343586 0.009444444440305233 2.3294119834899902 9.700003623962402
9 0.004500000271946192 0.009999999776482582 0.4500000476837158 13.100016593933105
10 0.013500001281499863 0.009999999776482582 1.3500001430511475 9.600003242492676
11 0.013000000268220901 0.009444444440305233 1.3764705657958984 8.099997520446777
12 0.017500001937150955 0.010555555112659931 1.6578949689865112 10.000004768371582
13 0.017000000923871994 0.009999999776482582 1.7000001668930054 7.399997711181641
14 0.015500000678002834 0.010555555112659931 1.468421220779419 11.50001049041748
15 0.010500000789761543 0.010555555112659931 0.9947369694709778 9.100001335144043
16 0.00800000037997961 0.009444444440305233 0.847058892250061 8.399998664855957
17 0.010999999940395355 0.009999999776482582 1.100000023841858 7.799997329711914
18 0.012000000104308128 0.010555555112659931 1.136842131614685 14.100020408630371
19 0.023000001907348633 0.010555555112659931 2.178947687149048 3.900001049041748
20 0.018000001087784767 0.009999999776482582 1.8000001907348633 10.200005531311035
21 0.027500001713633537 0.010555555112659931 2.6052634716033936 3.4000015258789062
22 0.014000000432133675 0.009444444440305233 1.4823529720306396 7.499997615814209
23 0.015500000678002834 0.010555555112659931 1.468421220779419 10.000004768371582
24 0.016499999910593033 0.009444444440305233 1.7470588684082031 14.800023078918457
25 0.020500000566244125 0.009444444440305233 2.170588254928589 7.699997425079346
26 0.010999999940395355 0.010555555112659931 1.0421053171157837 8.699999809265137
27 0.014000000432133675 0.009999999776482582 1.4000000953674316 9.800004005432129
28 0.01600000075995922 0.009444444440305233 1.694117784500122 11.80001163482666
29 0.014500000514090061 0.009999999776482582 1.4500000476837158 9.400002479553223
30 0.014000000432133675 0.009999999776482582 1.4000000953674316 7.999997138977051
31 0.01900000125169754 0.009444444440305233 2.0117647647857666 13.800019264221191
32 0.015500000678002834 0.009444444440305233 1.6411765813827515 7.899997234344482
33 0.025499999523162842 0.009444444440305233 2.700000047683716 11.400010108947754
34 0.014500000514090061 0.009999999776482582 1.4500000476837158 9.400002479553223
35 0.014500000514090061 0.009999999776482582 1.4500000476837158 11.300009727478027
36 0.023000001907348633 0.009444444440305233 2.4352943897247314 14.100020408630371
37 0.02200000174343586 0.010555555112659931 2.0842108726501465 10.400006294250488
38 0.021000001579523087 0.010555555112659931 1.9894739389419556 9.000000953674316
39 0.017000000923871994 0.009444444440305233 1.8000000715255737 11.50001049041748
40 0.015500000678002834 0.010555555112659931 1.468421220779419 9.100001335144043
41 0.020000001415610313 0.009999999776482582 2.000000238418579 6.999998092651367
42 0.017500001937150955 0.010555555112659931 1.6578949689865112 8.29999828338623
43 0.01600000075995922 0.010555555112659931 1.5157896280288696 9.600003242492676
44 0.021000001579523087 0.010555555112659931 1.9894739389419556 15.90002727508545
45 0.020000001415610313 0.009999999776482582 2.000000238418579 5.799999237060547
46 0.01600000075995922 0.009444444440305233 1.694117784500122 10.600007057189941
47 0.02250000089406967 0.009999999776482582 2.250000238418579 8.29999828338623
48 0.0195000022649765 0.010555555112659931 1.8473687171936035 16.00002670288086
49 0.013000000268220901 0.010555555112659931 1.231579065322876 7.999997138977051
50 0.013000000268220901 0.009999999776482582 1.3000000715255737 11.300009727478027
51 0.015500000678002834 0.009999999776482582 1.5500000715255737 11.100008964538574
52 0.014500000514090061 0.009999999776482582 1.4500000476837158 12.40001392364502
53 0.010500000789761543 0.010555555112659931 0.9947369694709778 13.400017738342285
54 0.014500001445412636 0.009444444440305233 1.5352942943572998 11.000008583068848
55 0.021000001579523087 0.009444444440305233 2.223529577255249 11.50001049041748
56 0.013000000268220901 0.009444444440305233 1.3764705657958984 10.100005149841309
57 0.012000000104308128 0.009999999776482582 1.2000000476837158 12.500014305114746
58 0.0195000022649765 0.010555555112659931 1.8473687171936035 7.699997425079346
59 0.017000000923871994 0.010555555112659931 1.610526442527771 9.600003242492676
60 0.025499999523162842 0.009999999776482582 2.549999952316284 9.100001335144043
61 0.00800000037997961 0.009999999776482582 0.8000000715255737 13.400017738342285
62 0.013500000350177288 0.010555555112659931 1.2789474725723267 10.800007820129395
63 1.0 1.0 1.0 -94.89912414550781
64 0.015500000678002834 0.010555555112659931 1.468421220779419 6.699998378753662
65 0.020500000566244125 0.009999999776482582 2.0500001907348633 13.100016593933105
66 0.017500001937150955 0.009444444440305233 1.8529413938522339 5.899999141693115
67 0.010999999940395355 0.009999999776482582 1.100000023841858 9.600003242492676
68 0.015000000596046448 0.010555555112659931 1.4210526943206787 11.600010871887207
69 0.01850000023841858 0.009999999776482582 1.850000023841858 13.900019645690918
70 0.011500000953674316 0.009999999776482582 1.1500000953674316 10.200005531311035
71 0.015000000596046448 0.009999999776482582 1.5000001192092896 12.900015830993652
72 0.010999999940395355 0.010555555112659931 1.0421053171157837 11.100008964538574
73 0.017500001937150955 0.009999999776482582 1.750000238418579 13.400017738342285
74 0.018000001087784767 0.010555555112659931 1.705263376235962 6.7999982833862305
75 0.021500002592802048 0.010555555112659931 2.0368423461914062 8.699999809265137
76 0.01600000075995922 0.010555555112659931 1.5157896280288696 13.900019645690918
77 0.015500000678002834 0.009999999776482582 1.5500000715255737 10.800007820129395
78 0.023500001057982445 0.009999999776482582 2.3500001430511475 12.600014686584473
79 0.02800000086426735 0.010555555112659931 2.6526317596435547 4.100000858306885
80 0.020500000566244125 0.010555555112659931 1.9421054124832153 11.2000093460083
81 0.012500000186264515 0.009444444440305233 1.3235294818878174 8.099997520446777
82 0.02250000089406967 0.010555555112659931 2.1315791606903076 10.200005531311035
83 0.013000000268220901 0.009444444440305233 1.3764705657958984 15.30002498626709
84 0.011500000953674316 0.010555555112659931 1.089473843574524 11.900012016296387
85 0.024000000208616257 0.009444444440305233 2.5411765575408936 15.60002613067627
86 0.01600000075995922 0.010555555112659931 1.5157896280288696 9.600003242492676
87 0.026000000536441803 0.009444444440305233 2.752941131591797 12.10001277923584
88 0.021000001579523087 0.010555555112659931 1.9894739389419556 10.800007820129395
89 0.01600000075995922 0.010555555112659931 1.5157896280288696 11.400010108947754
90 0.015500000678002834 0.009999999776482582 1.5500000715255737 6.499998569488525
91 0.017500000074505806 0.010555555112659931 1.6578948497772217 13.100016593933105
92 0.008999999612569809 0.009999999776482582 0.8999999761581421 11.900012016296387
93 0.01900000125169754 0.010555555112659931 1.8000001907348633 3.900001049041748
94 0.007000000216066837 0.009999999776482582 0.7000000476837158 8.90000057220459
95 0.013000000268220901 0.009444444440305233 1.3764705657958984 7.899997234344482
96 0.016499999910593033 0.010555555112659931 1.5631579160690308 6.299998760223389
97 0.013000000268220901 0.009444444440305233 1.3764705657958984 6.699998378753662
98 0.020500000566244125 0.009999999776482582 2.0500001907348633 8.199997901916504
99 0.012500000186264515 0.009999999776482582 1.25 8.699999809265137
100 0.008500000461935997 0.009999999776482582 0.8500000834465027 9.400002479553223
101 0.013500000350177288 0.009444444440305233 1.429411768913269 7.999997138977051
102 0.01600000075995922 0.010555555112659931 1.5157896280288696 11.600010871887207
103 0.013000000268220901 0.009444444440305233 1.3764705657958984 14.70002269744873
104 0.020500000566244125 0.009999999776482582 2.0500001907348633 10.900008201599121
105 0.011500000953674316 0.009444444440305233 1.2176471948623657 7.599997520446777
106 0.015000000596046448 0.009999999776482582 1.5000001192092896 7.999997615814209
107 0.014500000514090061 0.009444444440305233 1.5352941751480103 13.700018882751465
108 0.014000000432133675 0.009444444440305233 1.4823529720306396 6.299998760223389
109 0.014000000432133675 0.009444444440305233 1.4823529720306396 7.999997138977051
110 0.014500000514090061 0.009444444440305233 1.5352941751480103 11.900012016296387
111 0.018000001087784767 0.009444444440305233 1.905882477760315 12.7000150680542
112 0.01600000075995922 0.009999999776482582 1.6000001430511475 7.699997425079346
113 0.024500001221895218 0.010555555112659931 2.3210527896881104 11.80001163482666
114 0.010999999940395355 0.009999999776482582 1.100000023841858 7.199997901916504
115 0.017500001937150955 0.009999999776482582 1.750000238418579 7.899997234344482
116 0.029500000178813934 0.009444444440305233 3.1235294342041016 4.000000953674316
117 0.011500000953674316 0.009444444440305233 1.2176471948623657 8.399998664855957
118 0.006000000052154064 0.010555555112659931 0.5684210658073425 9.800004005432129
119 0.0195000022649765 0.009999999776482582 1.950000286102295 5.799999237060547
120 0.015000000596046448 0.009999999776482582 1.5000001192092896 5.099999904632568
121 0.01600000075995922 0.009444444440305233 1.694117784500122 14.70002269744873
122 0.01600000075995922 0.009444444440305233 1.694117784500122 5.799999237060547
123 0.01250000111758709 0.009444444440305233 1.3235294818878174 9.900004386901855
124 0.017500001937150955 0.009999999776482582 1.750000238418579 12.300013542175293
125 0.017500001937150955 0.009444444440305233 1.8529413938522339 6.299998760223389
126 0.012000000104308128 0.009444444440305233 1.2705882787704468 6.299998760223389
127 0.016500001773238182 0.009444444440305233 1.7470589876174927 5.199999809265137
128 0.009999999776482582 0.009999999776482582 1.0 15.700026512145996
129 0.009999999776482582 0.009444444440305233 1.0588234663009644 14.100020408630371
130 0.01900000125169754 0.009444444440305233 2.0117647647857666 15.30002498626709
131 0.017000000923871994 0.009444444440305233 1.8000000715255737 11.000008583068848
132 0.013500000350177288 0.009444444440305233 1.429411768913269 12.40001392364502
133 0.018000001087784767 0.009444444440305233 1.905882477760315 14.500021934509277
134 0.01250000111758709 0.009999999776482582 1.2500001192092896 9.800004005432129
135 0.020500000566244125 0.009444444440305233 2.170588254928589 14.600022315979004
136 0.02199999988079071 0.010555555112659931 2.0842106342315674 9.600003242492676
137 0.01600000075995922 0.009444444440305233 1.694117784500122 8.499999046325684
138 0.017000000923871994 0.009999999776482582 1.7000001668930054 7.499997615814209
139 0.021500002592802048 0.009999999776482582 2.1500003337860107 12.500014305114746
140 0.02800000086426735 0.009444444440305233 2.9647059440612793 6.599998474121094
141 0.015000000596046448 0.009999999776482582 1.5000001192092896 10.400006294250488
142 0.01900000125169754 0.009444444440305233 2.0117647647857666 14.500021934509277
143 0.018000001087784767 0.009444444440305233 1.905882477760315 12.600014686584473
144 0.013000000268220901 0.010555555112659931 1.231579065322876 7.499997615814209
145 0.021500002592802048 0.010555555112659931 2.0368423461914062 11.300009727478027
146 0.01600000075995922 0.009444444440305233 1.694117784500122 7.799997329711914
147 0.010500000789761543 0.009999999776482582 1.0500000715255737 13.700018882751465
148 0.02500000223517418 0.010555555112659931 2.3684213161468506 18.500036239624023
149 0.014000000432133675 0.010555555112659931 1.3263158798217773 10.600007057189941
150 0.014500000514090061 0.009444444440305233 1.5352941751480103 8.59999942779541
151 0.01900000125169754 0.010555555112659931 1.8000001907348633 8.199997901916504
152 0.020500000566244125 0.010555555112659931 1.9421054124832153 3.600001335144043
153 0.013000000268220901 0.009444444440305233 1.3764705657958984 11.2000093460083
154 0.020000001415610313 0.010555555112659931 1.8947370052337646 12.600014686584473
155 0.01600000075995922 0.009999999776482582 1.6000001430511475 8.399998664855957
156 0.01850000023841858 0.009444444440305233 1.958823561668396 16.00002670288086
157 0.007000000216066837 0.009444444440305233 0.7411764860153198 10.600007057189941
158 0.014000000432133675 0.009999999776482582 1.4000000953674316 9.000000953674316
159 0.017000000923871994 0.009444444440305233 1.8000000715255737 7.599997520446777
160 0.010999999940395355 0.009444444440305233 1.1647058725357056 7.999997138977051
161 0.0195000022649765 0.010555555112659931 1.8473687171936035 6.499998569488525
162 0.014500000514090061 0.009999999776482582 1.4500000476837158 15.00002384185791
163 0.00950000062584877 0.009999999776482582 0.9500001072883606 17.000030517578125
164 0.010500000789761543 0.009999999776482582 1.0500000715255737 11.80001163482666
165 0.018000001087784767 0.010555555112659931 1.705263376235962 9.600003242492676
166 0.029000001028180122 0.009444444440305233 3.0705883502960205 14.800023078918457
167 0.014500000514090061 0.010555555112659931 1.373684287071228 9.700003623962402
168 0.014000000432133675 0.009444444440305233 1.4823529720306396 6.7999982833862305
169 0.011500000953674316 0.009444444440305233 1.2176471948623657 8.499999046325684
170 0.013000000268220901 0.009999999776482582 1.3000000715255737 10.500006675720215
171 0.01600000075995922 0.010555555112659931 1.5157896280288696 10.400006294250488
172 0.019999999552965164 0.009444444440305233 2.1176469326019287 7.799997329711914
173 0.015500000678002834 0.009444444440305233 1.6411765813827515 10.000004768371582
174 0.01850000023841858 0.009999999776482582 1.850000023841858 9.400002479553223
175 0.019999999552965164 0.009444444440305233 2.1176469326019287 13.800019264221191
176 0.020500000566244125 0.010555555112659931 1.9421054124832153 5.0
177 0.012500000186264515 0.009999999776482582 1.25 7.199997901916504
178 0.014000000432133675 0.010555555112659931 1.3263158798217773 10.300005912780762
179 0.012500000186264515 0.009999999776482582 1.25 9.50000286102295
180 0.01900000125169754 0.009999999776482582 1.9000002145767212 11.100008964538574
181 0.019999999552965164 0.010555555112659931 1.894736886024475 9.300002098083496
182 0.01850000023841858 0.009999999776482582 1.850000023841858 12.40001392364502
183 0.014500001445412636 0.009999999776482582 1.4500001668930054 13.400017738342285
184 0.017000000923871994 0.009999999776482582 1.7000001668930054 10.900008201599121
185 0.017500001937150955 0.009444444440305233 1.8529413938522339 7.399997711181641
186 0.013000000268220901 0.009444444440305233 1.3764705657958984 6.399998664855957
187 0.020500000566244125 0.010555555112659931 1.9421054124832153 9.300002098083496
188 0.018000001087784767 0.009999999776482582 1.8000001907348633 11.400010108947754
189 0.013500000350177288 0.009444444440305233 1.429411768913269 11.2000093460083
190 0.007000000216066837 0.009444444440305233 0.7411764860153198 7.199997901916504
191 0.018000001087784767 0.009444444440305233 1.905882477760315 7.299997806549072
192 0.0195000022649765 0.009444444440305233 2.0647060871124268 8.29999828338623
193 0.017000000923871994 0.010555555112659931 1.610526442527771 10.400006294250488
194 0.021500002592802048 0.009999999776482582 2.1500003337860107 5.199999809265137
195 0.021000001579523087 0.009444444440305233 2.223529577255249 9.000000953674316
196 0.018000001087784767 0.010555555112659931 1.705263376235962 4.500000476837158
197 0.013500001281499863 0.009999999776482582 1.3500001430511475 8.499999046325684
198 0.013500001281499863 0.009444444440305233 1.4294118881225586 11.50001049041748
199 0.014000000432133675 0.010555555112659931 1.3263158798217773 10.900008201599121
200 0.0195000022649765 0.009444444440305233 2.0647060871124268 3.100001811981201
201 0.014500000514090061 0.009444444440305233 1.5352941751480103 10.500006675720215
202 0.011500000953674316 0.009999999776482582 1.1500000953674316 13.600018501281738
203 0.01600000075995922 0.010555555112659931 1.5157896280288696 7.699997425079346
204 0.013500000350177288 0.010555555112659931 1.2789474725723267 7.599997520446777
205 0.011500000953674316 0.010555555112659931 1.089473843574524 7.599997520446777
206 0.017500001937150955 0.009444444440305233 1.8529413938522339 11.600010871887207
207 0.018000001087784767 0.010555555112659931 1.705263376235962 7.699997425079346
208 0.016499999910593033 0.009999999776482582 1.649999976158142 12.10001277923584
209 0.02250000089406967 0.009444444440305233 2.3823530673980713 13.900019645690918
210 0.012000000104308128 0.009444444440305233 1.2705882787704468 5.0
211 0.01900000125169754 0.009999999776482582 1.9000002145767212 12.7000150680542
212 0.014000000432133675 0.009444444440305233 1.4823529720306396 7.199997901916504
213 0.020000001415610313 0.010555555112659931 1.8947370052337646 12.7000150680542
214 0.017000000923871994 0.009444444440305233 1.8000000715255737 12.40001392364502
215 0.018000001087784767 0.009444444440305233 1.905882477760315 5.6999993324279785
216 0.017000000923871994 0.010555555112659931 1.610526442527771 9.300002098083496
217 0.017500001937150955 0.009999999776482582 1.750000238418579 15.800026893615723
218 0.01600000075995922 0.009999999776482582 1.6000001430511475 5.499999523162842
219 0.01600000075995922 0.009444444440305233 1.694117784500122 14.500021934509277
220 0.021500002592802048 0.009999999776482582 2.1500003337860107 12.000012397766113
221 0.010500000789761543 0.009444444440305233 1.1117647886276245 10.400006294250488
222 0.018000001087784767 0.009444444440305233 1.905882477760315 9.100001335144043
223 0.02250000089406967 0.009444444440305233 2.3823530673980713 12.000012397766113
224 0.009999999776482582 0.009444444440305233 1.0588234663009644 11.80001163482666
225 0.015000000596046448 0.009444444440305233 1.5882353782653809 6.19999885559082
226 0.013000000268220901 0.009999999776482582 1.3000000715255737 8.800000190734863
227 0.017500001937150955 0.010555555112659931 1.6578949689865112 11.600010871887207
228 0.015000000596046448 0.009999999776482582 1.5000001192092896 8.59999942779541
229 0.008500000461935997 0.010555555112659931 0.8052632212638855 7.499997615814209
230 0.01600000075995922 0.009444444440305233 1.694117784500122 9.900004386901855
231 0.012500000186264515 0.009444444440305233 1.3235294818878174 10.200005531311035
232 0.0215000007301569 0.010555555112659931 2.0368423461914062 10.200005531311035
233 0.00800000037997961 0.009444444440305233 0.847058892250061 5.399999618530273
234 0.017500001937150955 0.009999999776482582 1.750000238418579 11.700011253356934
235 0.019500000402331352 0.009444444440305233 2.0647058486938477 9.20000171661377
236 0.015000000596046448 0.009999999776482582 1.5000001192092896 7.599997520446777
237 0.01900000125169754 0.009444444440305233 2.0117647647857666 17.600032806396484
238 0.021500002592802048 0.010555555112659931 2.0368423461914062 16.60002899169922
239 0.0215000007301569 0.009444444440305233 2.27647066116333 11.900012016296387
240 0.010000000707805157 0.009444444440305233 1.058823585510254 9.400002479553223
241 0.01600000075995922 0.009999999776482582 1.6000001430511475 12.10001277923584
242 0.017500001937150955 0.010555555112659931 1.6578949689865112 5.899999141693115
243 0.02250000089406967 0.009444444440305233 2.3823530673980713 14.800023078918457
244 0.01850000023841858 0.009999999776482582 1.850000023841858 6.599998474121094
245 0.01900000125169754 0.009444444440305233 2.0117647647857666 8.800000190734863
246 0.020500000566244125 0.010555555112659931 1.9421054124832153 6.299998760223389
247 0.013000000268220901 0.009444444440305233 1.3764705657958984 10.500006675720215
248 1.0 0.9994444251060486 1.0005558729171753 -94.89912414550781
249 0.014000000432133675 0.009999999776482582 1.4000000953674316 12.000012397766113
250 0.012000000104308128 0.010555555112659931 1.136842131614685 10.200005531311035
251 0.016499999910593033 0.009999999776482582 1.649999976158142 9.20000171661377
252 0.016499999910593033 0.010555555112659931 1.5631579160690308 7.199997901916504
253 0.018000001087784767 0.009444444440305233 1.905882477760315 8.29999828338623
254 0.021000001579523087 0.009444444440305233 2.223529577255249 13.000016212463379
255 0.01850000023841858 0.010555555112659931 1.752631664276123 11.100008964538574
256 0.017500001937150955 0.009999999776482582 1.750000238418579 8.399998664855957
257 0.018000001087784767 0.009999999776482582 1.8000001907348633 9.900004386901855
258 0.016499999910593033 0.009444444440305233 1.7470588684082031 6.7999982833862305
259 0.026000000536441803 0.009444444440305233 2.752941131591797 16.9000301361084
260 0.015000000596046448 0.009444444440305233 1.5882353782653809 6.599998474121094
261 0.017500001937150955 0.010555555112659931 1.6578949689865112 15.400025367736816
262 0.014000000432133675 0.009999999776482582 1.4000000953674316 9.100001335144043
263 0.015500000678002834 0.010555555112659931 1.468421220779419 13.600018501281738
264 0.021000001579523087 0.010555555112659931 1.9894739389419556 12.600014686584473
265 0.015500000678002834 0.010555555112659931 1.468421220779419 6.599998474121094
266 0.017000000923871994 0.009444444440305233 1.8000000715255737 9.400002479553223
267 0.01900000125169754 0.010555555112659931 1.8000001907348633 9.300002098083496
268 0.0195000022649765 0.010555555112659931 1.8473687171936035 9.700003623962402
269 0.019999999552965164 0.010555555112659931 1.894736886024475 8.29999828338623
270 0.017500001937150955 0.009444444440305233 1.8529413938522339 6.7999982833862305
271 0.011500000953674316 0.009444444440305233 1.2176471948623657 10.600007057189941
272 0.014500000514090061 0.009444444440305233 1.5352941751480103 10.500006675720215
273 0.015500000678002834 0.009444444440305233 1.6411765813827515 9.50000286102295
274 0.017500001937150955 0.009444444440305233 1.8529413938522339 4.600000381469727
275 0.018000001087784767 0.009444444440305233 1.905882477760315 7.999997615814209
276 0.017000000923871994 0.009999999776482582 1.7000001668930054 11.2000093460083
277 0.018000001087784767 0.010555555112659931 1.705263376235962 9.20000171661377
278 0.014000000432133675 0.009444444440305233 1.4823529720306396 11.900012016296387
279 0.020500000566244125 0.010555555112659931 1.9421054124832153 8.90000057220459
280 0.01600000075995922 0.009444444440305233 1.694117784500122 9.20000171661377
281 0.012500000186264515 0.009444444440305233 1.3235294818878174 12.40001392364502
282 0.01850000023841858 0.009999999776482582 1.850000023841858 8.90000057220459
283 0.013500000350177288 0.010555555112659931 1.2789474725723267 6.7999982833862305
284 0.01250000111758709 0.009444444440305233 1.3235294818878174 12.500014305114746
285 0.020000001415610313 0.009999999776482582 2.000000238418579 9.20000171661377
286 0.01600000075995922 0.009444444440305233 1.694117784500122 15.90002727508545
287 0.017000000923871994 0.009999999776482582 1.7000001668930054 7.0999979972839355
288 0.018000001087784767 0.009999999776482582 1.8000001907348633 9.800004005432129
289 0.015500000678002834 0.009999999776482582 1.5500000715255737 7.699997425079346
290 0.013500001281499863 0.009444444440305233 1.4294118881225586 8.099997520446777
291 0.0195000022649765 0.010555555112659931 1.8473687171936035 10.000004768371582
292 0.01100000087171793 0.009444444440305233 1.1647059917449951 8.800000190734863
293 0.02250000089406967 0.009444444440305233 2.3823530673980713 4.000000953674316
294 0.018000001087784767 0.010555555112659931 1.705263376235962 15.00002384185791
295 0.013500000350177288 0.009999999776482582 1.350000023841858 9.600003242492676
296 0.017000000923871994 0.009444444440305233 1.8000000715255737 12.10001277923584
297 0.012000000104308128 0.010555555112659931 1.136842131614685 10.700007438659668
298 0.02250000089406967 0.009444444440305233 2.3823530673980713 10.400006294250488
299 0.012000000104308128 0.009999999776482582 1.2000000476837158 11.600010871887207
300 0.014000000432133675 0.009444444440305233 1.4823529720306396 12.500014305114746
301 0.015500000678002834 0.009444444440305233 1.6411765813827515 6.599998474121094
302 0.026000000536441803 0.009999999776482582 2.6000001430511475 11.2000093460083
303 0.021500002592802048 0.009444444440305233 2.276470899581909 8.499999046325684
304 0.013500000350177288 0.010555555112659931 1.2789474725723267 8.099997520446777
305 0.015000000596046448 0.009999999776482582 1.5000001192092896 10.800007820129395
306 0.012500000186264515 0.009444444440305233 1.3235294818878174 9.300002098083496
307 0.017000000923871994 0.009444444440305233 1.8000000715255737 14.600022315979004
308 0.01850000023841858 0.010555555112659931 1.752631664276123 8.399998664855957
309 0.016499999910593033 0.010555555112659931 1.5631579160690308 8.199997901916504
310 0.00950000062584877 0.009999999776482582 0.9500001072883606 12.000012397766113
311 0.021000001579523087 0.010555555112659931 1.9894739389419556 9.50000286102295
312 0.01600000075995922 0.009999999776482582 1.6000001430511475 8.699999809265137
313 0.018000001087784767 0.010555555112659931 1.705263376235962 10.200005531311035
314 0.015000000596046448 0.009444444440305233 1.5882353782653809 6.899998188018799
315 0.018000001087784767 0.010555555112659931 1.705263376235962 8.800000190734863
316 0.01250000111758709 0.010555555112659931 1.1842106580734253 9.900004386901855
317 0.012000000104308128 0.009999999776482582 1.2000000476837158 8.90000057220459
318 0.014000000432133675 0.009999999776482582 1.4000000953674316 9.20000171661377
319 0.018000001087784767 0.010555555112659931 1.705263376235962 9.000000953674316
320 0.03200000151991844 0.009444444440305233 3.388235569000244 11.600010871887207
321 1.0 0.9983333349227905 1.0016694068908691 -94.89912414550781
322 0.9970000386238098 0.5249999761581421 1.8990477323532104 -94.89912414550781
323 0.017000000923871994 0.009999999776482582 1.7000001668930054 8.29999828338623
324 0.01900000125169754 0.010555555112659931 1.8000001907348633 13.700018882751465
325 0.017500001937150955 0.010555555112659931 1.6578949689865112 5.299999713897705
326 0.013000000268220901 0.009444444440305233 1.3764705657958984 7.499997615814209
327 0.017500001937150955 0.010555555112659931 1.6578949689865112 15.700026512145996
328 0.02250000089406967 0.009999999776482582 2.250000238418579 11.50001049041748
329 0.015000000596046448 0.010555555112659931 1.4210526943206787 9.000000953674316
330 0.014500001445412636 0.009999999776482582 1.4500001668930054 9.400002479553223
331 0.01900000125169754 0.010555555112659931 1.8000001907348633 9.800004005432129
332 0.023500001057982445 0.009999999776482582 2.3500001430511475 13.700018882751465
333 0.017000000923871994 0.009999999776482582 1.7000001668930054 9.700003623962402
334 0.011500000953674316 0.009444444440305233 1.2176471948623657 6.7999982833862305
335 0.021000001579523087 0.009999999776482582 2.1000001430511475 12.600014686584473
336 0.0195000022649765 0.009999999776482582 1.950000286102295 8.90000057220459
337 0.011500000953674316 0.009999999776482582 1.1500000953674316 5.0
338 0.014000000432133675 0.009444444440305233 1.4823529720306396 7.699997425079346
339 0.016499999910593033 0.010555555112659931 1.5631579160690308 12.10001277923584
340 0.0195000022649765 0.009999999776482582 1.950000286102295 6.499998569488525
341 0.0195000022649765 0.009999999776482582 1.950000286102295 4.500000476837158
342 0.021000001579523087 0.009444444440305233 2.223529577255249 5.899999141693115
343 0.015000000596046448 0.010555555112659931 1.4210526943206787 9.400002479553223
344 0.010000000707805157 0.009999999776482582 1.0000001192092896 11.000008583068848
345 0.024500001221895218 0.009999999776482582 2.450000286102295 11.600010871887207
346 0.014000000432133675 0.009444444440305233 1.4823529720306396 9.50000286102295
347 0.014500000514090061 0.009444444440305233 1.5352941751480103 8.699999809265137
348 0.01850000023841858 0.009444444440305233 1.958823561668396 13.500018119812012
349 0.012000000104308128 0.009444444440305233 1.2705882787704468 8.399998664855957
350 0.01850000023841858 0.009444444440305233 1.958823561668396 9.300002098083496
351 0.01600000075995922 0.009444444440305233 1.694117784500122 8.399998664855957
352 0.015000000596046448 0.010555555112659931 1.4210526943206787 15.800026893615723
353 0.015500000678002834 0.010555555112659931 1.468421220779419 9.700003623962402
354 0.014000000432133675 0.010555555112659931 1.3263158798217773 10.200005531311035
355 0.011500000953674316 0.009444444440305233 1.2176471948623657 7.899997234344482
356 0.017000000923871994 0.009999999776482582 1.7000001668930054 9.50000286102295
357 0.017000000923871994 0.009444444440305233 1.8000000715255737 17.300031661987305
358 0.018000001087784767 0.010555555112659931 1.705263376235962 7.0999979972839355
359 0.014500001445412636 0.010555555112659931 1.3736844062805176 9.100001335144043
360 1.0 0.9994444251060486 1.0005558729171753 -94.89912414550781
361 0.016499999910593033 0.009444444440305233 1.7470588684082031 10.500006675720215
362 0.011500000953674316 0.009999999776482582 1.1500000953674316 12.000012397766113
363 0.02850000187754631 0.009999999776482582 2.8500001430511475 12.800015449523926
364 0.012500000186264515 0.009999999776482582 1.25 14.70002269744873
365 0.010999999940395355 0.009999999776482582 1.100000023841858 14.500021934509277
366 0.00950000062584877 0.009444444440305233 1.0058823823928833 9.400002479553223
367 0.013500000350177288 0.010555555112659931 1.2789474725723267 8.90000057220459
368 0.01850000023841858 0.009999999776482582 1.850000023841858 13.000016212463379
369 0.010000000707805157 0.009444444440305233 1.058823585510254 7.499997615814209
370 0.026500001549720764 0.009999999776482582 2.6500000953674316 8.90000057220459
371 0.009000000543892384 0.009444444440305233 0.9529412388801575 10.700007438659668
372 0.020000001415610313 0.009999999776482582 2.000000238418579 14.100020408630371
373 0.020000001415610313 0.010555555112659931 1.8947370052337646 6.299998760223389
374 0.024000000208616257 0.009999999776482582 2.4000000953674316 14.200020790100098
375 0.020500000566244125 0.010555555112659931 1.9421054124832153 12.40001392364502
376 0.013000000268220901 0.009444444440305233 1.3764705657958984 16.30002784729004
377 0.01850000023841858 0.009444444440305233 1.958823561668396 9.400002479553223
378 0.016499999910593033 0.009444444440305233 1.7470588684082031 8.399998664855957
379 0.013000000268220901 0.009444444440305233 1.3764705657958984 8.90000057220459
380 0.017000000923871994 0.009444444440305233 1.8000000715255737 10.400006294250488
381 0.013000000268220901 0.009999999776482582 1.3000000715255737 11.300009727478027
382 0.02250000089406967 0.010555555112659931 2.1315791606903076 10.100005149841309
383 0.012000000104308128 0.010555555112659931 1.136842131614685 11.300009727478027
384 0.012500000186264515 0.009444444440305233 1.3235294818878174 11.300009727478027
385 0.01250000111758709 0.010555555112659931 1.1842106580734253 15.00002384185791
386 0.02200000174343586 0.009444444440305233 2.3294119834899902 8.800000190734863
387 0.017000000923871994 0.010555555112659931 1.610526442527771 6.599998474121094
388 0.014500000514090061 0.009444444440305233 1.5352941751480103 13.800019264221191
389 0.008500000461935997 0.009999999776482582 0.8500000834465027 8.59999942779541
390 0.014000000432133675 0.009444444440305233 1.4823529720306396 6.7999982833862305
391 0.021500002592802048 0.009999999776482582 2.1500003337860107 17.600032806396484
392 0.017999999225139618 0.009999999776482582 1.7999999523162842 10.800007820129395
393 0.019999999552965164 0.009444444440305233 2.1176469326019287 12.7000150680542
394 0.018000001087784767 0.009444444440305233 1.905882477760315 8.90000057220459
395 0.026500001549720764 0.009999999776482582 2.6500000953674316 4.600000381469727
396 0.014500001445412636 0.009999999776482582 1.4500001668930054 14.500021934509277
397 0.015000000596046448 0.009444444440305233 1.5882353782653809 15.100024223327637
398 0.018000001087784767 0.009444444440305233 1.905882477760315 10.700007438659668
399 0.014500000514090061 0.009444444440305233 1.5352941751480103 10.600007057189941
400 0.014000000432133675 0.010555555112659931 1.3263158798217773 8.499999046325684
401 0.020000001415610313 0.009444444440305233 2.117647171020508 6.7999982833862305
402 0.023000001907348633 0.009999999776482582 2.3000001907348633 11.000008583068848
403 0.0195000022649765 0.009999999776482582 1.950000286102295 9.400002479553223
404 0.010500000789761543 0.009444444440305233 1.1117647886276245 8.399998664855957
405 0.02850000001490116 0.009444444440305233 3.0176470279693604 1.100002646446228
406 0.017500000074505806 0.010555555112659931 1.6578948497772217 11.100008964538574
407 0.017000000923871994 0.009999999776482582 1.7000001668930054 11.300009727478027
408 0.016499999910593033 0.009999999776482582 1.649999976158142 9.900004386901855
409 0.016499999910593033 0.009444444440305233 1.7470588684082031 10.300005912780762
410 0.009999999776482582 0.010555555112659931 0.9473684430122375 7.0999979972839355
411 0.0215000007301569 0.010555555112659931 2.0368423461914062 16.400028228759766
412 0.01850000023841858 0.009999999776482582 1.850000023841858 9.000000953674316
413 0.02250000089406967 0.009999999776482582 2.250000238418579 6.999998092651367
414 0.015500000678002834 0.009444444440305233 1.6411765813827515 14.200020790100098
415 0.017500001937150955 0.010555555112659931 1.6578949689865112 5.6999993324279785
416 0.023000001907348633 0.009444444440305233 2.4352943897247314 12.900015830993652
417 0.02250000089406967 0.009444444440305233 2.3823530673980713 9.400002479553223
418 0.015500000678002834 0.009444444440305233 1.6411765813827515 6.699998378753662
419 0.026500001549720764 0.009999999776482582 2.6500000953674316 14.100020408630371
420 0.012000000104308128 0.009999999776482582 1.2000000476837158 9.100001335144043
421 0.024000000208616257 0.010555555112659931 2.27368426322937 7.699997425079346
422 0.023000001907348633 0.010555555112659931 2.178947687149048 10.000004768371582
423 0.013500001281499863 0.009999999776482582 1.3500001430511475 5.59999942779541
424 0.0195000022649765 0.009444444440305233 2.0647060871124268 14.300021171569824
425 0.013500000350177288 0.009999999776482582 1.350000023841858 9.100001335144043
426 0.014000000432133675 0.010555555112659931 1.3263158798217773 8.199997901916504
427 0.013500000350177288 0.009999999776482582 1.350000023841858 6.699998378753662
428 0.020500000566244125 0.010555555112659931 1.9421054124832153 8.59999942779541
429 0.018000001087784767 0.009999999776482582 1.8000001907348633 11.100008964538574
430 0.012000000104308128 0.010555555112659931 1.136842131614685 14.800023078918457
431 0.0195000022649765 0.009444444440305233 2.0647060871124268 8.800000190734863
432 0.01600000075995922 0.009444444440305233 1.694117784500122 10.800007820129395
433 0.015500000678002834 0.009999999776482582 1.5500000715255737 5.59999942779541
434 0.01850000023841858 0.010555555112659931 1.752631664276123 12.40001392364502
435 0.01900000125169754 0.009444444440305233 2.0117647647857666 6.7999982833862305
436 0.023000001907348633 0.009444444440305233 2.4352943897247314 8.29999828338623
437 0.018000001087784767 0.009999999776482582 1.8000001907348633 12.600014686584473
438 0.017500001937150955 0.009999999776482582 1.750000238418579 12.000012397766113
439 0.01600000075995922 0.010555555112659931 1.5157896280288696 12.000012397766113
440 0.016499999910593033 0.009444444440305233 1.7470588684082031 7.699997425079346
441 0.01250000111758709 0.010555555112659931 1.1842106580734253 9.300002098083496
442 0.019500000402331352 0.010555555112659931 1.8473684787750244 11.100008964538574
443 0.015500000678002834 0.009444444440305233 1.6411765813827515 10.000004768371582
444 0.00950000062584877 0.009444444440305233 1.0058823823928833 6.399998664855957
445 0.017500000074505806 0.009999999776482582 1.75 1.5000027418136597
446 0.01850000023841858 0.010555555112659931 1.752631664276123 0.9000025987625122
447 0.024000000208616257 0.009999999776482582 2.4000000953674316 9.300002098083496
448 0.020000001415610313 0.009444444440305233 2.117647171020508 7.199997901916504
449 0.025499999523162842 0.009999999776482582 2.549999952316284 2.1000027656555176
450 1.0 0.9133333563804626 1.0948904752731323 -94.89912414550781
451 0.014500000514090061 0.010555555112659931 1.373684287071228 4.200000762939453
452 0.020500000566244125 0.009444444440305233 2.170588254928589 13.200016975402832
453 0.018000001087784767 0.010555555112659931 1.705263376235962 14.000020027160645
454 0.01900000125169754 0.009444444440305233 2.0117647647857666 11.300009727478027
455 0.01900000125169754 0.009999999776482582 1.9000002145767212 8.499999046325684
456 0.01600000075995922 0.010555555112659931 1.5157896280288696 8.099997520446777
457 0.014500000514090061 0.009444444440305233 1.5352941751480103 11.400010108947754
458 0.011500000953674316 0.009444444440305233 1.2176471948623657 7.199997901916504
459 0.015500000678002834 0.009444444440305233 1.6411765813827515 16.00002670288086
460 0.014500000514090061 0.009444444440305233 1.5352941751480103 7.999997615814209
461 0.017500001937150955 0.009444444440305233 1.8529413938522339 9.50000286102295
462 0.013000000268220901 0.009999999776482582 1.3000000715255737 11.400010108947754
463 0.021000001579523087 0.010555555112659931 1.9894739389419556 3.8000011444091797
464 0.0215000007301569 0.010555555112659931 2.0368423461914062 14.900023460388184
465 0.020000001415610313 0.009444444440305233 2.117647171020508 7.199997901916504
466 0.011500000953674316 0.009999999776482582 1.1500000953674316 14.300021171569824
467 0.009999999776482582 0.010555555112659931 0.9473684430122375 15.500025749206543
468 0.014000000432133675 0.009999999776482582 1.4000000953674316 13.400017738342285
469 0.012000000104308128 0.009444444440305233 1.2705882787704468 6.7999982833862305
470 0.01850000023841858 0.009999999776482582 1.850000023841858 9.20000171661377
471 0.018000001087784767 0.009444444440305233 1.905882477760315 10.500006675720215
472 0.012000000104308128 0.009999999776482582 1.2000000476837158 0.6000025272369385
473 0.01600000075995922 0.009999999776482582 1.6000001430511475 11.700011253356934
474 0.014500000514090061 0.009444444440305233 1.5352941751480103 7.599997520446777
475 0.009999999776482582 0.009444444440305233 1.0588234663009644 12.000012397766113
476 0.014500000514090061 0.009999999776482582 1.4500000476837158 9.700003623962402
477 0.017500001937150955 0.009444444440305233 1.8529413938522339 8.800000190734863
478 0.0215000007301569 0.010555555112659931 2.0368423461914062 11.2000093460083
479 0.015000000596046448 0.009999999776482582 1.5000001192092896 9.100001335144043
480 0.015500001609325409 0.010555555112659931 1.468421220779419 7.0999979972839355
481 0.020000001415610313 0.010555555112659931 1.8947370052337646 7.699997425079346
482 0.0215000007301569 0.009999999776482582 2.1500000953674316 9.400002479553223
483 0.013000000268220901 0.009999999776482582 1.3000000715255737 13.700018882751465
484 0.015500000678002834 0.009444444440305233 1.6411765813827515 13.100016593933105
485 0.01600000075995922 0.009999999776482582 1.6000001430511475 10.800007820129395
486 0.012000000104308128 0.009444444440305233 1.2705882787704468 8.59999942779541
487 0.013000000268220901 0.009999999776482582 1.3000000715255737 13.500018119812012
488 0.018000001087784767 0.009999999776482582 1.8000001907348633 7.499997615814209
489 0.015500000678002834 0.009999999776482582 1.5500000715255737 6.899998188018799
490 0.015500000678002834 0.009999999776482582 1.5500000715255737 8.099997520446777
491 0.01900000125169754 0.009444444440305233 2.0117647647857666 8.199997901916504
492 0.016499999910593033 0.009999999776482582 1.649999976158142 11.80001163482666
493 0.015500000678002834 0.009444444440305233 1.6411765813827515 2.3000025749206543
494 0.020000001415610313 0.009999999776482582 2.000000238418579 13.300017356872559
495 0.017000000923871994 0.009999999776482582 1.7000001668930054 13.800019264221191
496 0.016500001773238182 0.010555555112659931 1.5631581544876099 7.699997425079346
497 0.017500001937150955 0.009444444440305233 1.8529413938522339 9.100001335144043
498 0.010500000789761543 0.009444444440305233 1.1117647886276245 1.0000026226043701
499 0.02500000037252903 0.009444444440305233 2.6470589637756348 5.899999141693115
500 0.020000001415610313 0.009444444440305233 2.117647171020508 9.300002098083496
501 0.010999999940395355 0.009444444440305233 1.1647058725357056 16.100027084350586
502 0.01850000023841858 0.009999999776482582 1.850000023841858 9.800004005432129
503 0.013500001281499863 0.009999999776482582 1.3500001430511475 7.0999979972839355
504 0.017000000923871994 0.009999999776482582 1.7000001668930054 19.100038528442383
505 0.01850000023841858 0.009444444440305233 1.958823561668396 8.499999046325684
506 0.014000000432133675 0.009999999776482582 1.4000000953674316 11.80001163482666
507 0.017500001937150955 0.009999999776482582 1.750000238418579 7.999997138977051
508 0.01600000075995922 0.010555555112659931 1.5157896280288696 5.999999046325684
509 0.01600000075995922 0.009444444440305233 1.694117784500122 4.900000095367432
510 0.017000000923871994 0.009444444440305233 1.8000000715255737 12.900015830993652
511 0.018000001087784767 0.010555555112659931 1.705263376235962 8.59999942779541
512 0.018000001087784767 0.009444444440305233 1.905882477760315 5.59999942779541
513 0.014500000514090061 0.010555555112659931 1.373684287071228 14.70002269744873
514 0.016499999910593033 0.010555555112659931 1.5631579160690308 16.500028610229492
515 0.017500001937150955 0.009444444440305233 1.8529413938522339 10.500006675720215
516 0.021000001579523087 0.009444444440305233 2.223529577255249 7.199997901916504
517 0.01600000075995922 0.009444444440305233 1.694117784500122 17.800033569335938
518 0.018000001087784767 0.009999999776482582 1.8000001907348633 10.300005912780762
519 0.017500001937150955 0.009444444440305233 1.8529413938522339 12.500014305114746
520 0.02250000089406967 0.009999999776482582 2.250000238418579 6.499998569488525
521 0.016499999910593033 0.010555555112659931 1.5631579160690308 12.300013542175293
522 0.011500000953674316 0.009999999776482582 1.1500000953674316 7.299997806549072
523 0.013500000350177288 0.010555555112659931 1.2789474725723267 9.000000953674316
524 0.013500001281499863 0.009444444440305233 1.4294118881225586 6.599998474121094
525 0.017000000923871994 0.009444444440305233 1.8000000715255737 7.399997711181641
526 0.010500000789761543 0.009444444440305233 1.1117647886276245 9.700003623962402
527 0.02199999988079071 0.009999999776482582 2.200000047683716 12.10001277923584
528 0.015500000678002834 0.009444444440305233 1.6411765813827515 14.900023460388184
529 0.013000000268220901 0.009444444440305233 1.3764705657958984 7.299997806549072
530 0.015500000678002834 0.009999999776482582 1.5500000715255737 9.400002479553223
531 0.015000000596046448 0.009444444440305233 1.5882353782653809 6.399998664855957
532 0.014000000432133675 0.009999999776482582 1.4000000953674316 9.600003242492676
533 0.010500000789761543 0.009444444440305233 1.1117647886276245 8.90000057220459
534 0.015000000596046448 0.009444444440305233 1.5882353782653809 9.600003242492676
535 0.012000000104308128 0.009999999776482582 1.2000000476837158 10.900008201599121
536 0.011500000953674316 0.009444444440305233 1.2176471948623657 9.100001335144043
537 0.014000000432133675 0.009999999776482582 1.4000000953674316 13.300017356872559
538 0.01250000111758709 0.010555555112659931 1.1842106580734253 8.199997901916504
539 0.015500001609325409 0.009999999776482582 1.5500001907348633 10.400006294250488
540 0.015000000596046448 0.009999999776482582 1.5000001192092896 10.600007057189941
541 0.021000001579523087 0.010555555112659931 1.9894739389419556 15.30002498626709
542 0.014000000432133675 0.009999999776482582 1.4000000953674316 12.600014686584473
543 0.021000001579523087 0.009444444440305233 2.223529577255249 4.900000095367432
544 0.016499999910593033 0.009444444440305233 1.7470588684082031 2.800002098083496
545 0.013500000350177288 0.010555555112659931 1.2789474725723267 8.699999809265137
546 0.0215000007301569 0.010555555112659931 2.0368423461914062 9.100001335144043
547 0.014000000432133675 0.009999999776482582 1.4000000953674316 11.400010108947754
548 0.0195000022649765 0.009444444440305233 2.0647060871124268 5.499999523162842
549 0.015500000678002834 0.009999999776482582 1.5500000715255737 10.800007820129395
550 0.01900000125169754 0.010555555112659931 1.8000001907348633 14.100020408630371
551 0.021000001579523087 0.009444444440305233 2.223529577255249 5.899999141693115
552 0.023000001907348633 0.010555555112659931 2.178947687149048 2.1000027656555176
553 0.014000000432133675 0.009999999776482582 1.4000000953674316 6.399998664855957
554 0.015500000678002834 0.010555555112659931 1.468421220779419 6.499998569488525
555 0.01600000075995922 0.010555555112659931 1.5157896280288696 13.600018501281738
556 0.0195000022649765 0.009444444440305233 2.0647060871124268 9.900004386901855
557 0.01900000125169754 0.010555555112659931 1.8000001907348633 8.90000057220459
558 0.013000000268220901 0.009444444440305233 1.3764705657958984 7.999997138977051
559 0.015000000596046448 0.009999999776482582 1.5000001192092896 7.499997615814209
560 0.009000000543892384 0.009999999776482582 0.9000000953674316 12.10001277923584
561 0.017500001937150955 0.009444444440305233 1.8529413938522339 6.499998569488525
562 0.012000000104308128 0.010555555112659931 1.136842131614685 9.100001335144043
563 0.01250000111758709 0.009444444440305233 1.3235294818878174 7.0999979972839355
564 0.015000000596046448 0.009444444440305233 1.5882353782653809 10.900008201599121
565 0.02200000174343586 0.009444444440305233 2.3294119834899902 9.50000286102295
566 0.010999999940395355 0.009999999776482582 1.100000023841858 9.800004005432129
567 0.024500001221895218 0.009999999776482582 2.450000286102295 9.400002479553223
568 0.009999999776482582 0.009444444440305233 1.0588234663009644 6.299998760223389
569 0.02250000089406967 0.010555555112659931 2.1315791606903076 9.700003623962402
570 0.013000000268220901 0.009999999776482582 1.3000000715255737 9.300002098083496
571 0.02250000089406967 0.009999999776482582 2.250000238418579 13.400017738342285
572 0.01850000023841858 0.009999999776482582 1.850000023841858 8.59999942779541
573 0.012000000104308128 0.009444444440305233 1.2705882787704468 9.800004005432129
574 0.023000001907348633 0.010555555112659931 2.178947687149048 13.500018119812012
575 0.018000001087784767 0.009999999776482582 1.8000001907348633 12.600014686584473
576 0.01250000111758709 0.009444444440305233 1.3235294818878174 7.199997901916504
577 0.01600000075995922 0.009444444440305233 1.694117784500122 14.40002155303955
578 0.013000000268220901 0.009999999776482582 1.3000000715255737 14.000020027160645
579 0.024000000208616257 0.010555555112659931 2.27368426322937 11.600010871887207
580 0.013000000268220901 0.009444444440305233 1.3764705657958984 11.600010871887207
581 0.018000001087784767 0.009444444440305233 1.905882477760315 12.000012397766113
582 0.01250000111758709 0.010555555112659931 1.1842106580734253 9.700003623962402
583 0.999500036239624 0.7166666388511658 1.3946512937545776 -94.89912414550781
584 0.0325000025331974 0.009999999776482582 3.250000238418579 4.200000762939453
585 0.010999999940395355 0.009999999776482582 1.100000023841858 8.199997901916504
586 0.016499999910593033 0.009999999776482582 1.649999976158142 12.900015830993652
587 0.009000000543892384 0.009444444440305233 0.9529412388801575 9.000000953674316
588 0.0195000022649765 0.009999999776482582 1.950000286102295 8.499999046325684
589 0.020000001415610313 0.009999999776482582 2.000000238418579 13.300017356872559
590 0.019500000402331352 0.009999999776482582 1.9500000476837158 9.50000286102295
591 0.017000000923871994 0.010555555112659931 1.610526442527771 12.600014686584473
592 0.013500000350177288 0.009444444440305233 1.429411768913269 5.799999237060547
593 0.019500000402331352 0.009444444440305233 2.0647058486938477 11.50001049041748
594 0.021000001579523087 0.009999999776482582 2.1000001430511475 2.6000022888183594
595 0.012000000104308128 0.010555555112659931 1.136842131614685 9.900004386901855
596 0.016499999910593033 0.009999999776482582 1.649999976158142 9.900004386901855
597 0.012500000186264515 0.009999999776482582 1.25 11.900012016296387
598 0.013000000268220901 0.009444444440305233 1.3764705657958984 8.099997520446777
599 0.018000001087784767 0.009999999776482582 1.8000001907348633 6.599998474121094
600 0.020000001415610313 0.009999999776482582 2.000000238418579 8.29999828338623
601 0.020500000566244125 0.009999999776482582 2.0500001907348633 11.80001163482666
602 0.017500001937150955 0.010555555112659931 1.6578949689865112 11.50001049041748
603 0.015000000596046448 0.009444444440305233 1.5882353782653809 13.200016975402832
604 0.012000000104308128 0.009444444440305233 1.2705882787704468 6.899998188018799
605 0.015000000596046448 0.009999999776482582 1.5000001192092896 15.30002498626709
606 0.013500000350177288 0.009999999776482582 1.350000023841858 5.999999046325684
607 0.015500000678002834 0.009999999776482582 1.5500000715255737 11.100008964538574
608 0.010500000789761543 0.009999999776482582 1.0500000715255737 11.2000093460083
609 0.015500000678002834 0.009999999776482582 1.5500000715255737 8.90000057220459
610 0.0195000022649765 0.009444444440305233 2.0647060871124268 13.700018882751465
611 0.02550000138580799 0.009444444440305233 2.700000047683716 3.300001621246338
612 0.017500001937150955 0.010555555112659931 1.6578949689865112 9.300002098083496
613 0.021000001579523087 0.009999999776482582 2.1000001430511475 18.400035858154297
614 0.020500000566244125 0.009444444440305233 2.170588254928589 5.199999809265137
615 0.01600000075995922 0.009999999776482582 1.6000001430511475 12.200013160705566
616 0.014500000514090061 0.010555555112659931 1.373684287071228 7.999997138977051
617 0.017000000923871994 0.010555555112659931 1.610526442527771 9.600003242492676
618 0.016499999910593033 0.009444444440305233 1.7470588684082031 8.699999809265137
619 0.013500000350177288 0.009444444440305233 1.429411768913269 14.000020027160645
620 0.020000001415610313 0.010555555112659931 1.8947370052337646 5.0
621 0.013500001281499863 0.009999999776482582 1.3500001430511475 8.800000190734863
622 0.009999999776482582 0.009444444440305233 1.0588234663009644 12.10001277923584
623 0.010500000789761543 0.009444444440305233 1.1117647886276245 11.000008583068848
624 0.016499999910593033 0.009999999776482582 1.649999976158142 12.7000150680542
625 0.015500000678002834 0.009999999776482582 1.5500000715255737 9.600003242492676
626 0.02250000089406967 0.009999999776482582 2.250000238418579 6.299998760223389
627 0.014500001445412636 0.010555555112659931 1.3736844062805176 13.700018882751465
628 0.00950000062584877 0.010555555112659931 0.9000000953674316 6.899998188018799
629 0.01600000075995922 0.010555555112659931 1.5157896280288696 9.20000171661377
630 0.014000000432133675 0.010555555112659931 1.3263158798217773 9.50000286102295
631 0.01850000023841858 0.009444444440305233 1.958823561668396 8.499999046325684
632 0.018000001087784767 0.010555555112659931 1.705263376235962 12.10001277923584
633 0.017500001937150955 0.009444444440305233 1.8529413938522339 11.000008583068848
634 0.01250000111758709 0.009444444440305233 1.3235294818878174 15.00002384185791
635 0.017500001937150955 0.010555555112659931 1.6578949689865112 10.700007438659668
636 0.021500002592802048 0.009444444440305233 2.276470899581909 9.100001335144043
637 0.0195000022649765 0.010555555112659931 1.8473687171936035 16.30002784729004
638 0.016499999910593033 0.009444444440305233 1.7470588684082031 9.100001335144043
639 0.015500000678002834 0.010555555112659931 1.468421220779419 17.500032424926758
640 0.013000000268220901 0.009444444440305233 1.3764705657958984 6.499998569488525
641 0.017000000923871994 0.009444444440305233 1.8000000715255737 8.399998664855957
642 0.011500000953674316 0.010555555112659931 1.089473843574524 9.700003623962402
643 0.017500001937150955 0.010555555112659931 1.6578949689865112 7.999997138977051
644 0.014500000514090061 0.009999999776482582 1.4500000476837158 14.200020790100098
645 0.014000000432133675 0.009444444440305233 1.4823529720306396 9.400002479553223
646 0.016499999910593033 0.009444444440305233 1.7470588684082031 10.600007057189941
647 0.01600000075995922 0.010555555112659931 1.5157896280288696 8.199997901916504
648 0.017000000923871994 0.009444444440305233 1.8000000715255737 9.300002098083496
649 0.015500000678002834 0.010555555112659931 1.468421220779419 12.200013160705566
650 0.015000000596046448 0.009444444440305233 1.5882353782653809 9.300002098083496
651 0.015000000596046448 0.009444444440305233 1.5882353782653809 7.699997425079346
652 0.01850000023841858 0.010555555112659931 1.752631664276123 14.40002155303955
653 0.013500001281499863 0.009999999776482582 1.3500001430511475 9.700003623962402
654 0.014000000432133675 0.009999999776482582 1.4000000953674316 16.400028228759766
655 0.015500000678002834 0.009999999776482582 1.5500000715255737 11.300009727478027
656 0.024500001221895218 0.009999999776482582 2.450000286102295 6.499998569488525
657 0.013500000350177288 0.010555555112659931 1.2789474725723267 10.400006294250488
658 0.01250000111758709 0.009444444440305233 1.3235294818878174 12.800015449523926
659 0.017500001937150955 0.010555555112659931 1.6578949689865112 10.000004768371582
660 1.0 0.5305555462837219 1.8848167657852173 -94.89912414550781
661 0.016499999910593033 0.009999999776482582 1.649999976158142 9.600003242492676
662 0.01900000125169754 0.009444444440305233 2.0117647647857666 8.59999942779541
663 0.02199999988079071 0.009444444440305233 2.329411745071411 9.100001335144043
664 0.013000000268220901 0.010555555112659931 1.231579065322876 9.800004005432129
665 0.015000000596046448 0.009444444440305233 1.5882353782653809 12.900015830993652
666 0.01850000023841858 0.009444444440305233 1.958823561668396 14.500021934509277
667 0.0195000022649765 0.009999999776482582 1.950000286102295 11.300009727478027
668 0.011500000953674316 0.009444444440305233 1.2176471948623657 6.599998474121094
669 0.016499999910593033 0.010555555112659931 1.5631579160690308 8.399998664855957
670 0.02199999988079071 0.009999999776482582 2.200000047683716 13.300017356872559
671 0.015000000596046448 0.009444444440305233 1.5882353782653809 10.900008201599121
672 0.014000000432133675 0.010555555112659931 1.3263158798217773 9.50000286102295
673 0.010999999940395355 0.009444444440305233 1.1647058725357056 8.90000057220459
674 0.007000000216066837 0.009444444440305233 0.7411764860153198 9.300002098083496
675 0.014000000432133675 0.010555555112659931 1.3263158798217773 5.999999046325684
676 0.01850000023841858 0.009999999776482582 1.850000023841858 9.400002479553223
677 0.0195000022649765 0.009999999776482582 1.950000286102295 9.50000286102295
678 0.018000001087784767 0.009999999776482582 1.8000001907348633 13.900019645690918
679 0.01900000125169754 0.009444444440305233 2.0117647647857666 8.90000057220459
680 0.0035000001080334187 0.009444444440305233 0.3705882430076599 9.600003242492676
681 0.018000001087784767 0.009444444440305233 1.905882477760315 13.500018119812012
682 0.015000000596046448 0.009444444440305233 1.5882353782653809 9.600003242492676
683 0.011500000953674316 0.009444444440305233 1.2176471948623657 9.100001335144043
684 0.01850000023841858 0.009999999776482582 1.850000023841858 9.20000171661377
685 1.0 0.9822221994400024 1.0180995464324951 -94.89912414550781
686 0.019999999552965164 0.009444444440305233 2.1176469326019287 9.100001335144043
687 0.010999999940395355 0.009444444440305233 1.1647058725357056 15.700026512145996
688 0.018000001087784767 0.010555555112659931 1.705263376235962 10.800007820129395
689 0.013500000350177288 0.009444444440305233 1.429411768913269 7.699997425079346
690 0.017500001937150955 0.009444444440305233 1.8529413938522339 6.499998569488525
691 0.024000000208616257 0.009999999776482582 2.4000000953674316 11.400010108947754
692 0.023000001907348633 0.009444444440305233 2.4352943897247314 9.000000953674316
693 0.01250000111758709 0.009444444440305233 1.3235294818878174 12.300013542175293
694 0.01900000125169754 0.010555555112659931 1.8000001907348633 11.50001049041748
695 0.018000001087784767 0.009444444440305233 1.905882477760315 11.600010871887207
696 0.02199999988079071 0.010555555112659931 2.0842106342315674 8.399998664855957
697 0.013500000350177288 0.009999999776482582 1.350000023841858 6.699998378753662
698 0.015000000596046448 0.010555555112659931 1.4210526943206787 9.20000171661377
699 0.023500001057982445 0.009444444440305233 2.4882354736328125 10.300005912780762
700 0.014000000432133675 0.009444444440305233 1.4823529720306396 8.59999942779541
701 0.018000001087784767 0.009999999776482582 1.8000001907348633 8.099997520446777
702 0.01850000023841858 0.009999999776482582 1.850000023841858 10.100005149841309
703 0.017500001937150955 0.009999999776482582 1.750000238418579 9.20000171661377
704 0.014000000432133675 0.010555555112659931 1.3263158798217773 9.100001335144043
705 0.013500001281499863 0.009444444440305233 1.4294118881225586 9.50000286102295
706 0.012000000104308128 0.009999999776482582 1.2000000476837158 11.000008583068848
707 0.021500002592802048 0.009999999776482582 2.1500003337860107 10.200005531311035
708 0.013500001281499863 0.009999999776482582 1.3500001430511475 6.19999885559082
709 0.018000001087784767 0.009999999776482582 1.8000001907348633 9.000000953674316
710 0.011500000953674316 0.010555555112659931 1.089473843574524 12.900015830993652
711 0.015000000596046448 0.009444444440305233 1.5882353782653809 15.400025367736816
712 0.018000001087784767 0.009444444440305233 1.905882477760315 14.200020790100098
713 0.016499999910593033 0.009444444440305233 1.7470588684082031 9.20000171661377
714 0.01600000075995922 0.010555555112659931 1.5157896280288696 7.699997425079346
715 0.015500000678002834 0.009444444440305233 1.6411765813827515 11.400010108947754
716 0.009999999776482582 0.010555555112659931 0.9473684430122375 10.500006675720215
717 0.024000000208616257 0.009999999776482582 2.4000000953674316 2.7000021934509277
718 1.0 1.0 1.0 -94.89912414550781
719 0.019999999552965164 0.009999999776482582 2.0 11.100008964538574
720 0.011500000953674316 0.009444444440305233 1.2176471948623657 10.200005531311035
721 0.020500000566244125 0.010555555112659931 1.9421054124832153 1.200002670288086
722 0.012500000186264515 0.009999999776482582 1.25 8.099997520446777
723 0.017500001937150955 0.010555555112659931 1.6578949689865112 12.300013542175293
724 0.0195000022649765 0.009444444440305233 2.0647060871124268 8.199997901916504
725 0.01250000111758709 0.010555555112659931 1.1842106580734253 11.100008964538574
726 0.014000000432133675 0.009444444440305233 1.4823529720306396 8.499999046325684
727 0.018000001087784767 0.009444444440305233 1.905882477760315 3.4000015258789062
728 0.01850000023841858 0.009999999776482582 1.850000023841858 13.100016593933105
729 0.017000000923871994 0.010555555112659931 1.610526442527771 6.899998188018799
730 0.010999999940395355 0.010555555112659931 1.0421053171157837 11.400010108947754
731 0.017500001937150955 0.009999999776482582 1.750000238418579 11.900012016296387
732 0.017500000074505806 0.009999999776482582 1.75 14.100020408630371
733 0.011500000953674316 0.010555555112659931 1.089473843574524 12.300013542175293
734 0.018000001087784767 0.009444444440305233 1.905882477760315 9.50000286102295
735 0.010500000789761543 0.010555555112659931 0.9947369694709778 11.000008583068848
736 0.01600000075995922 0.010555555112659931 1.5157896280288696 8.29999828338623
737 0.0215000007301569 0.010555555112659931 2.0368423461914062 7.399997711181641
738 0.021000001579523087 0.010555555112659931 1.9894739389419556 14.70002269744873
739 0.017500001937150955 0.009999999776482582 1.750000238418579 4.3000006675720215
740 0.018000001087784767 0.009999999776482582 1.8000001907348633 12.40001392364502
741 0.017500001937150955 0.009999999776482582 1.750000238418579 3.000001907348633
742 0.017000000923871994 0.009444444440305233 1.8000000715255737 11.2000093460083
743 0.01250000111758709 0.010555555112659931 1.1842106580734253 11.2000093460083
744 0.021500002592802048 0.010555555112659931 2.0368423461914062 11.50001049041748
745 0.01600000075995922 0.010555555112659931 1.5157896280288696 13.100016593933105
746 0.015000000596046448 0.009999999776482582 1.5000001192092896 8.499999046325684
747 0.01600000075995922 0.009444444440305233 1.694117784500122 11.000008583068848
748 0.018000001087784767 0.009444444440305233 1.905882477760315 15.400025367736816
749 0.01250000111758709 0.010555555112659931 1.1842106580734253 8.90000057220459
750 0.009000000543892384 0.010555555112659931 0.852631688117981 6.699998378753662
751 0.010000000707805157 0.010555555112659931 0.9473685026168823 11.2000093460083
752 0.01600000075995922 0.009999999776482582 1.6000001430511475 15.00002384185791
753 0.01850000023841858 0.009444444440305233 1.958823561668396 10.700007438659668
754 0.027499999850988388 0.009999999776482582 2.75 12.900015830993652
755 0.0195000022649765 0.009999999776482582 1.950000286102295 8.800000190734863
756 0.015000000596046448 0.009999999776482582 1.5000001192092896 7.999997615814209
757 0.014000000432133675 0.009999999776482582 1.4000000953674316 10.200005531311035
758 0.017000000923871994 0.009444444440305233 1.8000000715255737 11.000008583068848
759 0.011500000953674316 0.009444444440305233 1.2176471948623657 7.899997234344482
760 0.015000000596046448 0.009999999776482582 1.5000001192092896 8.099997520446777
761 0.020500000566244125 0.009999999776482582 2.0500001907348633 7.499997615814209
762 0.030500000342726707 0.009999999776482582 3.0500001907348633 9.000000953674316
763 0.009999999776482582 0.009444444440305233 1.0588234663009644 10.400006294250488
764 0.008500000461935997 0.009444444440305233 0.9000000357627869 7.399997711181641
765 0.01600000075995922 0.009999999776482582 1.6000001430511475 14.100020408630371
766 0.020500000566244125 0.009444444440305233 2.170588254928589 11.300009727478027
767 0.015500000678002834 0.009444444440305233 1.6411765813827515 14.200020790100098
768 0.021500002592802048 0.010555555112659931 2.0368423461914062 7.199997901916504
769 0.013000000268220901 0.009999999776482582 1.3000000715255737 9.300002098083496
770 0.010999999940395355 0.009444444440305233 1.1647058725357056 8.59999942779541
771 0.01250000111758709 0.009444444440305233 1.3235294818878174 10.700007438659668
772 0.023500001057982445 0.009444444440305233 2.4882354736328125 10.100005149841309
773 0.014500001445412636 0.010555555112659931 1.3736844062805176 8.59999942779541
774 0.020500000566244125 0.010555555112659931 1.9421054124832153 8.29999828338623
775 0.027000002562999725 0.009999999776482582 2.700000286102295 7.299997806549072
776 0.017000000923871994 0.009999999776482582 1.7000001668930054 10.100005149841309
777 0.017000000923871994 0.009999999776482582 1.7000001668930054 7.699997425079346
778 0.017000000923871994 0.009444444440305233 1.8000000715255737 8.800000190734863
779 0.017500001937150955 0.009444444440305233 1.8529413938522339 14.500021934509277
780 0.014500000514090061 0.009999999776482582 1.4500000476837158 13.400017738342285
781 0.014000000432133675 0.009444444440305233 1.4823529720306396 12.200013160705566
782 0.017999999225139618 0.010555555112659931 1.7052631378173828 7.399997711181641
783 0.0195000022649765 0.009999999776482582 1.950000286102295 11.100008964538574
784 0.01250000111758709 0.010555555112659931 1.1842106580734253 8.800000190734863
785 0.009000000543892384 0.009444444440305233 0.9529412388801575 9.900004386901855
786 0.014000000432133675 0.009444444440305233 1.4823529720306396 10.200005531311035
787 0.02500000223517418 0.009999999776482582 2.500000238418579 3.4000015258789062
788 0.014000000432133675 0.009999999776482582 1.4000000953674316 14.300021171569824
789 0.021500002592802048 0.010555555112659931 2.0368423461914062 7.999997615814209
790 0.020000001415610313 0.010555555112659931 1.8947370052337646 8.699999809265137
791 0.027499999850988388 0.010555555112659931 2.6052632331848145 9.20000171661377
792 0.02250000089406967 0.009999999776482582 2.250000238418579 14.300021171569824
793 0.01850000023841858 0.009999999776482582 1.850000023841858 20.500043869018555
794 0.01600000075995922 0.009999999776482582 1.6000001430511475 14.600022315979004
795 0.015500000678002834 0.009444444440305233 1.6411765813827515 11.100008964538574
796 0.015000000596046448 0.009999999776482582 1.5000001192092896 8.800000190734863
797 0.0215000007301569 0.009444444440305233 2.27647066116333 14.100020408630371
798 0.017000000923871994 0.009444444440305233 1.8000000715255737 10.800007820129395
799 0.02250000089406967 0.010555555112659931 2.1315791606903076 8.699999809265137
800 0.01250000111758709 0.010555555112659931 1.1842106580734253 19.300039291381836
801 0.012000000104308128 0.009444444440305233 1.2705882787704468 8.90000057220459
802 0.017000000923871994 0.009444444440305233 1.8000000715255737 9.900004386901855
803 0.014500000514090061 0.010555555112659931 1.373684287071228 11.600010871887207
804 0.016499999910593033 0.010555555112659931 1.5631579160690308 10.100005149841309
805 0.013000000268220901 0.009999999776482582 1.3000000715255737 7.599997520446777
806 0.015000000596046448 0.009444444440305233 1.5882353782653809 16.30002784729004
807 0.013000000268220901 0.009999999776482582 1.3000000715255737 15.800026893615723
808 0.017000000923871994 0.009999999776482582 1.7000001668930054 11.80001163482666
809 0.01250000111758709 0.009444444440305233 1.3235294818878174 11.100008964538574
810 0.00950000062584877 0.009999999776482582 0.9500001072883606 7.699997425079346
811 0.017000000923871994 0.009999999776482582 1.7000001668930054 10.300005912780762
812 0.00800000037997961 0.009999999776482582 0.8000000715255737 16.500028610229492
813 0.020000001415610313 0.009444444440305233 2.117647171020508 17.70003318786621
814 1.0 0.9988889098167419 1.0011123418807983 -94.89912414550781
815 0.017000000923871994 0.009444444440305233 1.8000000715255737 11.600010871887207
816 0.019999999552965164 0.010555555112659931 1.894736886024475 10.100005149841309
817 0.018000001087784767 0.009444444440305233 1.905882477760315 11.900012016296387
818 0.010999999940395355 0.009999999776482582 1.100000023841858 12.600014686584473
819 0.016499999910593033 0.009999999776482582 1.649999976158142 8.90000057220459
820 0.021000001579523087 0.009444444440305233 2.223529577255249 15.00002384185791
821 0.01250000111758709 0.009999999776482582 1.2500001192092896 13.300017356872559
822 0.018000001087784767 0.009999999776482582 1.8000001907348633 9.000000953674316
823 0.020500000566244125 0.009999999776482582 2.0500001907348633 15.700026512145996
824 0.015500000678002834 0.009999999776482582 1.5500000715255737 7.899997234344482
825 0.018000001087784767 0.010555555112659931 1.705263376235962 7.799997329711914
826 0.013500000350177288 0.009999999776482582 1.350000023841858 12.300013542175293
827 0.01900000125169754 0.009999999776482582 1.9000002145767212 9.400002479553223
828 0.01600000075995922 0.009999999776482582 1.6000001430511475 9.700003623962402
829 0.014500000514090061 0.009999999776482582 1.4500000476837158 8.499999046325684
830 0.026000000536441803 0.009444444440305233 2.752941131591797 2.800002098083496
831 0.025499999523162842 0.009999999776482582 2.549999952316284 11.600010871887207
832 0.014000000432133675 0.010555555112659931 1.3263158798217773 8.699999809265137
833 0.023000001907348633 0.009999999776482582 2.3000001907348633 11.300009727478027
834 0.018000001087784767 0.009444444440305233 1.905882477760315 5.999999046325684
835 0.017000000923871994 0.009444444440305233 1.8000000715255737 8.59999942779541
836 0.01850000023841858 0.009999999776482582 1.850000023841858 7.799997329711914
837 0.015000000596046448 0.009999999776482582 1.5000001192092896 7.399997711181641
838 0.015000000596046448 0.009999999776482582 1.5000001192092896 12.800015449523926
839 0.014000000432133675 0.009999999776482582 1.4000000953674316 10.300005912780762
840 0.013500000350177288 0.010555555112659931 1.2789474725723267 8.59999942779541
841 0.013500000350177288 0.009444444440305233 1.429411768913269 7.399997711181641
842 0.016499999910593033 0.009444444440305233 1.7470588684082031 12.000012397766113
843 0.016500001773238182 0.010555555112659931 1.5631581544876099 8.399998664855957
844 0.015500000678002834 0.010555555112659931 1.468421220779419 12.000012397766113
845 0.02500000037252903 0.010555555112659931 2.3684210777282715 7.199997901916504
846 0.013000000268220901 0.009444444440305233 1.3764705657958984 11.300009727478027
847 0.010500000789761543 0.009999999776482582 1.0500000715255737 0.9000025987625122
848 0.018000001087784767 0.009999999776482582 1.8000001907348633 13.900019645690918
849 0.0195000022649765 0.009444444440305233 2.0647060871124268 8.800000190734863
850 0.01600000075995922 0.009999999776482582 1.6000001430511475 14.200020790100098
851 0.017000000923871994 0.010555555112659931 1.610526442527771 8.29999828338623
852 0.018000001087784767 0.009999999776482582 1.8000001907348633 10.900008201599121
853 0.014000000432133675 0.010555555112659931 1.3263158798217773 10.500006675720215
854 0.00800000037997961 0.009999999776482582 0.8000000715255737 10.900008201599121
855 0.013500001281499863 0.010555555112659931 1.2789475917816162 10.200005531311035
856 0.013500001281499863 0.009444444440305233 1.4294118881225586 13.600018501281738
857 0.017500001937150955 0.009444444440305233 1.8529413938522339 12.600014686584473
858 0.012000000104308128 0.009444444440305233 1.2705882787704468 9.600003242492676
859 0.019500000402331352 0.009444444440305233 2.0647058486938477 11.80001163482666
860 0.020500000566244125 0.009999999776482582 2.0500001907348633 11.300009727478027
861 0.016499999910593033 0.009999999776482582 1.649999976158142 14.40002155303955
862 0.015000000596046448 0.009444444440305233 1.5882353782653809 11.000008583068848
863 0.017500001937150955 0.009444444440305233 1.8529413938522339 6.7999982833862305
864 0.017500001937150955 0.010555555112659931 1.6578949689865112 5.999999046325684
865 0.021000001579523087 0.010555555112659931 1.9894739389419556 16.00002670288086
866 0.009999999776482582 0.009444444440305233 1.0588234663009644 10.900008201599121
867 0.023000001907348633 0.010555555112659931 2.178947687149048 11.300009727478027
868 0.016499999910593033 0.009444444440305233 1.7470588684082031 13.200016975402832
869 0.020500000566244125 0.010555555112659931 1.9421054124832153 12.000012397766113
870 0.015500000678002834 0.009999999776482582 1.5500000715255737 14.40002155303955
871 0.01900000125169754 0.009444444440305233 2.0117647647857666 5.399999618530273
872 0.014000000432133675 0.010555555112659931 1.3263158798217773 11.400010108947754
873 0.023000001907348633 0.010555555112659931 2.178947687149048 12.40001392364502
874 0.026500001549720764 0.009444444440305233 2.805882453918457 14.200020790100098
875 0.014000000432133675 0.010555555112659931 1.3263158798217773 5.099999904632568
876 0.02200000174343586 0.009444444440305233 2.3294119834899902 7.799997329711914
877 0.017500001937150955 0.009999999776482582 1.750000238418579 15.400025367736816
878 0.02199999988079071 0.009444444440305233 2.329411745071411 12.600014686584473
879 0.013000000268220901 0.009999999776482582 1.3000000715255737 12.300013542175293
880 0.01900000125169754 0.010555555112659931 1.8000001907348633 13.100016593933105
881 0.01600000075995922 0.009999999776482582 1.6000001430511475 11.80001163482666
882 0.014000000432133675 0.009444444440305233 1.4823529720306396 6.499998569488525
883 1.0 0.9994444251060486 1.0005558729171753 -94.89912414550781
884 0.999000072479248 0.882777750492096 1.131655216217041 -94.89912414550781
885 0.016499999910593033 0.010555555112659931 1.5631579160690308 9.000000953674316
886 0.01850000023841858 0.009444444440305233 1.958823561668396 7.199997901916504
887 0.013000000268220901 0.010555555112659931 1.231579065322876 11.700011253356934
888 0.010999999940395355 0.009444444440305233 1.1647058725357056 12.600014686584473
889 0.01600000075995922 0.010555555112659931 1.5157896280288696 12.800015449523926
890 0.016499999910593033 0.009444444440305233 1.7470588684082031 9.50000286102295
891 0.014500001445412636 0.009999999776482582 1.4500001668930054 7.499997615814209
892 0.020000001415610313 0.010555555112659931 1.8947370052337646 13.900019645690918
893 0.010000000707805157 0.010555555112659931 0.9473685026168823 13.500018119812012
894 0.029500000178813934 0.010555555112659931 2.794736862182617 7.399997711181641
895 0.010999999940395355 0.009444444440305233 1.1647058725357056 8.399998664855957
896 0.017000000923871994 0.010555555112659931 1.610526442527771 5.099999904632568
897 0.016499999910593033 0.009999999776482582 1.649999976158142 7.199997901916504
898 0.024000000208616257 0.010555555112659931 2.27368426322937 14.900023460388184
899 0.019999999552965164 0.009444444440305233 2.1176469326019287 6.999998092651367
900 0.013500000350177288 0.009444444440305233 1.429411768913269 12.500014305114746
901 0.020000001415610313 0.010555555112659931 1.8947370052337646 2.500002384185791
902 0.017000000923871994 0.009444444440305233 1.8000000715255737 11.2000093460083
903 0.01900000125169754 0.009999999776482582 1.9000002145767212 6.999998092651367
904 0.015500000678002834 0.009999999776482582 1.5500000715255737 8.399998664855957
905 0.015500000678002834 0.009444444440305233 1.6411765813827515 4.700000286102295
906 0.015500000678002834 0.009444444440305233 1.6411765813827515 14.000020027160645
907 0.01600000075995922 0.009999999776482582 1.6000001430511475 7.399997711181641
908 0.010999999940395355 0.009444444440305233 1.1647058725357056 6.7999982833862305
909 0.01600000075995922 0.010555555112659931 1.5157896280288696 10.300005912780762
910 0.01600000075995922 0.010555555112659931 1.5157896280288696 13.200016975402832
911 0.01600000075995922 0.009999999776482582 1.6000001430511475 12.900015830993652
912 0.015000000596046448 0.010555555112659931 1.4210526943206787 10.600007057189941
913 0.00950000062584877 0.009444444440305233 1.0058823823928833 16.00002670288086
914 0.015000000596046448 0.009999999776482582 1.5000001192092896 9.400002479553223
915 0.01600000075995922 0.009444444440305233 1.694117784500122 13.900019645690918
916 0.0215000007301569 0.009444444440305233 2.27647066116333 10.100005149841309
917 0.010999999940395355 0.010555555112659931 1.0421053171157837 7.0999979972839355
918 0.014500000514090061 0.009999999776482582 1.4500000476837158 12.10001277923584
919 0.014500000514090061 0.010555555112659931 1.373684287071228 7.699997425079346
920 0.0195000022649765 0.009999999776482582 1.950000286102295 13.900019645690918
921 0.021500002592802048 0.009999999776482582 2.1500003337860107 8.399998664855957
922 0.015000000596046448 0.010555555112659931 1.4210526943206787 16.400028228759766
923 0.01600000075995922 0.009444444440305233 1.694117784500122 10.600007057189941
924 0.020000001415610313 0.009444444440305233 2.117647171020508 16.400028228759766
925 0.9915000200271606 0.4877777695655823 2.0326879024505615 -94.89912414550781
926 0.015000000596046448 0.009444444440305233 1.5882353782653809 12.900015830993652
927 0.01600000075995922 0.010555555112659931 1.5157896280288696 5.199999809265137
928 0.016499999910593033 0.009444444440305233 1.7470588684082031 14.200020790100098
929 0.02250000089406967 0.009444444440305233 2.3823530673980713 8.199997901916504
930 0.011500000953674316 0.009444444440305233 1.2176471948623657 7.699997425079346
931 0.00950000062584877 0.010555555112659931 0.9000000953674316 7.0999979972839355
932 0.011500000953674316 0.009999999776482582 1.1500000953674316 6.999998092651367
933 0.020500000566244125 0.010555555112659931 1.9421054124832153 8.800000190734863
934 0.012000000104308128 0.010555555112659931 1.136842131614685 9.900004386901855
935 0.0195000022649765 0.009444444440305233 2.0647060871124268 15.200024604797363
936 0.020000001415610313 0.009444444440305233 2.117647171020508 11.600010871887207
937 0.014500000514090061 0.009444444440305233 1.5352941751480103 5.0
938 0.013500001281499863 0.009999999776482582 1.3500001430511475 14.200020790100098
939 0.02850000187754631 0.010555555112659931 2.700000286102295 0.40000250935554504
940 0.014000000432133675 0.009999999776482582 1.4000000953674316 10.200005531311035
941 0.007500000298023224 0.009444444440305233 0.7941176891326904 5.099999904632568
942 0.015500000678002834 0.009999999776482582 1.5500000715255737 13.700018882751465
943 0.023000001907348633 0.010555555112659931 2.178947687149048 11.400010108947754
944 0.018000001087784767 0.009999999776482582 1.8000001907348633 9.900004386901855
945 0.010500000789761543 0.010555555112659931 0.9947369694709778 10.400006294250488
946 0.016499999910593033 0.009999999776482582 1.649999976158142 10.700007438659668
947 0.01600000075995922 0.009999999776482582 1.6000001430511475 10.000004768371582
948 0.9990000128746033 0.6905555725097656 1.4466612339019775 -94.89912414550781
949 0.019500000402331352 0.010555555112659931 1.8473684787750244 9.100001335144043
950 0.02250000089406967 0.009444444440305233 2.3823530673980713 8.199997901916504
951 0.014000000432133675 0.009444444440305233 1.4823529720306396 7.399997711181641
952 0.010999999940395355 0.009999999776482582 1.100000023841858 12.7000150680542
953 0.013000000268220901 0.009999999776482582 1.3000000715255737 9.700003623962402
954 0.016499999910593033 0.010555555112659931 1.5631579160690308 11.400010108947754
955 0.024000000208616257 0.009444444440305233 2.5411765575408936 9.20000171661377
956 0.017000000923871994 0.009444444440305233 1.8000000715255737 12.000012397766113
957 0.0215000007301569 0.010555555112659931 2.0368423461914062 2.6000022888183594
958 0.017000000923871994 0.010555555112659931 1.610526442527771 13.500018119812012
959 0.010999999940395355 0.010555555112659931 1.0421053171157837 5.899999141693115
960 0.024000000208616257 0.009444444440305233 2.5411765575408936 6.599998474121094
961 0.018000001087784767 0.009444444440305233 1.905882477760315 6.099998950958252
962 0.010999999940395355 0.009999999776482582 1.100000023841858 13.500018119812012
963 0.009999999776482582 0.009444444440305233 1.0588234663009644 4.500000476837158
964 0.020500000566244125 0.009999999776482582 2.0500001907348633 7.499997615814209
965 0.018000001087784767 0.010555555112659931 1.705263376235962 6.7999982833862305
966 0.017000000923871994 0.009444444440305233 1.8000000715255737 4.800000190734863
967 0.01850000023841858 0.010555555112659931 1.752631664276123 7.299997806549072
968 0.018000001087784767 0.009999999776482582 1.8000001907348633 8.29999828338623
969 0.024000000208616257 0.009999999776482582 2.4000000953674316 10.300005912780762
970 0.020000001415610313 0.009999999776482582 2.000000238418579 8.699999809265137
971 0.011500000953674316 0.010555555112659931 1.089473843574524 14.100020408630371
972 0.015000000596046448 0.010555555112659931 1.4210526943206787 9.400002479553223
973 0.017000000923871994 0.010555555112659931 1.610526442527771 12.200013160705566
974 0.017999999225139618 0.009444444440305233 1.9058822393417358 12.800015449523926
975 0.011500000953674316 0.009999999776482582 1.1500000953674316 16.400028228759766
976 0.02250000089406967 0.009444444440305233 2.3823530673980713 10.900008201599121
977 0.017000000923871994 0.009999999776482582 1.7000001668930054 5.6999993324279785
978 0.015000000596046448 0.009444444440305233 1.5882353782653809 7.199997901916504
979 0.0195000022649765 0.009444444440305233 2.0647060871124268 11.80001163482666
980 0.00950000062584877 0.009999999776482582 0.9500001072883606 8.29999828338623
981 0.013500001281499863 0.010555555112659931 1.2789475917816162 16.700029373168945
982 0.012500000186264515 0.009444444440305233 1.3235294818878174 10.900008201599121
983 0.015500000678002834 0.009444444440305233 1.6411765813827515 10.900008201599121
984 0.010999999940395355 0.009444444440305233 1.1647058725357056 12.40001392364502
985 0.01600000075995922 0.009444444440305233 1.694117784500122 8.399998664855957
986 0.01600000075995922 0.009999999776482582 1.6000001430511475 11.600010871887207
987 0.013000000268220901 0.009444444440305233 1.3764705657958984 11.000008583068848
988 0.016499999910593033 0.009444444440305233 1.7470588684082031 10.900008201599121
989 0.01600000075995922 0.009444444440305233 1.694117784500122 6.7999982833862305
990 0.0195000022649765 0.009999999776482582 1.950000286102295 9.400002479553223
991 0.01900000125169754 0.009999999776482582 1.9000002145767212 11.300009727478027
992 0.01900000125169754 0.009999999776482582 1.9000002145767212 14.70002269744873
993 0.014500001445412636 0.009999999776482582 1.4500001668930054 5.199999809265137
994 0.013000000268220901 0.009999999776482582 1.3000000715255737 10.400006294250488
995 0.015500000678002834 0.010555555112659931 1.468421220779419 6.899998188018799
996 0.021000001579523087 0.009999999776482582 2.1000001430511475 15.400025367736816
997 0.009000000543892384 0.009999999776482582 0.9000000953674316 14.200020790100098
998 0.017500001937150955 0.009444444440305233 1.8529413938522339 12.7000150680542
999 0.006500000134110451 0.009999999776482582 0.6500000357627869 7.599997520446777
1000 0.010500000789761543 0.009999999776482582 1.0500000715255737 5.499999523162842
