1 0.017000000923871994 0.009999999776482582 1.7000001668930054 11.400010108947754
2 0.009000000543892384 0.010555555112659931 0.852631688117981 12.900015830993652
3 0.015000000596046448 0.009444444440305233 1.5882353782653809 8.099997520446777
4 0.015500000678002834 0.010555555112659931 1.468421220779419 10.700007438659668
5 0.02500000037252903 0.009444444440305233 2.6470589637756348 10.300005912780762
6 0.01850000023841858 0.009999999776482582 1.850000023841858 9.100001335144043
7 0.020000001415610313 0.010555555112659931 1.8947370052337646 7.899997234344482
8 0.017500001937150955 0.010555555112659931 1.6578949689865112 9.600003242492676
9 0.006500000134110451 0.009444444440305233 0.6882352828979492 16.800029754638672
10 0.0195000022649765 0.009444444440305233 2.0647060871124268 12.900015830993652
11 0.014500000514090061 0.009999999776482582 1.4500000476837158 11.300009727478027
12 0.014000000432133675 0.009444444440305233 1.4823529720306396 10.900008201599121
13 0.014500000514090061 0.009444444440305233 1.5352941751480103 10.200005531311035
14 0.00800000037997961 0.009444444440305233 0.847058892250061 12.10001277923584
15 0.015500001609325409 0.010555555112659931 1.468421220779419 10.500006675720215
16 0.020000001415610313 0.009999999776482582 2.000000238418579 14.600022315979004
17 0.013000000268220901 0.010555555112659931 1.231579065322876 12.600014686584473
18 0.011500000953674316 0.009444444440305233 1.2176471948623657 11.80001163482666
19 1.0 0.9677777886390686 1.0332950353622437 -94.89912414550781
20 0.018000001087784767 0.010555555112659931 1.705263376235962 10.800007820129395
21 0.017000000923871994 0.009999999776482582 1.7000001668930054 9.900004386901855
22 0.020500000566244125 0.010555555112659931 1.9421054124832153 6.499998569488525
23 0.015000000596046448 0.010555555112659931 1.4210526943206787 10.000004768371582
24 0.0215000007301569 0.010555555112659931 2.0368423461914062 15.100024223327637
25 0.01250000111758709 0.009999999776482582 1.2500001192092896 10.200005531311035
26 0.01250000111758709 0.009444444440305233 1.3235294818878174 12.500014305114746
27 0.0195000022649765 0.009999999776482582 1.950000286102295 10.800007820129395
28 0.0195000022649765 0.009444444440305233 2.0647060871124268 13.600018501281738
29 0.014000000432133675 0.009444444440305233 1.4823529720306396 11.2000093460083
30 0.014500000514090061 0.009444444440305233 1.5352941751480103 9.300002098083496
31 0.0195000022649765 0.009999999776482582 1.950000286102295 12.10001277923584
32 0.018000001087784767 0.009999999776482582 1.8000001907348633 8.699999809265137
33 0.02250000089406967 0.009999999776482582 2.250000238418579 9.400002479553223
34 0.019999999552965164 0.010555555112659931 1.894736886024475 10.300005912780762
35 0.006500000134110451 0.009444444440305233 0.6882352828979492 11.600010871887207
36 0.014000000432133675 0.009999999776482582 1.4000000953674316 14.600022315979004
37 0.017500001937150955 0.009444444440305233 1.8529413938522339 11.600010871887207
38 0.01600000075995922 0.009444444440305233 1.694117784500122 10.000004768371582
39 0.013000000268220901 0.009444444440305233 1.3764705657958984 9.300002098083496
40 0.018000001087784767 0.010555555112659931 1.705263376235962 10.000004768371582
41 0.012500000186264515 0.009999999776482582 1.25 7.399997711181641
42 0.01250000111758709 0.009444444440305233 1.3235294818878174 10.700007438659668
43 0.021000001579523087 0.010555555112659931 1.9894739389419556 11.300009727478027
44 0.0215000007301569 0.009999999776482582 2.1500000953674316 14.200020790100098
45 0.014000000432133675 0.009999999776482582 1.4000000953674316 7.999997138977051
46 0.017500001937150955 0.009444444440305233 1.8529413938522339 11.900012016296387
47 0.014500000514090061 0.009444444440305233 1.5352941751480103 9.600003242492676
48 0.0215000007301569 0.010555555112659931 2.0368423461914062 14.70002269744873
49 0.018000001087784767 0.010555555112659931 1.705263376235962 11.300009727478027
50 0.014500001445412636 0.009444444440305233 1.5352942943572998 12.300013542175293
51 0.015500000678002834 0.010555555112659931 1.468421220779419 8.59999942779541
52 0.01250000111758709 0.009444444440305233 1.3235294818878174 10.000004768371582
53 0.016499999910593033 0.009444444440305233 1.7470588684082031 18.800037384033203
54 0.01850000023841858 0.009444444440305233 1.958823561668396 14.500021934509277
55 0.009000000543892384 0.009444444440305233 0.9529412388801575 11.900012016296387
56 0.017000000923871994 0.009999999776482582 1.7000001668930054 11.300009727478027
57 0.020500000566244125 0.010555555112659931 1.9421054124832153 12.500014305114746
58 0.027499999850988388 0.009999999776482582 2.75 7.999997138977051
59 0.01600000075995922 0.009444444440305233 1.694117784500122 12.000012397766113
60 0.014500000514090061 0.010555555112659931 1.373684287071228 11.000008583068848
61 0.013000000268220901 0.009999999776482582 1.3000000715255737 11.100008964538574
62 0.015500000678002834 0.009999999776482582 1.5500000715255737 11.900012016296387
63 0.021000001579523087 0.009444444440305233 2.223529577255249 4.100000858306885
64 0.009000000543892384 0.009444444440305233 0.9529412388801575 8.199997901916504
65 0.014500000514090061 0.009999999776482582 1.4500000476837158 12.600014686584473
66 0.015500001609325409 0.010555555112659931 1.468421220779419 9.100001335144043
67 0.012000000104308128 0.009444444440305233 1.2705882787704468 7.799997329711914
68 0.014500000514090061 0.010555555112659931 1.373684287071228 9.50000286102295
69 0.021000001579523087 0.009999999776482582 2.1000001430511475 12.000012397766113
70 0.0215000007301569 0.009999999776482582 2.1500000953674316 11.80001163482666
71 0.0195000022649765 0.010555555112659931 1.8473687171936035 11.700011253356934
72 0.01600000075995922 0.009999999776482582 1.6000001430511475 14.100020408630371
73 0.010999999940395355 0.009444444440305233 1.1647058725357056 10.700007438659668
74 0.016499999910593033 0.009999999776482582 1.649999976158142 11.80001163482666
75 0.015000000596046448 0.009999999776482582 1.5000001192092896 9.000000953674316
76 0.023000001907348633 0.009444444440305233 2.4352943897247314 14.500021934509277
77 0.015000000596046448 0.010555555112659931 1.4210526943206787 9.20000171661377
78 0.01850000023841858 0.009999999776482582 1.850000023841858 12.200013160705566
79 0.01900000125169754 0.010555555112659931 1.8000001907348633 7.199997901916504
80 0.021500002592802048 0.009444444440305233 2.276470899581909 11.600010871887207
81 0.013500001281499863 0.010555555112659931 1.2789475917816162 5.799999237060547
82 0.014500001445412636 0.009999999776482582 1.4500001668930054 9.300002098083496
83 0.014500001445412636 0.009444444440305233 1.5352942943572998 19.400039672851562
84 0.01250000111758709 0.009444444440305233 1.3235294818878174 10.600007057189941
85 0.017000000923871994 0.009444444440305233 1.8000000715255737 14.300021171569824
86 0.010500000789761543 0.009444444440305233 1.1117647886276245 11.400010108947754
87 0.012000000104308128 0.009999999776482582 1.2000000476837158 12.40001392364502
88 0.014500000514090061 0.010555555112659931 1.373684287071228 10.200005531311035
89 0.02250000089406967 0.010555555112659931 2.1315791606903076 13.300017356872559
90 0.01900000125169754 0.010555555112659931 1.8000001907348633 7.699997425079346
91 0.017500001937150955 0.009444444440305233 1.8529413938522339 11.300009727478027
92 0.01100000087171793 0.010555555112659931 1.0421054363250732 10.000004768371582
93 0.015500000678002834 0.010555555112659931 1.468421220779419 5.799999237060547
94 0.012000000104308128 0.009999999776482582 1.2000000476837158 10.200005531311035
95 0.020000001415610313 0.010555555112659931 1.8947370052337646 10.600007057189941
96 0.011500000953674316 0.009444444440305233 1.2176471948623657 10.000004768371582
97 0.010000000707805157 0.010555555112659931 0.9473685026168823 8.199997901916504
98 0.021000001579523087 0.009444444440305233 2.223529577255249 13.400017738342285
99 0.013500001281499863 0.010555555112659931 1.2789475917816162 7.999997138977051
100 0.01900000125169754 0.009999999776482582 1.9000002145767212 13.400017738342285
101 0.010500000789761543 0.009444444440305233 1.1117647886276245 10.300005912780762
102 0.01600000075995922 0.009999999776482582 1.6000001430511475 11.300009727478027
103 0.018000001087784767 0.009999999776482582 1.8000001907348633 20.3000431060791
104 0.014500000514090061 0.009444444440305233 1.5352941751480103 14.500021934509277
105 0.007500000298023224 0.010555555112659931 0.7105263471603394 5.899999141693115
106 0.014000000432133675 0.009444444440305233 1.4823529720306396 11.600010871887207
107 0.015500001609325409 0.009999999776482582 1.5500001907348633 14.900023460388184
108 0.023000001907348633 0.010555555112659931 2.178947687149048 5.299999713897705
109 0.016499999910593033 0.009444444440305233 1.7470588684082031 6.899998188018799
110 0.024000000208616257 0.009999999776482582 2.4000000953674316 13.400017738342285
111 0.0195000022649765 0.009999999776482582 1.950000286102295 12.800015449523926
112 0.019999999552965164 0.010555555112659931 1.894736886024475 8.199997901916504
113 0.018000001087784767 0.009444444440305233 1.905882477760315 10.200005531311035
114 0.008999999612569809 0.009444444440305233 0.9529411196708679 11.100008964538574
115 0.020500000566244125 0.010555555112659931 1.9421054124832153 10.900008201599121
116 1.0 0.9983333349227905 1.0016694068908691 -94.89912414550781
117 0.014000000432133675 0.009999999776482582 1.4000000953674316 8.59999942779541
118 0.014000000432133675 0.010555555112659931 1.3263158798217773 12.000012397766113
119 0.025499999523162842 0.009999999776482582 2.549999952316284 8.699999809265137
120 0.026000000536441803 0.009999999776482582 2.6000001430511475 10.300005912780762
121 0.02500000223517418 0.009999999776482582 2.500000238418579 19.20003890991211
122 0.014500000514090061 0.009444444440305233 1.5352941751480103 6.999998092651367
123 0.02800000086426735 0.010555555112659931 2.6526317596435547 10.800007820129395
124 0.020000001415610313 0.010555555112659931 1.8947370052337646 11.400010108947754
125 0.01900000125169754 0.010555555112659931 1.8000001907348633 10.200005531311035
126 0.02250000089406967 0.010555555112659931 2.1315791606903076 4.000000953674316
127 0.01600000075995922 0.009444444440305233 1.694117784500122 11.100008964538574
128 0.01900000125169754 0.009999999776482582 1.9000002145767212 21.300046920776367
129 0.014500000514090061 0.009444444440305233 1.5352941751480103 12.800015449523926
130 0.017000000923871994 0.009444444440305233 1.8000000715255737 20.200042724609375
131 0.015000000596046448 0.009999999776482582 1.5000001192092896 8.399998664855957
132 0.024500001221895218 0.010555555112659931 2.3210527896881104 8.099997520446777
133 0.01850000023841858 0.010555555112659931 1.752631664276123 18.60003662109375
134 0.014000000432133675 0.009444444440305233 1.4823529720306396 11.700011253356934
135 0.01900000125169754 0.009444444440305233 2.0117647647857666 15.200024604797363
136 0.01850000023841858 0.010555555112659931 1.752631664276123 10.200005531311035
137 0.014500001445412636 0.010555555112659931 1.3736844062805176 11.2000093460083
138 0.013500000350177288 0.010555555112659931 1.2789474725723267 9.000000953674316
139 0.01250000111758709 0.009999999776482582 1.2500001192092896 12.40001392364502
140 0.024000000208616257 0.009444444440305233 2.5411765575408936 5.0
141 0.021500002592802048 0.009999999776482582 2.1500003337860107 9.700003623962402
142 0.01900000125169754 0.010555555112659931 1.8000001907348633 13.100016593933105
143 0.015500000678002834 0.009444444440305233 1.6411765813827515 9.900004386901855
144 0.008500000461935997 0.009999999776482582 0.8500000834465027 8.499999046325684
145 0.009000000543892384 0.009999999776482582 0.9000000953674316 10.400006294250488
146 0.014000000432133675 0.009999999776482582 1.4000000953674316 9.100001335144043
147 0.009999999776482582 0.009444444440305233 1.0588234663009644 14.200020790100098
148 0.0215000007301569 0.009444444440305233 2.27647066116333 18.00003433227539
149 0.011500000953674316 0.010555555112659931 1.089473843574524 12.200013160705566
150 0.013500000350177288 0.010555555112659931 1.2789474725723267 9.800004005432129
151 0.012000000104308128 0.009444444440305233 1.2705882787704468 11.000008583068848
152 0.014500000514090061 0.009444444440305233 1.5352941751480103 10.100005149841309
153 0.013500001281499863 0.010555555112659931 1.2789475917816162 17.000030517578125
154 0.018000001087784767 0.009444444440305233 1.905882477760315 15.100024223327637
155 0.015000000596046448 0.010555555112659931 1.4210526943206787 8.800000190734863
156 0.024500001221895218 0.009444444440305233 2.5941178798675537 20.700044631958008
157 0.013000000268220901 0.009444444440305233 1.3764705657958984 11.900012016296387
158 0.016499999910593033 0.009444444440305233 1.7470588684082031 11.400010108947754
159 0.015500001609325409 0.009444444440305233 1.641176700592041 9.20000171661377
160 0.01250000111758709 0.009444444440305233 1.3235294818878174 10.900008201599121
161 0.02550000138580799 0.009444444440305233 2.700000047683716 10.000004768371582
162 0.013500000350177288 0.010555555112659931 1.2789474725723267 7.999997138977051
163 0.01600000075995922 0.009444444440305233 1.694117784500122 23.700056076049805
164 0.01850000023841858 0.009999999776482582 1.850000023841858 12.40001392364502
165 0.02199999988079071 0.009999999776482582 2.200000047683716 11.300009727478027
166 0.0215000007301569 0.010555555112659931 2.0368423461914062 18.200035095214844
167 0.019500000402331352 0.009444444440305233 2.0647058486938477 11.400010108947754
168 0.014500000514090061 0.009444444440305233 1.5352941751480103 12.200013160705566
169 0.017500001937150955 0.009999999776482582 1.750000238418579 9.700003623962402
170 0.007000000216066837 0.009444444440305233 0.7411764860153198 11.000008583068848
171 0.00950000062584877 0.009999999776482582 0.9500001072883606 11.700011253356934
172 0.01900000125169754 0.009444444440305233 2.0117647647857666 8.29999828338623
173 0.020000001415610313 0.009444444440305233 2.117647171020508 10.600007057189941
174 0.015000000596046448 0.009999999776482582 1.5000001192092896 9.300002098083496
175 0.009999999776482582 0.009999999776482582 1.0 14.900023460388184
176 0.015000000596046448 0.010555555112659931 1.4210526943206787 5.6999993324279785
177 0.009000000543892384 0.009999999776482582 0.9000000953674316 7.699997425079346
178 0.015500000678002834 0.009444444440305233 1.6411765813827515 11.600010871887207
179 0.013500001281499863 0.009444444440305233 1.4294118881225586 10.100005149841309
180 0.026000000536441803 0.009444444440305233 2.752941131591797 11.900012016296387
181 0.014000000432133675 0.009999999776482582 1.4000000953674316 9.100001335144043
182 0.02250000089406967 0.009444444440305233 2.3823530673980713 14.600022315979004
183 0.02199999988079071 0.009444444440305233 2.329411745071411 15.800026893615723
184 0.017000000923871994 0.009444444440305233 1.8000000715255737 14.200020790100098
185 0.023500001057982445 0.009999999776482582 2.3500001430511475 7.899997234344482
186 0.016499999910593033 0.009999999776482582 1.649999976158142 10.000004768371582
187 0.015500000678002834 0.009999999776482582 1.5500000715255737 13.800019264221191
188 0.019999999552965164 0.009999999776482582 2.0 16.400028228759766
189 0.016499999910593033 0.010555555112659931 1.5631579160690308 10.000004768371582
190 0.01250000111758709 0.009444444440305233 1.3235294818878174 7.999997138977051
191 0.014500000514090061 0.009444444440305233 1.5352941751480103 8.099997520446777
192 0.01900000125169754 0.009444444440305233 2.0117647647857666 9.400002479553223
193 0.010999999940395355 0.009444444440305233 1.1647058725357056 12.10001277923584
194 0.015500000678002834 0.009999999776482582 1.5500000715255737 8.199997901916504
195 0.010999999940395355 0.009999999776482582 1.100000023841858 11.300009727478027
196 0.009999999776482582 0.010555555112659931 0.9473684430122375 4.40000057220459
197 0.015000000596046448 0.009999999776482582 1.5000001192092896 10.000004768371582
198 0.01850000023841858 0.010555555112659931 1.752631664276123 6.499998569488525
199 0.021500002592802048 0.009444444440305233 2.276470899581909 10.100005149841309
200 0.017000000923871994 0.009444444440305233 1.8000000715255737 8.59999942779541
201 0.016499999910593033 0.009444444440305233 1.7470588684082031 12.500014305114746
202 0.0195000022649765 0.010555555112659931 1.8473687171936035 13.000016212463379
203 0.02199999988079071 0.010555555112659931 2.0842106342315674 8.399998664855957
204 0.023500001057982445 0.009444444440305233 2.4882354736328125 8.29999828338623
205 0.017500001937150955 0.009999999776482582 1.750000238418579 7.999997138977051
206 0.021000001579523087 0.009999999776482582 2.1000001430511475 9.50000286102295
207 0.008500000461935997 0.009999999776482582 0.8500000834465027 9.000000953674316
208 0.01900000125169754 0.009444444440305233 2.0117647647857666 14.000020027160645
209 0.0215000007301569 0.009999999776482582 2.1500000953674316 17.000030517578125
210 0.015000000596046448 0.009444444440305233 1.5882353782653809 6.899998188018799
211 0.025499999523162842 0.009444444440305233 2.700000047683716 10.500006675720215
212 0.0195000022649765 0.009444444440305233 2.0647060871124268 10.200005531311035
213 0.013500000350177288 0.010555555112659931 1.2789474725723267 11.80001163482666
214 0.015500000678002834 0.009999999776482582 1.5500000715255737 12.200013160705566
215 0.015000000596046448 0.009999999776482582 1.5000001192092896 8.199997901916504
216 0.018000001087784767 0.009999999776482582 1.8000001907348633 11.000008583068848
217 0.0195000022649765 0.009444444440305233 2.0647060871124268 13.900019645690918
218 1.0 1.0 1.0 -94.89912414550781
219 0.02500000223517418 0.009999999776482582 2.500000238418579 17.200031280517578
220 0.01900000125169754 0.009444444440305233 2.0117647647857666 14.300021171569824
221 0.012000000104308128 0.009999999776482582 1.2000000476837158 9.800004005432129
222 0.0215000007301569 0.009999999776482582 2.1500000953674316 9.300002098083496
223 0.0195000022649765 0.009444444440305233 2.0647060871124268 13.300017356872559
224 0.017000000923871994 0.010555555112659931 1.610526442527771 11.700011253356934
225 0.024500001221895218 0.009444444440305233 2.5941178798675537 6.7999982833862305
226 0.024500001221895218 0.009444444440305233 2.5941178798675537 12.40001392364502
227 0.014000000432133675 0.009444444440305233 1.4823529720306396 11.2000093460083
228 0.015500000678002834 0.009444444440305233 1.6411765813827515 9.700003623962402
229 0.023000001907348633 0.010555555112659931 2.178947687149048 8.800000190734863
230 0.021000001579523087 0.010555555112659931 1.9894739389419556 10.000004768371582
231 0.013000000268220901 0.010555555112659931 1.231579065322876 10.100005149841309
232 0.01850000023841858 0.010555555112659931 1.752631664276123 10.500006675720215
233 0.014000000432133675 0.009999999776482582 1.4000000953674316 9.20000171661377
234 0.01900000125169754 0.009444444440305233 2.0117647647857666 11.400010108947754
235 0.0215000007301569 0.009999999776482582 2.1500000953674316 8.199997901916504
236 0.019500000402331352 0.009444444440305233 2.0647058486938477 9.900004386901855
237 0.010500000789761543 0.009444444440305233 1.1117647886276245 17.500032424926758
238 0.026000000536441803 0.010555555112659931 2.463158130645752 17.000030517578125
239 0.010999999940395355 0.009444444440305233 1.1647058725357056 11.700011253356934
240 0.014500000514090061 0.009999999776482582 1.4500000476837158 9.800004005432129
241 0.027000000700354576 0.009999999776482582 2.700000047683716 15.400025367736816
242 0.027000000700354576 0.009999999776482582 2.700000047683716 8.199997901916504
243 0.02800000086426735 0.009444444440305233 2.9647059440612793 13.100016593933105
244 0.017000000923871994 0.009999999776482582 1.7000001668930054 10.000004768371582
245 0.013500000350177288 0.009444444440305233 1.429411768913269 9.900004386901855
246 0.018000001087784767 0.010555555112659931 1.705263376235962 9.300002098083496
247 0.0195000022649765 0.009999999776482582 1.950000286102295 13.900019645690918
248 1.0 1.0 1.0 -94.89912414550781
249 0.021000001579523087 0.010555555112659931 1.9894739389419556 12.300013542175293
250 0.017500001937150955 0.009444444440305233 1.8529413938522339 10.200005531311035
251 0.02199999988079071 0.009444444440305233 2.329411745071411 12.900015830993652
252 0.015000000596046448 0.010555555112659931 1.4210526943206787 7.399997711181641
253 0.015500000678002834 0.009444444440305233 1.6411765813827515 10.600007057189941
254 0.02200000174343586 0.009999999776482582 2.200000286102295 15.100024223327637
255 0.02250000089406967 0.009444444440305233 2.3823530673980713 10.700007438659668
256 0.01600000075995922 0.010555555112659931 1.5157896280288696 7.999997138977051
257 0.009000000543892384 0.009444444440305233 0.9529412388801575 10.600007057189941
258 0.020500000566244125 0.009999999776482582 2.0500001907348633 10.600007057189941
259 0.024500001221895218 0.009999999776482582 2.450000286102295 18.500036239624023
260 1.0 1.0 1.0 -94.89912414550781
261 0.013500000350177288 0.009999999776482582 1.350000023841858 15.30002498626709
262 0.018000001087784767 0.010555555112659931 1.705263376235962 14.500021934509277
263 0.023000001907348633 0.010555555112659931 2.178947687149048 13.500018119812012
264 0.014000000432133675 0.009999999776482582 1.4000000953674316 11.600010871887207
265 0.015500000678002834 0.009999999776482582 1.5500000715255737 6.299998760223389
266 0.018000001087784767 0.009444444440305233 1.905882477760315 10.500006675720215
267 0.025499999523162842 0.010555555112659931 2.4157896041870117 9.000000953674316
268 0.020000001415610313 0.010555555112659931 1.8947370052337646 10.600007057189941
269 0.013000000268220901 0.010555555112659931 1.231579065322876 6.399998664855957
270 0.01900000125169754 0.010555555112659931 1.8000001907348633 11.900012016296387
271 0.011500000953674316 0.010555555112659931 1.089473843574524 7.899997234344482
272 0.010000000707805157 0.009444444440305233 1.058823585510254 11.900012016296387
273 0.014000000432133675 0.009999999776482582 1.4000000953674316 9.300002098083496
274 0.016499999910593033 0.010555555112659931 1.5631579160690308 10.800007820129395
275 0.0215000007301569 0.009999999776482582 2.1500000953674316 11.600010871887207
276 0.017500001937150955 0.009999999776482582 1.750000238418579 9.400002479553223
277 0.017000000923871994 0.010555555112659931 1.610526442527771 10.100005149841309
278 0.013000000268220901 0.010555555112659931 1.231579065322876 11.80001163482666
279 0.02500000037252903 0.009999999776482582 2.5 13.500018119812012
280 0.013500000350177288 0.009444444440305233 1.429411768913269 9.20000171661377
281 0.018000001087784767 0.009999999776482582 1.8000001907348633 12.40001392364502
282 0.020000001415610313 0.010555555112659931 1.8947370052337646 11.900012016296387
283 0.01900000125169754 0.009999999776482582 1.9000002145767212 7.299997806549072
284 0.009999999776482582 0.009999999776482582 1.0 16.100027084350586
285 0.008500000461935997 0.010555555112659931 0.8052632212638855 9.800004005432129
286 0.009000000543892384 0.009444444440305233 0.9529412388801575 14.200020790100098
287 0.0195000022649765 0.009444444440305233 2.0647060871124268 6.699998378753662
288 0.013000000268220901 0.009999999776482582 1.3000000715255737 9.600003242492676
289 0.016499999910593033 0.009999999776482582 1.649999976158142 8.399998664855957
290 0.02250000089406967 0.009999999776482582 2.250000238418579 12.7000150680542
291 0.013500000350177288 0.009444444440305233 1.429411768913269 5.299999713897705
292 0.01850000023841858 0.009444444440305233 1.958823561668396 8.399998664855957
293 0.017500001937150955 0.009999999776482582 1.750000238418579 6.899998188018799
294 0.019500000402331352 0.009444444440305233 2.0647058486938477 18.800037384033203
295 0.016499999910593033 0.009999999776482582 1.649999976158142 10.200005531311035
296 0.014500000514090061 0.009999999776482582 1.4500000476837158 13.500018119812012
297 0.015000000596046448 0.009444444440305233 1.5882353782653809 14.100020408630371
298 0.02199999988079071 0.010555555112659931 2.0842106342315674 11.2000093460083
299 0.012000000104308128 0.009444444440305233 1.2705882787704468 12.900015830993652
300 0.013500000350177288 0.009999999776482582 1.350000023841858 13.500018119812012
301 0.023500001057982445 0.009999999776482582 2.3500001430511475 9.700003623962402
302 0.015000000596046448 0.009444444440305233 1.5882353782653809 12.500014305114746
303 0.020000001415610313 0.009999999776482582 2.000000238418579 10.000004768371582
304 0.012000000104308128 0.009999999776482582 1.2000000476837158 8.199997901916504
305 0.027499999850988388 0.010555555112659931 2.6052632331848145 11.400010108947754
306 0.017500001937150955 0.009999999776482582 1.750000238418579 10.900008201599121
307 0.019999999552965164 0.009444444440305233 2.1176469326019287 14.600022315979004
308 0.021500002592802048 0.009444444440305233 2.276470899581909 10.200005531311035
309 0.020500000566244125 0.010555555112659931 1.9421054124832153 9.700003623962402
310 0.013500001281499863 0.010555555112659931 1.2789475917816162 9.300002098083496
311 0.019500000402331352 0.010555555112659931 1.8473684787750244 9.50000286102295
312 0.015500000678002834 0.009999999776482582 1.5500000715255737 12.300013542175293
313 0.012000000104308128 0.010555555112659931 1.136842131614685 11.80001163482666
314 0.015500001609325409 0.010555555112659931 1.468421220779419 7.599997520446777
315 0.018000001087784767 0.009999999776482582 1.8000001907348633 9.900004386901855
316 0.013500001281499863 0.010555555112659931 1.2789475917816162 12.10001277923584
317 0.011500000953674316 0.009444444440305233 1.2176471948623657 4.500000476837158
318 0.018000001087784767 0.009999999776482582 1.8000001907348633 13.000016212463379
319 0.010000000707805157 0.009999999776482582 1.0000001192092896 8.099997520446777
320 0.016499999910593033 0.010555555112659931 1.5631579160690308 14.300021171569824
321 0.01850000023841858 0.009444444440305233 1.958823561668396 6.099998950958252
322 0.013500000350177288 0.009444444440305233 1.429411768913269 5.399999618530273
323 0.01600000075995922 0.009444444440305233 1.694117784500122 9.300002098083496
324 0.016499999910593033 0.009999999776482582 1.649999976158142 12.500014305114746
325 0.02250000089406967 0.009999999776482582 2.250000238418579 8.29999828338623
326 0.017000000923871994 0.009444444440305233 1.8000000715255737 8.699999809265137
327 0.03099999949336052 0.010555555112659931 2.936842203140259 4.600000381469727
328 0.01600000075995922 0.009999999776482582 1.6000001430511475 12.500014305114746
329 0.015000000596046448 0.009999999776482582 1.5000001192092896 12.40001392364502
330 0.02250000089406967 0.009999999776482582 2.250000238418579 9.800004005432129
331 0.01600000075995922 0.009444444440305233 1.694117784500122 9.700003623962402
332 0.015500000678002834 0.009999999776482582 1.5500000715255737 12.900015830993652
333 0.013000000268220901 0.009999999776482582 1.3000000715255737 9.700003623962402
334 0.00950000062584877 0.009444444440305233 1.0058823823928833 11.50001049041748
335 0.00950000062584877 0.009999999776482582 0.9500001072883606 12.40001392364502
336 0.016499999910593033 0.009999999776482582 1.649999976158142 10.800007820129395
337 0.023000001907348633 0.009999999776482582 2.3000001907348633 4.900000095367432
338 0.01850000023841858 0.009999999776482582 1.850000023841858 7.799997329711914
339 0.016499999910593033 0.009999999776482582 1.649999976158142 11.2000093460083
340 0.015000000596046448 0.009444444440305233 1.5882353782653809 1.6000027656555176
341 0.020000001415610313 0.009444444440305233 2.117647171020508 3.2000017166137695
342 0.01850000023841858 0.010555555112659931 1.752631664276123 6.7999982833862305
343 0.01850000023841858 0.009999999776482582 1.850000023841858 9.800004005432129
344 0.015500000678002834 0.009999999776482582 1.5500000715255737 10.300005912780762
345 0.012000000104308128 0.009444444440305233 1.2705882787704468 8.90000057220459
346 0.013500000350177288 0.009444444440305233 1.429411768913269 9.800004005432129
347 0.0195000022649765 0.010555555112659931 1.8473687171936035 10.900008201599121
348 0.018000001087784767 0.009999999776482582 1.8000001907348633 20.200042724609375
349 0.010999999940395355 0.010555555112659931 1.0421053171157837 8.59999942779541
350 0.016499999910593033 0.009444444440305233 1.7470588684082031 10.000004768371582
351 0.020500000566244125 0.010555555112659931 1.9421054124832153 10.000004768371582
352 0.024500001221895218 0.009444444440305233 2.5941178798675537 17.40003204345703
353 0.023000001907348633 0.009444444440305233 2.4352943897247314 15.500025749206543
354 0.017500001937150955 0.010555555112659931 1.6578949689865112 11.80001163482666
355 0.013000000268220901 0.009999999776482582 1.3000000715255737 8.59999942779541
356 0.010500000789761543 0.009444444440305233 1.1117647886276245 10.100005149841309
357 0.014000000432133675 0.009444444440305233 1.4823529720306396 22.500051498413086
358 0.013500001281499863 0.010555555112659931 1.2789475917816162 6.999998092651367
359 0.018000001087784767 0.010555555112659931 1.705263376235962 1.5000027418136597
360 0.017500001937150955 0.009999999776482582 1.750000238418579 5.299999713897705
361 0.012000000104308128 0.010555555112659931 1.136842131614685 10.800007820129395
362 0.014500000514090061 0.009444444440305233 1.5352941751480103 12.000012397766113
363 0.02199999988079071 0.009999999776482582 2.200000047683716 14.300021171569824
364 0.017500000074505806 0.009999999776482582 1.75 10.500006675720215
365 0.020000001415610313 0.010555555112659931 1.8947370052337646 19.700040817260742
366 0.017000000923871994 0.009444444440305233 1.8000000715255737 10.500006675720215
367 0.014000000432133675 0.010555555112659931 1.3263158798217773 7.299997806549072
368 0.02200000174343586 0.009999999776482582 2.200000286102295 15.90002727508545
369 0.013000000268220901 0.009444444440305233 1.3764705657958984 7.0999979972839355
370 0.01250000111758709 0.009444444440305233 1.3235294818878174 10.300005912780762
371 0.013000000268220901 0.009444444440305233 1.3764705657958984 11.50001049041748
372 0.01900000125169754 0.009999999776482582 1.9000002145767212 14.40002155303955
373 0.017500001937150955 0.009444444440305233 1.8529413938522339 9.300002098083496
374 0.014000000432133675 0.009444444440305233 1.4823529720306396 13.000016212463379
375 0.017500001937150955 0.010555555112659931 1.6578949689865112 13.200016975402832
376 0.018000001087784767 0.009999999776482582 1.8000001907348633 21.300046920776367
377 0.020500000566244125 0.009999999776482582 2.0500001907348633 11.700011253356934
378 0.01850000023841858 0.009999999776482582 1.850000023841858 8.29999828338623
379 0.012000000104308128 0.009444444440305233 1.2705882787704468 8.800000190734863
380 0.014000000432133675 0.009999999776482582 1.4000000953674316 12.10001277923584
381 0.008500000461935997 0.009999999776482582 0.8500000834465027 12.900015830993652
382 1.0 0.9638888835906982 1.0374640226364136 -94.89912414550781
383 0.00800000037997961 0.009999999776482582 0.8000000715255737 9.600003242492676
384 0.01600000075995922 0.010555555112659931 1.5157896280288696 10.400006294250488
385 0.020500000566244125 0.009999999776482582 2.0500001907348633 11.400010108947754
386 0.01600000075995922 0.010555555112659931 1.5157896280288696 8.399998664855957
387 0.017500001937150955 0.010555555112659931 1.6578949689865112 6.599998474121094
388 0.020000001415610313 0.009999999776482582 2.000000238418579 14.40002155303955
389 0.014000000432133675 0.009999999776482582 1.4000000953674316 9.20000171661377
390 0.012000000104308128 0.009999999776482582 1.2000000476837158 9.900004386901855
391 0.01900000125169754 0.009444444440305233 2.0117647647857666 15.60002613067627
392 0.01900000125169754 0.010555555112659931 1.8000001907348633 10.200005531311035
393 0.017000000923871994 0.010555555112659931 1.610526442527771 9.000000953674316
394 0.016499999910593033 0.009999999776482582 1.649999976158142 8.499999046325684
395 0.027499999850988388 0.010555555112659931 2.6052632331848145 8.199997901916504
396 0.019500000402331352 0.009444444440305233 2.0647058486938477 16.30002784729004
397 0.010999999940395355 0.009999999776482582 1.100000023841858 16.800029754638672
398 0.024500001221895218 0.009444444440305233 2.5941178798675537 13.800019264221191
399 0.0195000022649765 0.009444444440305233 2.0647060871124268 11.000008583068848
400 0.02199999988079071 0.010555555112659931 2.0842106342315674 12.500014305114746
401 0.0215000007301569 0.010555555112659931 2.0368423461914062 7.299997806549072
402 0.016499999910593033 0.009999999776482582 1.649999976158142 13.000016212463379
403 0.014500001445412636 0.009444444440305233 1.5352942943572998 10.700007438659668
404 0.020500000566244125 0.010555555112659931 1.9421054124832153 7.199997901916504
405 0.01850000023841858 0.009444444440305233 1.958823561668396 7.899997234344482
406 0.016499999910593033 0.009444444440305233 1.7470588684082031 12.900015830993652
407 0.017000000923871994 0.009444444440305233 1.8000000715255737 10.000004768371582
408 0.016499999910593033 0.009999999776482582 1.649999976158142 10.700007438659668
409 0.018000001087784767 0.009444444440305233 1.905882477760315 11.50001049041748
410 0.016499999910593033 0.009999999776482582 1.649999976158142 8.59999942779541
411 0.01850000023841858 0.009999999776482582 1.850000023841858 13.300017356872559
412 0.017000000923871994 0.010555555112659931 1.610526442527771 8.199997901916504
413 0.014000000432133675 0.009444444440305233 1.4823529720306396 9.20000171661377
414 0.00950000062584877 0.010555555112659931 0.9000000953674316 12.7000150680542
415 0.011500000953674316 0.009999999776482582 1.1500000953674316 7.699997425079346
416 0.012000000104308128 0.009444444440305233 1.2705882787704468 9.000000953674316
417 0.020000001415610313 0.009999999776482582 2.000000238418579 10.100005149841309
418 0.017000000923871994 0.009444444440305233 1.8000000715255737 7.499997615814209
419 0.02200000174343586 0.009444444440305233 2.3294119834899902 16.400028228759766
420 0.015500000678002834 0.009999999776482582 1.5500000715255737 9.20000171661377
421 0.024000000208616257 0.010555555112659931 2.27368426322937 6.499998569488525
422 0.014000000432133675 0.009444444440305233 1.4823529720306396 9.300002098083496
423 0.016499999910593033 0.009444444440305233 1.7470588684082031 8.099997520446777
424 0.026500001549720764 0.010555555112659931 2.510526657104492 17.10003089904785
425 0.023000001907348633 0.010555555112659931 2.178947687149048 11.700011253356934
426 0.01850000023841858 0.009999999776482582 1.850000023841858 12.10001277923584
427 0.016499999910593033 0.009444444440305233 1.7470588684082031 9.100001335144043
428 0.015500001609325409 0.009999999776482582 1.5500001907348633 9.20000171661377
429 0.02850000187754631 0.010555555112659931 2.700000286102295 12.800015449523926
430 0.01600000075995922 0.010555555112659931 1.5157896280288696 14.500021934509277
431 0.01850000023841858 0.009999999776482582 1.850000023841858 9.50000286102295
432 0.017500001937150955 0.009444444440305233 1.8529413938522339 11.400010108947754
433 0.01600000075995922 0.009444444440305233 1.694117784500122 9.300002098083496
434 0.013500001281499863 0.009444444440305233 1.4294118881225586 17.000030517578125
435 0.013500000350177288 0.009999999776482582 1.350000023841858 9.50000286102295
436 0.010999999940395355 0.009444444440305233 1.1647058725357056 5.6999993324279785
437 0.011500000953674316 0.009444444440305233 1.2176471948623657 12.40001392364502
438 0.021000001579523087 0.009444444440305233 2.223529577255249 9.800004005432129
439 0.018000001087784767 0.009999999776482582 1.8000001907348633 10.700007438659668
440 0.014000000432133675 0.009999999776482582 1.4000000953674316 5.999999046325684
441 0.017500001937150955 0.009999999776482582 1.750000238418579 12.200013160705566
442 0.016500001773238182 0.010555555112659931 1.5631581544876099 13.300017356872559
443 0.016499999910593033 0.009999999776482582 1.649999976158142 10.600007057189941
444 0.014500000514090061 0.010555555112659931 1.373684287071228 7.599997520446777
445 0.023500001057982445 0.010555555112659931 2.226315975189209 1.7000027894973755
446 1.0 1.0 1.0 -94.89912414550781
447 0.013500000350177288 0.009444444440305233 1.429411768913269 6.299998760223389
448 0.018000001087784767 0.009444444440305233 1.905882477760315 7.599997520446777
449 0.015000000596046448 0.009444444440305233 1.5882353782653809 5.6999993324279785
450 1.0 0.9605555534362793 1.0410641431808472 -94.89912414550781
451 0.018000001087784767 0.010555555112659931 1.705263376235962 5.6999993324279785
452 0.021000001579523087 0.010555555112659931 1.9894739389419556 12.900015830993652
453 0.0215000007301569 0.009999999776482582 2.1500000953674316 11.2000093460083
454 0.01850000023841858 0.010555555112659931 1.752631664276123 12.000012397766113
455 0.020500000566244125 0.009999999776482582 2.0500001907348633 12.500014305114746
456 0.007500000298023224 0.010555555112659931 0.7105263471603394 8.90000057220459
457 0.01600000075995922 0.009444444440305233 1.694117784500122 7.199997901916504
458 0.01600000075995922 0.009999999776482582 1.6000001430511475 4.40000057220459
459 0.01600000075995922 0.009999999776482582 1.6000001430511475 15.700026512145996
460 0.017500001937150955 0.009999999776482582 1.750000238418579 11.400010108947754
461 0.015000000596046448 0.009999999776482582 1.5000001192092896 14.800023078918457
462 0.010000000707805157 0.010555555112659931 0.9473685026168823 11.80001163482666
463 0.009999999776482582 0.010555555112659931 0.9473684430122375 6.899998188018799
464 0.017500001937150955 0.010555555112659931 1.6578949689865112 11.900012016296387
465 0.010500000789761543 0.009999999776482582 1.0500000715255737 9.700003623962402
466 0.013500001281499863 0.010555555112659931 1.2789475917816162 12.200013160705566
467 0.024000000208616257 0.009444444440305233 2.5411765575408936 13.700018882751465
468 0.010500000789761543 0.009444444440305233 1.1117647886276245 13.100016593933105
469 0.016499999910593033 0.010555555112659931 1.5631579160690308 7.699997425079346
470 0.01900000125169754 0.010555555112659931 1.8000001907348633 17.000030517578125
471 0.015500000678002834 0.009444444440305233 1.6411765813827515 11.900012016296387
472 0.021500002592802048 0.009999999776482582 2.1500003337860107 7.799997329711914
473 0.014500000514090061 0.009444444440305233 1.5352941751480103 12.300013542175293
474 0.0215000007301569 0.009999999776482582 2.1500000953674316 8.099997520446777
475 0.01900000125169754 0.009999999776482582 1.9000002145767212 12.200013160705566
476 0.01600000075995922 0.009999999776482582 1.6000001430511475 10.300005912780762
477 0.018000001087784767 0.009444444440305233 1.905882477760315 9.600003242492676
478 0.014500000514090061 0.009444444440305233 1.5352941751480103 11.100008964538574
479 0.013500000350177288 0.009444444440305233 1.429411768913269 12.500014305114746
480 0.014500000514090061 0.009999999776482582 1.4500000476837158 6.399998664855957
481 0.014500000514090061 0.009999999776482582 1.4500000476837158 7.599997520446777
482 0.011500000953674316 0.009444444440305233 1.2176471948623657 11.000008583068848
483 0.015000000596046448 0.009999999776482582 1.5000001192092896 11.700011253356934
484 0.014000000432133675 0.009444444440305233 1.4823529720306396 14.600022315979004
485 0.011500000953674316 0.010555555112659931 1.089473843574524 11.50001049041748
486 0.01600000075995922 0.009444444440305233 1.694117784500122 10.700007438659668
487 0.01600000075995922 0.009999999776482582 1.6000001430511475 15.90002727508545
488 0.015500000678002834 0.009444444440305233 1.6411765813827515 10.200005531311035
489 0.01900000125169754 0.009999999776482582 1.9000002145767212 9.700003623962402
490 0.011500000953674316 0.009444444440305233 1.2176471948623657 7.799997329711914
491 0.018000001087784767 0.009999999776482582 1.8000001907348633 7.699997425079346
492 0.020500000566244125 0.009444444440305233 2.170588254928589 14.600022315979004
493 1.0 0.7038888931274414 1.420678734779358 -94.89912414550781
494 0.0215000007301569 0.009999999776482582 2.1500000953674316 14.800023078918457
495 0.023500001057982445 0.010555555112659931 2.226315975189209 12.500014305114746
496 0.021000001579523087 0.010555555112659931 1.9894739389419556 7.0999979972839355
497 0.015000000596046448 0.010555555112659931 1.4210526943206787 10.000004768371582
498 0.026500001549720764 0.009999999776482582 2.6500000953674316 4.800000190734863
499 0.013500001281499863 0.010555555112659931 1.2789475917816162 9.600003242492676
500 0.01600000075995922 0.009444444440305233 1.694117784500122 5.6999993324279785
501 0.01250000111758709 0.009444444440305233 1.3235294818878174 13.900019645690918
502 0.01900000125169754 0.009444444440305233 2.0117647647857666 14.40002155303955
503 0.015000000596046448 0.009999999776482582 1.5000001192092896 13.500018119812012
504 0.01250000111758709 0.009444444440305233 1.3235294818878174 20.10004234313965
505 0.012000000104308128 0.009444444440305233 1.2705882787704468 7.699997425079346
506 0.016499999910593033 0.009999999776482582 1.649999976158142 11.50001049041748
507 0.0195000022649765 0.009999999776482582 1.950000286102295 7.899997234344482
508 0.018000001087784767 0.009444444440305233 1.905882477760315 5.099999904632568
509 0.02550000138580799 0.010555555112659931 2.4157896041870117 3.2000017166137695
510 0.01900000125169754 0.009999999776482582 1.9000002145767212 13.900019645690918
511 0.014500000514090061 0.009999999776482582 1.4500000476837158 8.29999828338623
512 0.014000000432133675 0.010555555112659931 1.3263158798217773 6.699998378753662
513 0.01600000075995922 0.010555555112659931 1.5157896280288696 15.200024604797363
514 0.017000000923871994 0.010555555112659931 1.610526442527771 16.800029754638672
515 0.01850000023841858 0.010555555112659931 1.752631664276123 11.80001163482666
516 0.0195000022649765 0.009999999776482582 1.950000286102295 8.099997520446777
517 0.018000001087784767 0.010555555112659931 1.705263376235962 14.70002269744873
518 0.017000000923871994 0.010555555112659931 1.610526442527771 10.600007057189941
519 0.01900000125169754 0.009444444440305233 2.0117647647857666 19.300039291381836
520 0.020500000566244125 0.010555555112659931 1.9421054124832153 10.600007057189941
521 0.01600000075995922 0.009444444440305233 1.694117784500122 13.500018119812012
522 0.01600000075995922 0.010555555112659931 1.5157896280288696 7.599997520446777
523 0.013500000350177288 0.009444444440305233 1.429411768913269 11.2000093460083
524 0.019999999552965164 0.009999999776482582 2.0 7.0999979972839355
525 0.014500000514090061 0.009444444440305233 1.5352941751480103 8.099997520446777
526 0.017500001937150955 0.010555555112659931 1.6578949689865112 12.10001277923584
527 0.020500000566244125 0.010555555112659931 1.9421054124832153 8.59999942779541
528 0.019500000402331352 0.009999999776482582 1.9500000476837158 11.80001163482666
529 0.018000001087784767 0.010555555112659931 1.705263376235962 8.29999828338623
530 0.012000000104308128 0.009999999776482582 1.2000000476837158 10.400006294250488
531 0.020500000566244125 0.010555555112659931 1.9421054124832153 6.599998474121094
532 0.013000000268220901 0.009444444440305233 1.3764705657958984 9.400002479553223
533 0.015000000596046448 0.010555555112659931 1.4210526943206787 11.100008964538574
534 0.020500000566244125 0.009444444440305233 2.170588254928589 13.900019645690918
535 0.020500000566244125 0.009999999776482582 2.0500001907348633 9.20000171661377
536 0.02200000174343586 0.010555555112659931 2.0842108726501465 11.700011253356934
537 0.024500001221895218 0.010555555112659931 2.3210527896881104 15.400025367736816
538 0.011500000953674316 0.010555555112659931 1.089473843574524 9.100001335144043
539 0.016499999910593033 0.009444444440305233 1.7470588684082031 12.000012397766113
540 0.017500001937150955 0.009999999776482582 1.750000238418579 12.800015449523926
541 0.02500000223517418 0.009444444440305233 2.6470589637756348 16.9000301361084
542 0.01850000023841858 0.010555555112659931 1.752631664276123 13.100016593933105
543 0.01600000075995922 0.009999999776482582 1.6000001430511475 8.199997901916504
544 0.01900000125169754 0.009444444440305233 2.0117647647857666 4.800000190734863
545 0.015500000678002834 0.009999999776482582 1.5500000715255737 12.300013542175293
546 0.023500001057982445 0.010555555112659931 2.226315975189209 9.000000953674316
547 0.017500001937150955 0.010555555112659931 1.6578949689865112 14.000020027160645
548 0.017000000923871994 0.010555555112659931 1.610526442527771 5.6999993324279785
549 0.010500000789761543 0.009444444440305233 1.1117647886276245 9.20000171661377
550 0.020500000566244125 0.009999999776482582 2.0500001907348633 16.100027084350586
551 0.026500001549720764 0.009999999776482582 2.6500000953674316 4.500000476837158
552 0.02250000089406967 0.009444444440305233 2.3823530673980713 3.7000012397766113
553 0.015500001609325409 0.010555555112659931 1.468421220779419 9.100001335144043
554 0.019500000402331352 0.009444444440305233 2.0647058486938477 12.600014686584473
555 0.009000000543892384 0.010555555112659931 0.852631688117981 13.100016593933105
556 0.01850000023841858 0.009999999776482582 1.850000023841858 9.300002098083496
557 0.008500000461935997 0.009444444440305233 0.9000000357627869 12.000012397766113
558 0.023500001057982445 0.009999999776482582 2.3500001430511475 8.399998664855957
559 0.015000000596046448 0.009999999776482582 1.5000001192092896 9.400002479553223
560 0.0195000022649765 0.010555555112659931 1.8473687171936035 11.300009727478027
561 0.010500000789761543 0.009999999776482582 1.0500000715255737 9.50000286102295
562 0.0215000007301569 0.010555555112659931 2.0368423461914062 10.300005912780762
563 0.016499999910593033 0.009999999776482582 1.649999976158142 10.000004768371582
564 0.013500001281499863 0.009999999776482582 1.3500001430511475 11.700011253356934
565 0.015000000596046448 0.010555555112659931 1.4210526943206787 10.300005912780762
566 0.01600000075995922 0.009444444440305233 1.694117784500122 11.000008583068848
567 0.015500000678002834 0.009444444440305233 1.6411765813827515 7.999997615814209
568 0.015000000596046448 0.009999999776482582 1.5000001192092896 8.59999942779541
569 0.01900000125169754 0.010555555112659931 1.8000001907348633 8.199997901916504
570 0.026000000536441803 0.010555555112659931 2.463158130645752 6.299998760223389
571 0.01850000023841858 0.009444444440305233 1.958823561668396 18.700037002563477
572 0.016499999910593033 0.009444444440305233 1.7470588684082031 9.900004386901855
573 0.014500000514090061 0.009999999776482582 1.4500000476837158 11.100008964538574
574 0.01600000075995922 0.009444444440305233 1.694117784500122 12.7000150680542
575 0.017000000923871994 0.009444444440305233 1.8000000715255737 12.900015830993652
576 0.014500000514090061 0.009999999776482582 1.4500000476837158 8.099997520446777
577 0.017000000923871994 0.009999999776482582 1.7000001668930054 12.10001277923584
578 0.017000000923871994 0.009999999776482582 1.7000001668930054 12.40001392364502
579 0.01850000023841858 0.010555555112659931 1.752631664276123 10.500006675720215
580 0.013500000350177288 0.010555555112659931 1.2789474725723267 9.700003623962402
581 0.023500001057982445 0.009444444440305233 2.4882354736328125 8.099997520446777
582 0.02250000089406967 0.009999999776482582 2.250000238418579 12.300013542175293
583 1.0 0.9577777981758118 1.0440834760665894 -94.89912414550781
584 0.023500001057982445 0.009444444440305233 2.4882354736328125 8.199997901916504
585 0.015500000678002834 0.009999999776482582 1.5500000715255737 9.700003623962402
586 0.018000001087784767 0.009999999776482582 1.8000001907348633 12.40001392364502
587 0.015500000678002834 0.009444444440305233 1.6411765813827515 10.400006294250488
588 0.014000000432133675 0.009999999776482582 1.4000000953674316 9.900004386901855
589 0.017000000923871994 0.010555555112659931 1.610526442527771 18.400035858154297
590 0.012000000104308128 0.009999999776482582 1.2000000476837158 11.50001049041748
591 0.02550000138580799 0.010555555112659931 2.4157896041870117 13.100016593933105
592 0.01600000075995922 0.009999999776482582 1.6000001430511475 5.999999046325684
593 0.012000000104308128 0.009999999776482582 1.2000000476837158 13.100016593933105
594 0.02250000089406967 0.010555555112659931 2.1315791606903076 8.59999942779541
595 0.014500001445412636 0.009444444440305233 1.5352942943572998 8.90000057220459
596 0.010000000707805157 0.009999999776482582 1.0000001192092896 8.099997520446777
597 0.021500002592802048 0.010555555112659931 2.0368423461914062 10.800007820129395
598 0.020000001415610313 0.010555555112659931 1.8947370052337646 10.600007057189941
599 0.015500000678002834 0.009999999776482582 1.5500000715255737 9.900004386901855
600 0.020500000566244125 0.009999999776482582 2.0500001907348633 11.900012016296387
601 0.015500000678002834 0.009444444440305233 1.6411765813827515 9.50000286102295
602 0.01900000125169754 0.009444444440305233 2.0117647647857666 10.200005531311035
603 0.009000000543892384 0.009444444440305233 0.9529412388801575 13.900019645690918
604 0.020000001415610313 0.009444444440305233 2.117647171020508 8.59999942779541
605 0.013500000350177288 0.009444444440305233 1.429411768913269 19.50004005432129
606 0.01850000023841858 0.009444444440305233 1.958823561668396 5.59999942779541
607 0.02199999988079071 0.010555555112659931 2.0842106342315674 11.2000093460083
608 0.01600000075995922 0.010555555112659931 1.5157896280288696 12.10001277923584
609 0.007500000298023224 0.009444444440305233 0.7941176891326904 11.000008583068848
610 0.01900000125169754 0.009999999776482582 1.9000002145767212 13.900019645690918
611 0.021000001579523087 0.009999999776482582 2.1000001430511475 9.800004005432129
612 0.011500000953674316 0.009444444440305233 1.2176471948623657 12.10001277923584
613 0.017500001937150955 0.010555555112659931 1.6578949689865112 17.70003318786621
614 0.015000000596046448 0.010555555112659931 1.4210526943206787 6.899998188018799
615 0.017500001937150955 0.010555555112659931 1.6578949689865112 11.2000093460083
616 0.015000000596046448 0.010555555112659931 1.4210526943206787 7.999997138977051
617 0.01600000075995922 0.009999999776482582 1.6000001430511475 8.800000190734863
618 0.016499999910593033 0.009999999776482582 1.649999976158142 10.700007438659668
619 0.01600000075995922 0.009999999776482582 1.6000001430511475 14.200020790100098
620 0.018000001087784767 0.009444444440305233 1.905882477760315 6.299998760223389
621 0.011500000953674316 0.009444444440305233 1.2176471948623657 11.400010108947754
622 0.008500000461935997 0.009999999776482582 0.8500000834465027 12.200013160705566
623 0.014000000432133675 0.009444444440305233 1.4823529720306396 13.100016593933105
624 0.02500000037252903 0.009999999776482582 2.5 10.400006294250488
625 0.020000001415610313 0.010555555112659931 1.8947370052337646 10.000004768371582
626 1.0 1.0 1.0 -94.89912414550781
627 0.013000000268220901 0.010555555112659931 1.231579065322876 12.900015830993652
628 0.021000001579523087 0.009999999776482582 2.1000001430511475 9.100001335144043
629 0.017500001937150955 0.009444444440305233 1.8529413938522339 9.100001335144043
630 0.020000001415610313 0.009444444440305233 2.117647171020508 11.2000093460083
631 0.016499999910593033 0.009444444440305233 1.7470588684082031 8.90000057220459
632 0.016499999910593033 0.009444444440305233 1.7470588684082031 14.600022315979004
633 0.014500000514090061 0.009444444440305233 1.5352941751480103 15.00002384185791
634 0.012000000104308128 0.010555555112659931 1.136842131614685 14.500021934509277
635 0.019500000402331352 0.009444444440305233 2.0647058486938477 14.600022315979004
636 0.01250000111758709 0.009444444440305233 1.3235294818878174 9.100001335144043
637 0.010000000707805157 0.010555555112659931 0.9473685026168823 12.300013542175293
638 0.010000000707805157 0.009999999776482582 1.0000001192092896 10.200005531311035
639 0.0195000022649765 0.009999999776482582 1.950000286102295 18.00003433227539
640 0.016499999910593033 0.010555555112659931 1.5631579160690308 9.300002098083496
641 0.016499999910593033 0.009999999776482582 1.649999976158142 10.200005531311035
642 0.016499999910593033 0.009444444440305233 1.7470588684082031 11.600010871887207
643 0.00950000062584877 0.010555555112659931 0.9000000953674316 11.50001049041748
644 0.015000000596046448 0.009999999776482582 1.5000001192092896 16.800029754638672
645 0.010999999940395355 0.009444444440305233 1.1647058725357056 11.50001049041748
646 0.024500001221895218 0.010555555112659931 2.3210527896881104 13.300017356872559
647 0.02250000089406967 0.009444444440305233 2.3823530673980713 5.299999713897705
648 0.01600000075995922 0.009999999776482582 1.6000001430511475 10.000004768371582
649 0.013500000350177288 0.009999999776482582 1.350000023841858 10.600007057189941
650 0.023500001057982445 0.009999999776482582 2.3500001430511475 10.100005149841309
651 0.023000001907348633 0.009444444440305233 2.4352943897247314 3.100001811981201
652 0.020000001415610313 0.009444444440305233 2.117647171020508 13.400017738342285
653 0.012500000186264515 0.009444444440305233 1.3235294818878174 10.700007438659668
654 0.0195000022649765 0.010555555112659931 1.8473687171936035 17.500032424926758
655 0.017000000923871994 0.010555555112659931 1.610526442527771 14.200020790100098
656 0.020500000566244125 0.010555555112659931 1.9421054124832153 10.100005149841309
657 0.018000001087784767 0.010555555112659931 1.705263376235962 12.200013160705566
658 0.015500000678002834 0.009444444440305233 1.6411765813827515 10.300005912780762
659 0.017500001937150955 0.009999999776482582 1.750000238418579 8.399998664855957
660 1.0 0.7155555486679077 1.3975155353546143 -94.89912414550781
661 0.012000000104308128 0.009999999776482582 1.2000000476837158 11.400010108947754
662 0.012000000104308128 0.010555555112659931 1.136842131614685 10.100005149841309
663 0.014500000514090061 0.010555555112659931 1.373684287071228 10.900008201599121
664 0.018000001087784767 0.009444444440305233 1.905882477760315 10.200005531311035
665 0.01600000075995922 0.010555555112659931 1.5157896280288696 14.100020408630371
666 0.02250000089406967 0.009444444440305233 2.3823530673980713 14.500021934509277
667 0.014000000432133675 0.009999999776482582 1.4000000953674316 8.29999828338623
668 0.00950000062584877 0.009999999776482582 0.9500001072883606 6.699998378753662
669 0.010999999940395355 0.010555555112659931 1.0421053171157837 12.900015830993652
670 0.013500001281499863 0.009999999776482582 1.3500001430511475 10.700007438659668
671 0.015000000596046448 0.009999999776482582 1.5000001192092896 8.699999809265137
672 0.01600000075995922 0.009444444440305233 1.694117784500122 13.500018119812012
673 0.024500001221895218 0.009444444440305233 2.5941178798675537 9.300002098083496
674 0.014500001445412636 0.009444444440305233 1.5352942943572998 11.80001163482666
675 0.023000001907348633 0.009999999776482582 2.3000001907348633 5.799999237060547
676 0.011500000953674316 0.010555555112659931 1.089473843574524 9.100001335144043
677 0.0195000022649765 0.009999999776482582 1.950000286102295 9.900004386901855
678 0.015000000596046448 0.009444444440305233 1.5882353782653809 12.500014305114746
679 0.012000000104308128 0.010555555112659931 1.136842131614685 10.900008201599121
680 0.012500000186264515 0.009444444440305233 1.3235294818878174 8.699999809265137
681 0.015000000596046448 0.009999999776482582 1.5000001192092896 11.700011253356934
682 0.015000000596046448 0.009444444440305233 1.5882353782653809 11.50001049041748
683 0.014000000432133675 0.009444444440305233 1.4823529720306396 9.50000286102295
684 0.017000000923871994 0.009999999776482582 1.7000001668930054 8.699999809265137
685 1.0 0.9961110949516296 1.003904104232788 -94.89912414550781
686 0.023500001057982445 0.009444444440305233 2.4882354736328125 9.800004005432129
687 0.021000001579523087 0.009999999776482582 2.1000001430511475 12.7000150680542
688 0.019500000402331352 0.009999999776482582 1.9500000476837158 12.000012397766113
689 0.02199999988079071 0.010555555112659931 2.0842106342315674 4.40000057220459
690 0.020000001415610313 0.010555555112659931 1.8947370052337646 4.600000381469727
691 0.02199999988079071 0.009444444440305233 2.329411745071411 14.300021171569824
692 0.02250000089406967 0.009444444440305233 2.3823530673980713 5.0
693 0.0195000022649765 0.010555555112659931 1.8473687171936035 14.800023078918457
694 0.026500001549720764 0.009999999776482582 2.6500000953674316 9.600003242492676
695 0.023000001907348633 0.009999999776482582 2.3000001907348633 12.7000150680542
696 0.017500001937150955 0.009999999776482582 1.750000238418579 8.399998664855957
697 0.020000001415610313 0.009999999776482582 2.000000238418579 7.499997615814209
698 0.018000001087784767 0.009444444440305233 1.905882477760315 11.600010871887207
699 0.015000000596046448 0.010555555112659931 1.4210526943206787 7.0999979972839355
700 0.016499999910593033 0.010555555112659931 1.5631579160690308 6.19999885559082
701 0.021000001579523087 0.009999999776482582 2.1000001430511475 10.200005531311035
702 0.012000000104308128 0.009444444440305233 1.2705882787704468 12.40001392364502
703 0.02250000089406967 0.009444444440305233 2.3823530673980713 10.100005149841309
704 0.0215000007301569 0.009444444440305233 2.27647066116333 12.40001392364502
705 0.01900000125169754 0.009999999776482582 1.9000002145767212 11.600010871887207
706 0.01100000087171793 0.009999999776482582 1.1000001430511475 11.50001049041748
707 0.01600000075995922 0.010555555112659931 1.5157896280288696 11.600010871887207
708 0.02250000089406967 0.009999999776482582 2.250000238418579 8.199997901916504
709 0.01850000023841858 0.009999999776482582 1.850000023841858 10.300005912780762
710 0.01900000125169754 0.009999999776482582 1.9000002145767212 15.60002613067627
711 0.012500000186264515 0.009444444440305233 1.3235294818878174 18.100034713745117
712 0.028999999165534973 0.009444444440305233 3.0705881118774414 19.300039291381836
713 0.015000000596046448 0.010555555112659931 1.4210526943206787 13.700018882751465
714 0.008500000461935997 0.009444444440305233 0.9000000357627869 10.000004768371582
715 0.013500000350177288 0.009444444440305233 1.429411768913269 11.600010871887207
716 0.015000000596046448 0.009444444440305233 1.5882353782653809 13.700018882751465
717 1.0 0.9927777647972107 1.0072747468948364 -94.89912414550781
718 0.020500000566244125 0.010555555112659931 1.9421054124832153 7.599997520446777
719 0.014000000432133675 0.009999999776482582 1.4000000953674316 10.000004768371582
720 0.012500000186264515 0.009999999776482582 1.25 11.50001049041748
721 0.023000001907348633 0.009999999776482582 2.3000001907348633 5.299999713897705
722 0.014000000432133675 0.009444444440305233 1.4823529720306396 10.800007820129395
723 0.01850000023841858 0.009999999776482582 1.850000023841858 14.000020027160645
724 0.020000001415610313 0.009444444440305233 2.117647171020508 7.899997234344482
725 0.013000000268220901 0.009999999776482582 1.3000000715255737 10.200005531311035
726 0.012000000104308128 0.009999999776482582 1.2000000476837158 8.29999828338623
727 0.023000001907348633 0.010555555112659931 2.178947687149048 3.2000017166137695
728 0.007500000298023224 0.010555555112659931 0.7105263471603394 12.300013542175293
729 0.010999999940395355 0.009444444440305233 1.1647058725357056 10.900008201599121
730 0.012000000104308128 0.009444444440305233 1.2705882787704468 6.899998188018799
731 0.01850000023841858 0.009999999776482582 1.850000023841858 9.300002098083496
732 0.017000000923871994 0.009444444440305233 1.8000000715255737 14.300021171569824
733 0.018000001087784767 0.010555555112659931 1.705263376235962 12.7000150680542
734 0.019500000402331352 0.009444444440305233 2.0647058486938477 10.200005531311035
735 0.013500001281499863 0.009999999776482582 1.3500001430511475 9.800004005432129
736 0.0215000007301569 0.009999999776482582 2.1500000953674316 9.900004386901855
737 0.013000000268220901 0.009999999776482582 1.3000000715255737 12.000012397766113
738 0.015000000596046448 0.009444444440305233 1.5882353782653809 9.600003242492676
739 0.01850000023841858 0.009444444440305233 1.958823561668396 8.699999809265137
740 0.012500000186264515 0.010555555112659931 1.1842105388641357 12.7000150680542
741 0.024500001221895218 0.010555555112659931 2.3210527896881104 10.000004768371582
742 0.027000000700354576 0.010555555112659931 2.5578949451446533 11.700011253356934
743 0.02550000138580799 0.010555555112659931 2.4157896041870117 13.300017356872559
744 0.014000000432133675 0.010555555112659931 1.3263158798217773 7.999997615814209
745 0.01600000075995922 0.009444444440305233 1.694117784500122 14.100020408630371
746 0.016499999910593033 0.010555555112659931 1.5631579160690308 9.600003242492676
747 0.024000000208616257 0.009999999776482582 2.4000000953674316 11.600010871887207
748 0.01850000023841858 0.009999999776482582 1.850000023841858 11.2000093460083
749 0.01900000125169754 0.009444444440305233 2.0117647647857666 14.200020790100098
750 0.014000000432133675 0.009444444440305233 1.4823529720306396 7.599997520446777
751 0.010999999940395355 0.009444444440305233 1.1647058725357056 11.600010871887207
752 0.017500001937150955 0.009444444440305233 1.8529413938522339 21.20004653930664
753 0.017000000923871994 0.009444444440305233 1.8000000715255737 14.600022315979004
754 0.011500000953674316 0.010555555112659931 1.089473843574524 11.700011253356934
755 0.014000000432133675 0.010555555112659931 1.3263158798217773 8.699999809265137
756 0.01600000075995922 0.009444444440305233 1.694117784500122 9.20000171661377
757 0.008500000461935997 0.009444444440305233 0.9000000357627869 9.50000286102295
758 0.020000001415610313 0.009444444440305233 2.117647171020508 10.800007820129395
759 0.020500000566244125 0.009999999776482582 2.0500001907348633 12.200013160705566
760 0.01900000125169754 0.009444444440305233 2.0117647647857666 8.699999809265137
761 0.01850000023841858 0.009999999776482582 1.850000023841858 5.799999237060547
762 0.012000000104308128 0.009444444440305233 1.2705882787704468 11.80001163482666
763 0.013500001281499863 0.010555555112659931 1.2789475917816162 9.400002479553223
764 0.014500000514090061 0.009999999776482582 1.4500000476837158 11.700011253356934
765 0.021500002592802048 0.010555555112659931 2.0368423461914062 16.700029373168945
766 0.008500000461935997 0.009444444440305233 0.9000000357627869 10.400006294250488
767 0.015500000678002834 0.009999999776482582 1.5500000715255737 19.900041580200195
768 0.01600000075995922 0.009444444440305233 1.694117784500122 7.199997901916504
769 0.020500000566244125 0.010555555112659931 1.9421054124832153 9.900004386901855
770 0.0195000022649765 0.009444444440305233 2.0647060871124268 6.299998760223389
771 0.01600000075995922 0.009444444440305233 1.694117784500122 11.900012016296387
772 0.017999999225139618 0.009444444440305233 1.9058822393417358 8.699999809265137
773 0.02250000089406967 0.010555555112659931 2.1315791606903076 9.20000171661377
774 0.014000000432133675 0.009999999776482582 1.4000000953674316 9.900004386901855
775 0.013500000350177288 0.009444444440305233 1.429411768913269 8.59999942779541
776 0.015500001609325409 0.009444444440305233 1.641176700592041 13.300017356872559
777 0.017500001937150955 0.009444444440305233 1.8529413938522339 8.90000057220459
778 0.01900000125169754 0.009444444440305233 2.0117647647857666 10.400006294250488
779 0.013000000268220901 0.010555555112659931 1.231579065322876 17.900033950805664
780 0.015000000596046448 0.009444444440305233 1.5882353782653809 16.30002784729004
781 0.015000000596046448 0.009444444440305233 1.5882353782653809 10.600007057189941
782 0.018000001087784767 0.010555555112659931 1.705263376235962 9.20000171661377
783 0.017500001937150955 0.010555555112659931 1.6578949689865112 10.800007820129395
784 0.01850000023841858 0.009444444440305233 1.958823561668396 9.100001335144043
785 0.015000000596046448 0.009999999776482582 1.5000001192092896 11.700011253356934
786 0.02500000223517418 0.009444444440305233 2.6470589637756348 17.300031661987305
787 0.013000000268220901 0.009444444440305233 1.3764705657958984 5.399999618530273
788 0.0215000007301569 0.009999999776482582 2.1500000953674316 14.900023460388184
789 0.01600000075995922 0.009999999776482582 1.6000001430511475 8.90000057220459
790 0.02199999988079071 0.010555555112659931 2.0842106342315674 10.100005149841309
791 0.020500000566244125 0.010555555112659931 1.9421054124832153 9.100001335144043
792 0.026500001549720764 0.009999999776482582 2.6500000953674316 16.9000301361084
793 0.016499999910593033 0.009999999776482582 1.649999976158142 16.00002670288086
794 0.020000001415610313 0.009999999776482582 2.000000238418579 14.800023078918457
795 0.016499999910593033 0.009444444440305233 1.7470588684082031 12.7000150680542
796 0.023000001907348633 0.009444444440305233 2.4352943897247314 8.800000190734863
797 0.02250000089406967 0.009999999776482582 2.250000238418579 15.60002613067627
798 0.010500000789761543 0.009444444440305233 1.1117647886276245 7.899997234344482
799 0.014000000432133675 0.009444444440305233 1.4823529720306396 10.200005531311035
800 0.017500001937150955 0.009444444440305233 1.8529413938522339 20.90004539489746
801 0.01850000023841858 0.009999999776482582 1.850000023841858 10.200005531311035
802 0.015500000678002834 0.009999999776482582 1.5500000715255737 10.700007438659668
803 0.010500000789761543 0.009444444440305233 1.1117647886276245 11.300009727478027
804 0.011500000953674316 0.009444444440305233 1.2176471948623657 12.40001392364502
805 0.011500000953674316 0.009444444440305233 1.2176471948623657 13.000016212463379
806 0.011500000953674316 0.009444444440305233 1.2176471948623657 13.800019264221191
807 0.0195000022649765 0.010555555112659931 1.8473687171936035 15.00002384185791
808 0.014000000432133675 0.009444444440305233 1.4823529720306396 11.300009727478027
809 0.015500000678002834 0.010555555112659931 1.468421220779419 11.000008583068848
810 0.018000001087784767 0.009444444440305233 1.905882477760315 7.699997425079346
811 0.01600000075995922 0.010555555112659931 1.5157896280288696 13.000016212463379
812 0.01100000087171793 0.009999999776482582 1.1000001430511475 13.500018119812012
813 0.014500000514090061 0.009444444440305233 1.5352941751480103 20.000041961669922
814 0.018000001087784767 0.010555555112659931 1.705263376235962 7.399997711181641
815 0.017500001937150955 0.009444444440305233 1.8529413938522339 8.399998664855957
816 0.0195000022649765 0.010555555112659931 1.8473687171936035 9.900004386901855
817 0.016499999910593033 0.009444444440305233 1.7470588684082031 14.500021934509277
818 0.010500000789761543 0.009999999776482582 1.0500000715255737 10.500006675720215
819 0.01850000023841858 0.009444444440305233 1.958823561668396 9.800004005432129
820 0.015500000678002834 0.010555555112659931 1.468421220779419 13.000016212463379
821 0.017500001937150955 0.010555555112659931 1.6578949689865112 8.399998664855957
822 0.014500000514090061 0.009999999776482582 1.4500000476837158 10.600007057189941
823 0.0215000007301569 0.010555555112659931 2.0368423461914062 12.900015830993652
824 0.018000001087784767 0.009444444440305233 1.905882477760315 11.2000093460083
825 0.015000000596046448 0.009999999776482582 1.5000001192092896 8.499999046325684
826 0.017000000923871994 0.009444444440305233 1.8000000715255737 12.7000150680542
827 0.020500000566244125 0.009444444440305233 2.170588254928589 9.300002098083496
828 0.02199999988079071 0.009444444440305233 2.329411745071411 7.399997711181641
829 0.014000000432133675 0.010555555112659931 1.3263158798217773 10.900008201599121
830 0.014000000432133675 0.009999999776482582 1.4000000953674316 4.000000953674316
831 0.025499999523162842 0.010555555112659931 2.4157896041870117 11.600010871887207
832 0.02250000089406967 0.009999999776482582 2.250000238418579 8.90000057220459
833 0.021000001579523087 0.009999999776482582 2.1000001430511475 11.600010871887207
834 0.01600000075995922 0.010555555112659931 1.5157896280288696 7.299997806549072
835 0.01850000023841858 0.010555555112659931 1.752631664276123 8.90000057220459
836 0.020000001415610313 0.010555555112659931 1.8947370052337646 8.199997901916504
837 0.012000000104308128 0.009999999776482582 1.2000000476837158 8.199997901916504
838 0.021000001579523087 0.009999999776482582 2.1000001430511475 11.900012016296387
839 0.013000000268220901 0.010555555112659931 1.231579065322876 12.200013160705566
840 0.021500002592802048 0.010555555112659931 2.0368423461914062 3.2000017166137695
841 0.01850000023841858 0.009444444440305233 1.958823561668396 9.100001335144043
842 0.0195000022649765 0.009999999776482582 1.950000286102295 10.100005149841309
843 0.014500000514090061 0.009444444440305233 1.5352941751480103 7.399997711181641
844 0.0215000007301569 0.009444444440305233 2.27647066116333 11.900012016296387
845 0.01850000023841858 0.010555555112659931 1.752631664276123 7.199997901916504
846 0.02850000187754631 0.009444444440305233 3.0176472663879395 12.10001277923584
847 1.0 0.9977777600288391 1.0022271871566772 -94.89912414550781
848 0.00950000062584877 0.010555555112659931 0.9000000953674316 11.600010871887207
849 0.015000000596046448 0.009999999776482582 1.5000001192092896 8.699999809265137
850 0.014500000514090061 0.009444444440305233 1.5352941751480103 13.400017738342285
851 0.016499999910593033 0.009999999776482582 1.649999976158142 8.90000057220459
852 0.019999999552965164 0.010555555112659931 1.894736886024475 12.7000150680542
853 0.021000001579523087 0.009999999776482582 2.1000001430511475 10.500006675720215
854 0.01900000125169754 0.010555555112659931 1.8000001907348633 9.900004386901855
855 0.015000000596046448 0.009444444440305233 1.5882353782653809 11.000008583068848
856 0.009000000543892384 0.010555555112659931 0.852631688117981 11.000008583068848
857 0.01250000111758709 0.009999999776482582 1.2500001192092896 13.800019264221191
858 0.017500001937150955 0.009999999776482582 1.750000238418579 13.200016975402832
859 0.02200000174343586 0.009444444440305233 2.3294119834899902 14.300021171569824
860 0.024500001221895218 0.010555555112659931 2.3210527896881104 10.000004768371582
861 0.021000001579523087 0.009999999776482582 2.1000001430511475 12.200013160705566
862 0.017000000923871994 0.009444444440305233 1.8000000715255737 10.000004768371582
863 0.014500000514090061 0.009444444440305233 1.5352941751480103 8.499999046325684
864 0.01900000125169754 0.010555555112659931 1.8000001907348633 10.200005531311035
865 0.01250000111758709 0.009444444440305233 1.3235294818878174 10.600007057189941
866 0.015000000596046448 0.009999999776482582 1.5000001192092896 10.700007438659668
867 0.014000000432133675 0.010555555112659931 1.3263158798217773 11.000008583068848
868 0.007500000298023224 0.009444444440305233 0.7941176891326904 14.100020408630371
869 0.013000000268220901 0.009999999776482582 1.3000000715255737 12.800015449523926
870 0.017000000923871994 0.009444444440305233 1.8000000715255737 20.90004539489746
871 0.014000000432133675 0.009999999776482582 1.4000000953674316 4.500000476837158
872 0.01600000075995922 0.010555555112659931 1.5157896280288696 13.400017738342285
873 0.011500000953674316 0.009444444440305233 1.2176471948623657 11.400010108947754
874 0.023500001057982445 0.009999999776482582 2.3500001430511475 14.800023078918457
875 0.017000000923871994 0.009444444440305233 1.8000000715255737 8.699999809265137
876 0.0215000007301569 0.009999999776482582 2.1500000953674316 10.800007820129395
877 0.017000000923871994 0.010555555112659931 1.610526442527771 14.000020027160645
878 0.014500000514090061 0.009999999776482582 1.4500000476837158 13.000016212463379
879 0.015500000678002834 0.009444444440305233 1.6411765813827515 13.300017356872559
880 0.011500000953674316 0.009444444440305233 1.2176471948623657 12.200013160705566
881 0.00950000062584877 0.009444444440305233 1.0058823823928833 11.600010871887207
882 0.024000000208616257 0.009444444440305233 2.5411765575408936 8.800000190734863
883 0.02250000089406967 0.010555555112659931 2.1315791606903076 4.600000381469727
884 0.02500000223517418 0.010555555112659931 2.3684213161468506 4.500000476837158
885 0.023500001057982445 0.009999999776482582 2.3500001430511475 11.600010871887207
886 0.014000000432133675 0.009444444440305233 1.4823529720306396 7.899997234344482
887 0.016499999910593033 0.009999999776482582 1.649999976158142 10.200005531311035
888 0.01600000075995922 0.009999999776482582 1.6000001430511475 11.50001049041748
889 0.023500001057982445 0.009444444440305233 2.4882354736328125 16.00002670288086
890 0.016499999910593033 0.009999999776482582 1.649999976158142 9.600003242492676
891 0.013500001281499863 0.009999999776482582 1.3500001430511475 8.099997520446777
892 0.013500001281499863 0.009444444440305233 1.4294118881225586 13.100016593933105
893 0.01600000075995922 0.009999999776482582 1.6000001430511475 14.900023460388184
894 0.017000000923871994 0.010555555112659931 1.610526442527771 11.300009727478027
895 0.018000001087784767 0.010555555112659931 1.705263376235962 9.000000953674316
896 0.02199999988079071 0.009444444440305233 2.329411745071411 8.59999942779541
897 0.015000000596046448 0.010555555112659931 1.4210526943206787 10.100005149841309
898 0.020500000566244125 0.009999999776482582 2.0500001907348633 19.000038146972656
899 0.023000001907348633 0.009444444440305233 2.4352943897247314 9.800004005432129
900 0.01600000075995922 0.009999999776482582 1.6000001430511475 12.300013542175293
901 0.020000001415610313 0.009999999776482582 2.000000238418579 0.5000025033950806
902 0.01900000125169754 0.009444444440305233 2.0117647647857666 12.500014305114746
903 0.015000000596046448 0.009999999776482582 1.5000001192092896 10.400006294250488
904 0.01850000023841858 0.009444444440305233 1.958823561668396 8.199997901916504
905 0.010500000789761543 0.009999999776482582 1.0500000715255737 11.100008964538574
906 0.009999999776482582 0.009444444440305233 1.0588234663009644 15.500025749206543
907 0.01900000125169754 0.009999999776482582 1.9000002145767212 12.300013542175293
908 0.016499999910593033 0.010555555112659931 1.5631579160690308 7.999997138977051
909 0.026000000536441803 0.009999999776482582 2.6000001430511475 11.900012016296387
910 0.020000001415610313 0.009999999776482582 2.000000238418579 10.600007057189941
911 0.02199999988079071 0.009444444440305233 2.329411745071411 10.200005531311035
912 0.007500000298023224 0.009444444440305233 0.7941176891326904 10.500006675720215
913 0.01600000075995922 0.009999999776482582 1.6000001430511475 13.500018119812012
914 0.018000001087784767 0.009999999776482582 1.8000001907348633 9.700003623962402
915 0.015500000678002834 0.010555555112659931 1.468421220779419 14.500021934509277
916 0.021000001579523087 0.009444444440305233 2.223529577255249 10.800007820129395
917 0.014000000432133675 0.009999999776482582 1.4000000953674316 10.400006294250488
918 0.015500001609325409 0.009444444440305233 1.641176700592041 12.7000150680542
919 0.013000000268220901 0.009999999776482582 1.3000000715255737 8.399998664855957
920 0.006500000134110451 0.009444444440305233 0.6882352828979492 11.600010871887207
921 0.0195000022649765 0.010555555112659931 1.8473687171936035 8.099997520446777
922 0.023500001057982445 0.009444444440305233 2.4882354736328125 18.90003776550293
923 0.0195000022649765 0.009999999776482582 1.950000286102295 12.7000150680542
924 0.014500000514090061 0.010555555112659931 1.373684287071228 14.600022315979004
925 0.017500001937150955 0.009444444440305233 1.8529413938522339 1.5000027418136597
926 0.015500001609325409 0.009999999776482582 1.5500001907348633 11.2000093460083
927 0.0215000007301569 0.010555555112659931 2.0368423461914062 10.100005149841309
928 0.016499999910593033 0.009999999776482582 1.649999976158142 12.200013160705566
929 0.01850000023841858 0.009999999776482582 1.850000023841858 11.600010871887207
930 0.017500001937150955 0.009999999776482582 1.750000238418579 8.099997520446777
931 0.020000001415610313 0.009444444440305233 2.117647171020508 9.100001335144043
932 0.00950000062584877 0.009999999776482582 0.9500001072883606 9.800004005432129
933 0.01250000111758709 0.009444444440305233 1.3235294818878174 10.800007820129395
934 0.011500000953674316 0.010555555112659931 1.089473843574524 10.200005531311035
935 0.023500001057982445 0.009444444440305233 2.4882354736328125 18.700037002563477
936 0.01900000125169754 0.009999999776482582 1.9000002145767212 17.900033950805664
937 0.013000000268220901 0.009444444440305233 1.3764705657958984 6.099998950958252
938 0.014500000514090061 0.009444444440305233 1.5352941751480103 13.800019264221191
939 1.0 0.9683333039283752 1.0327023267745972 -94.89912414550781
940 0.009000000543892384 0.009444444440305233 0.9529412388801575 8.699999809265137
941 1.0 1.0 1.0 -94.89912414550781
942 0.010999999940395355 0.009999999776482582 1.100000023841858 12.40001392364502
943 0.017500001937150955 0.009444444440305233 1.8529413938522339 10.500006675720215
944 0.023500001057982445 0.010555555112659931 2.226315975189209 4.700000286102295
945 0.023500001057982445 0.009444444440305233 2.4882354736328125 8.699999809265137
946 0.010500000789761543 0.009444444440305233 1.1117647886276245 14.500021934509277
947 0.014500000514090061 0.009999999776482582 1.4500000476837158 8.800000190734863
948 1.0 0.976111114025116 1.0244735479354858 -94.89912414550781
949 0.017500001937150955 0.009999999776482582 1.750000238418579 9.50000286102295
950 0.02500000037252903 0.010555555112659931 2.3684210777282715 9.600003242492676
951 0.018000001087784767 0.009999999776482582 1.8000001907348633 7.999997138977051
952 0.024500001221895218 0.009444444440305233 2.5941178798675537 15.700026512145996
953 0.01100000087171793 0.009444444440305233 1.1647059917449951 8.29999828338623
954 0.01600000075995922 0.010555555112659931 1.5157896280288696 11.700011253356934
955 0.016499999910593033 0.009444444440305233 1.7470588684082031 9.100001335144043
956 0.013500001281499863 0.009999999776482582 1.3500001430511475 15.100024223327637
957 0.020000001415610313 0.009444444440305233 2.117647171020508 1.9000028371810913
958 0.016499999910593033 0.010555555112659931 1.5631579160690308 8.499999046325684
959 0.011500000953674316 0.009444444440305233 1.2176471948623657 10.700007438659668
960 0.020500000566244125 0.010555555112659931 1.9421054124832153 9.800004005432129
961 0.019999999552965164 0.009444444440305233 2.1176469326019287 9.50000286102295
962 0.014500000514090061 0.009444444440305233 1.5352941751480103 11.80001163482666
963 0.026500001549720764 0.009444444440305233 2.805882453918457 8.800000190734863
964 0.023000001907348633 0.010555555112659931 2.178947687149048 7.0999979972839355
965 0.017000000923871994 0.009444444440305233 1.8000000715255737 7.299997806549072
966 1.0 1.0 1.0 -94.89912414550781
967 0.019999999552965164 0.009444444440305233 2.1176469326019287 10.000004768371582
968 0.01600000075995922 0.009444444440305233 1.694117784500122 8.90000057220459
969 0.02199999988079071 0.010555555112659931 2.0842106342315674 11.900012016296387
970 0.026500001549720764 0.010555555112659931 2.510526657104492 5.099999904632568
971 0.020000001415610313 0.009444444440305233 2.117647171020508 16.00002670288086
972 0.0215000007301569 0.009444444440305233 2.27647066116333 13.600018501281738
973 0.016499999910593033 0.010555555112659931 1.5631579160690308 13.300017356872559
974 0.016499999910593033 0.010555555112659931 1.5631579160690308 13.400017738342285
975 0.0195000022649765 0.009444444440305233 2.0647060871124268 17.200031280517578
976 0.013000000268220901 0.009999999776482582 1.3000000715255737 10.800007820129395
977 0.014000000432133675 0.009444444440305233 1.4823529720306396 8.199997901916504
978 0.019500000402331352 0.009999999776482582 1.9500000476837158 7.0999979972839355
979 0.023500001057982445 0.009444444440305233 2.4882354736328125 17.900033950805664
980 0.014500000514090061 0.009999999776482582 1.4500000476837158 9.800004005432129
981 0.0195000022649765 0.009999999776482582 1.950000286102295 16.100027084350586
982 0.012000000104308128 0.009444444440305233 1.2705882787704468 12.10001277923584
983 0.01900000125169754 0.009444444440305233 2.0117647647857666 10.100005149841309
984 0.01850000023841858 0.009444444440305233 1.958823561668396 12.7000150680542
985 0.024000000208616257 0.009444444440305233 2.5411765575408936 8.800000190734863
986 0.021500002592802048 0.010555555112659931 2.0368423461914062 14.40002155303955
987 0.024000000208616257 0.009444444440305233 2.5411765575408936 6.099998950958252
988 0.018000001087784767 0.009444444440305233 1.905882477760315 10.900008201599121
989 0.010500000789761543 0.009999999776482582 1.0500000715255737 8.099997520446777
990 0.013500001281499863 0.010555555112659931 1.2789475917816162 10.900008201599121
991 0.017500001937150955 0.009999999776482582 1.750000238418579 11.900012016296387
992 0.01850000023841858 0.009444444440305233 1.958823561668396 12.300013542175293
993 0.015500000678002834 0.009999999776482582 1.5500000715255737 8.59999942779541
994 0.010999999940395355 0.009999999776482582 1.100000023841858 10.300005912780762
995 0.02550000138580799 0.009444444440305233 2.700000047683716 9.700003623962402
996 0.023500001057982445 0.009999999776482582 2.3500001430511475 9.20000171661377
997 0.01250000111758709 0.009999999776482582 1.2500001192092896 15.60002613067627
998 0.016499999910593033 0.010555555112659931 1.5631579160690308 12.7000150680542
999 0.0195000022649765 0.009999999776482582 1.950000286102295 8.29999828338623
1000 0.014500000514090061 0.009999999776482582 1.4500000476837158 9.100001335144043
