1 0.012000000104308128 0.010555555112659931 1.136842131614685 98.8990707397461 0.0031952837016433477
2 0.015500001609325409 0.009444444440305233 1.641176700592041 102.0990219116211 0.002295933198183775
3 0.00950000062584877 0.009444444440305233 1.0058823823928833 52.19977951049805 0.0019327322952449322
4 0.010999999940395355 0.010555555112659931 1.0421053171157837 53.59975814819336 0.0024542466271668673
5 0.010500000789761543 0.009444444440305233 1.1117647886276245 84.09929656982422 0.0021351175382733345
6 0.010999999940395355 0.009999999776482582 1.100000023841858 56.699710845947266 0.0021834219805896282
7 0.014500000514090061 0.009999999776482582 1.4500000476837158 61.499637603759766 0.002884554909542203
8 0.010500000789761543 0.009999999776482582 1.0500000715255737 44.9998893737793 0.0019214655039831996
9 0.017000000923871994 0.009999999776482582 1.7000001668930054 62.4996223449707 0.00260305218398571
10 0.011500000953674316 0.009999999776482582 1.1500000953674316 52.699771881103516 0.0019050821429118514
11 0.009000000543892384 0.010555555112659931 0.852631688117981 60.79964828491211 0.0029048179276287556
12 0.014500001445412636 0.009444444440305233 1.5352942943572998 72.79946899414062 0.0021310406737029552
13 0.00950000062584877 0.009444444440305233 1.0058823823928833 39.29997634887695 0.001260207500308752
14 0.008500000461935997 0.009444444440305233 0.9000000357627869 70.89949798583984 0.0019348057685419917
15 0.01250000111758709 0.010555555112659931 1.1842106580734253 62.09962844848633 0.002190028317272663
16 0.00950000062584877 0.009444444440305233 1.0058823823928833 49.89981460571289 0.002477302448824048
17 0.017500001937150955 0.009444444440305233 1.8529413938522339 43.2999153137207 0.001087428885512054
18 0.009999999776482582 0.009999999776482582 1.0 100.69904327392578 0.0023174684029072523
19 0.01900000125169754 0.010555555112659931 1.8000001907348633 17.200031280517578 0.000746097881346941
20 0.01600000075995922 0.009444444440305233 1.694117784500122 82.49932098388672 0.0019497652538120747
21 0.015000000596046448 0.009444444440305233 1.5882353782653809 18.200035095214844 0.0013750768266618252
22 0.010500000789761543 0.009444444440305233 1.1117647886276245 49.29982376098633 0.002718353644013405
23 0.013000000268220901 0.009444444440305233 1.3764705657958984 64.49959564208984 0.002065853215754032
24 0.005499999970197678 0.009444444440305233 0.5823529362678528 81.39933776855469 0.0017640263540670276
25 0.017000000923871994 0.009999999776482582 1.7000001668930054 67.19955444335938 0.002066114917397499
26 0.015500000678002834 0.010555555112659931 1.468421220779419 55.099735260009766 0.0020682886242866516
27 0.009999999776482582 0.009444444440305233 1.0588234663009644 81.39933776855469 0.001976404571905732
28 0.009000000543892384 0.009444444440305233 0.9529412388801575 103.89899444580078 0.0022851729299873114
29 0.011500000953674316 0.010555555112659931 1.089473843574524 61.999629974365234 0.0020343963988125324
30 0.015000000596046448 0.009444444440305233 1.5882353782653809 50.49980545043945 0.0019508188124746084
31 0.007500000298023224 0.009444444440305233 0.7941176891326904 67.99954223632812 0.003052863059565425
32 0.012000000104308128 0.010555555112659931 1.136842131614685 51.99978256225586 0.0019100968493148685
33 0.010500000789761543 0.009444444440305233 1.1117647886276245 60.19965744018555 0.002561478177085519
34 0.01100000087171793 0.009444444440305233 1.1647059917449951 80.09935760498047 0.002125668339431286
35 0.009999999776482582 0.010555555112659931 0.9473684430122375 79.89936065673828 0.002155363792553544
36 0.007000000216066837 0.009444444440305233 0.7411764860153198 95.4991226196289 0.002305123023688793
37 0.02200000174343586 0.009999999776482582 2.200000286102295 74.49944305419922 0.0027510677464306355
38 0.014000000432133675 0.009444444440305233 1.4823529720306396 59.3996696472168 0.002543115057051182
39 0.018000001087784767 0.009999999776482582 1.8000001907348633 72.19947814941406 0.002260310109704733
40 0.013500000350177288 0.009999999776482582 1.350000023841858 64.09960174560547 0.0021656397730112076
41 0.014500000514090061 0.010555555112659931 1.373684287071228 47.29985427856445 0.002008240669965744
42 0.01100000087171793 0.009999999776482582 1.1000001430511475 58.49968338012695 0.0021759404335170984
43 0.012000000104308128 0.009444444440305233 1.2705882787704468 75.29943084716797 0.002390029840171337
44 0.010999999940395355 0.009444444440305233 1.1647058725357056 53.29976272583008 0.001582296914421022
45 0.015500000678002834 0.009444444440305233 1.6411765813827515 28.400074005126953 0.0019809305667877197
46 0.010999999940395355 0.009444444440305233 1.1647058725357056 61.89963150024414 0.0020192929077893496
47 0.007500000298023224 0.010555555112659931 0.7105263471603394 47.79984664916992 0.001448945258744061
48 0.009999999776482582 0.009999999776482582 1.0 87.6992416381836 0.0015788570744916797
49 0.017500001937150955 0.010555555112659931 1.6578949689865112 59.19967269897461 0.001856268965639174
50 0.013500000350177288 0.009999999776482582 1.350000023841858 93.9991455078125 0.00231441343203187
51 0.00950000062584877 0.009999999776482582 0.9500001072883606 73.49945831298828 0.0030153952538967133
52 0.015000000596046448 0.010555555112659931 1.4210526943206787 64.89958953857422 0.0014807312982156873
53 0.012500000186264515 0.009999999776482582 1.25 82.29932403564453 0.0019366438500583172
54 0.010500000789761543 0.009999999776482582 1.0500000715255737 61.29964065551758 0.0020641698502004147
55 0.012000000104308128 0.010555555112659931 1.136842131614685 77.79939270019531 0.00217345985583961
56 0.013000000268220901 0.009444444440305233 1.3764705657958984 63.39960861206055 0.002110349480062723
57 0.010999999940395355 0.0027777778450399637 3.9599997997283936 105.0989761352539 0.00196719984523952
58 0.012500000186264515 0.009444444440305233 1.3235294818878174 49.6998176574707 0.0022295683156698942
59 0.006000000052154064 0.009444444440305233 0.6352941393852234 52.8997688293457 0.0018033316591754556
60 0.01250000111758709 0.010555555112659931 1.1842106580734253 43.69990921020508 0.0015666407998651266
61 0.016499999910593033 0.009444444440305233 1.7470588684082031 97.49909210205078 0.0022541347425431013
62 0.013500001281499863 0.009444444440305233 1.4294118881225586 68.09954071044922 0.00244838185608387
63 1.0 0.9666666388511658 1.0344828367233276 -94.89912414550781 9.182622306980193e-06
64 0.01250000111758709 0.009444444440305233 1.3235294818878174 35.100040435791016 0.0016331718070432544
65 0.00950000062584877 0.010555555112659931 0.9000000953674316 86.59925842285156 0.0015771131729707122
66 0.00950000062584877 0.009444444440305233 1.0058823823928833 46.39986801147461 0.00149955612141639
67 0.013000000268220901 0.009999999776482582 1.3000000715255737 68.3995361328125 0.002247655764222145
68 0.014000000432133675 0.009444444440305233 1.4823529720306396 90.19920349121094 0.0020913684275001287
69 0.006500000134110451 0.009444444440305233 0.6882352828979492 63.69960403442383 0.0016697397222742438
70 0.012000000104308128 0.010555555112659931 1.136842131614685 61.79963302612305 0.0015742775285616517
71 0.016499999910593033 0.009444444440305233 1.7470588684082031 94.79913330078125 0.002667031716555357
72 0.010000000707805157 0.009444444440305233 1.058823585510254 77.19940185546875 0.001877051661722362
73 0.008500000461935997 0.009444444440305233 0.9000000357627869 88.69922637939453 0.0020112369675189257
74 0.009000000543892384 0.009444444440305233 0.9529412388801575 34.70004653930664 0.001112711033783853
75 0.01600000075995922 0.009444444440305233 1.694117784500122 59.79966354370117 0.0023286782670766115
76 0.011500000953674316 0.009999999776482582 1.1500000953674316 92.89916229248047 0.003338789800181985
77 0.010500000789761543 0.010555555112659931 0.9947369694709778 51.49979019165039 0.0019257725216448307
78 0.01250000111758709 0.009999999776482582 1.2500001192092896 58.59968185424805 0.001975082792341709
79 0.014500000514090061 0.009999999776482582 1.4500000476837158 22.10004997253418 0.0017236665589734912
80 0.019500000402331352 0.009444444440305233 2.0647058486938477 77.39939880371094 0.00378349213860929
81 0.01900000125169754 0.009444444440305233 2.0117647647857666 53.79975509643555 0.0016444157809019089
82 0.010999999940395355 0.010555555112659931 1.0421053171157837 64.69959259033203 0.0018405541777610779
83 0.00950000062584877 0.009444444440305233 1.0058823823928833 100.3990478515625 0.0030386364087462425
84 0.014500000514090061 0.009444444440305233 1.5352941751480103 92.79916381835938 0.0027205143123865128
85 0.014500000514090061 0.009999999776482582 1.4500000476837158 84.79928588867188 0.0029020332731306553
86 0.012000000104308128 0.009999999776482582 1.2000000476837158 84.89928436279297 0.002256669569760561
87 0.01600000075995922 0.010555555112659931 1.5157896280288696 87.6992416381836 0.001891370746307075
88 0.008500000461935997 0.009999999776482582 0.8500000834465027 46.89986038208008 0.0018152627162635326
89 0.010999999940395355 0.009444444440305233 1.1647058725357056 71.39949035644531 0.001746991416439414
90 0.014500000514090061 0.009999999776482582 1.4500000476837158 43.899906158447266 0.0017843490932136774
91 0.014000000432133675 0.010555555112659931 1.3263158798217773 59.2996711730957 0.0021504389587789774
92 0.010500000789761543 0.009444444440305233 1.1117647886276245 74.39944458007812 0.0021944872569292784
93 0.01600000075995922 0.009444444440305233 1.694117784500122 22.40005111694336 0.0008674590499140322
94 0.004999999888241291 0.009444444440305233 0.5294117331504822 40.1999626159668 0.0013587077846750617
95 0.01100000087171793 0.009444444440305233 1.1647059917449951 52.49977493286133 0.0020624403841793537
96 0.013000000268220901 0.009444444440305233 1.3764705657958984 40.49995803833008 0.001486517023295164
97 0.010999999940395355 0.009444444440305233 1.1647058725357056 39.39997482299805 0.001775550888851285
98 0.012000000104308128 0.010555555112659931 1.136842131614685 49.999813079833984 0.0018770667957141995
99 0.013000000268220901 0.009444444440305233 1.3764705657958984 56.49971389770508 0.0013259847182780504
100 0.012500000186264515 0.009444444440305233 1.3235294818878174 56.1997184753418 0.0018137743463739753
101 0.015500000678002834 0.009999999776482582 1.5500000715255737 52.699771881103516 0.0016932800645008683
102 0.010000000707805157 0.009444444440305233 1.058823585510254 71.89948272705078 0.0037805521860718727
103 0.014500000514090061 0.010555555112659931 1.373684287071228 86.39926147460938 0.0018935130210593343
104 0.015500000678002834 0.009444444440305233 1.6411765813827515 96.19911193847656 0.001973632723093033
105 0.007500000298023224 0.010555555112659931 0.7105263471603394 43.899906158447266 0.001806623418815434
106 0.007500000298023224 0.009999999776482582 0.7500000596046448 44.49989700317383 0.0014243882615119219
107 0.012000000104308128 0.009444444440305233 1.2705882787704468 78.39938354492188 0.002599946456030011
108 0.010999999940395355 0.009999999776482582 1.100000023841858 32.700077056884766 0.0015759413363412023
109 0.014000000432133675 0.010555555112659931 1.3263158798217773 44.29990005493164 0.0018115272978320718
110 0.015000000596046448 0.009444444440305233 1.5882353782653809 92.59916687011719 0.0014766784152016044
111 0.014000000432133675 0.009999999776482582 1.4000000953674316 82.39932250976562 0.0014587632613256574
112 0.006000000052154064 0.009444444440305233 0.6352941393852234 43.099918365478516 0.0024515350814908743
113 0.015500000678002834 0.009444444440305233 1.6411765813827515 54.19974899291992 0.0021411480847746134
114 0.005499999970197678 0.009444444440305233 0.5823529362678528 43.3999137878418 0.0019442613702267408
115 0.014500001445412636 0.010555555112659931 1.3736844062805176 56.1997184753418 0.0022232055198401213
116 0.016499999910593033 0.009999999776482582 1.649999976158142 21.000045776367188 0.0015349382301792502
117 0.00800000037997961 0.009444444440305233 0.847058892250061 66.49956512451172 0.0021349890157580376
118 0.011500000953674316 0.010555555112659931 1.089473843574524 87.5992431640625 0.002838208805769682
119 0.010000000707805157 0.009999999776482582 1.0000001192092896 31.10008430480957 0.0018884174060076475
120 0.010999999940395355 0.009999999776482582 1.100000023841858 21.900049209594727 0.0012613092549145222
121 0.010999999940395355 0.009444444440305233 1.1647058725357056 79.599365234375 0.002714479109272361
122 0.014000000432133675 0.009444444440305233 1.4823529720306396 48.59983444213867 0.0021494331303983927
123 0.012000000104308128 0.009444444440305233 1.2705882787704468 80.69934844970703 0.0018971700919792056
124 0.014000000432133675 0.009999999776482582 1.4000000953674316 80.99934387207031 0.0018872059881687164
125 0.00950000062584877 0.009444444440305233 1.0058823823928833 28.000072479248047 0.0015159683534875512
126 0.009000000543892384 0.009999999776482582 0.9000000953674316 37.999996185302734 0.0015165728982537985
127 0.011500000953674316 0.009999999776482582 1.1500000953674316 31.200084686279297 0.0012871746439486742
128 0.013000000268220901 0.009999999776482582 1.3000000715255737 96.29911041259766 0.0013403268530964851
129 0.006500000134110451 0.009999999776482582 0.6500000357627869 85.8992691040039 0.0014028550358489156
130 0.013000000268220901 0.009444444440305233 1.3764705657958984 92.89916229248047 0.0021997455041855574
131 0.010999999940395355 0.009444444440305233 1.1647058725357056 70.69950103759766 0.0018836306408047676
132 0.013000000268220901 0.009999999776482582 1.3000000715255737 78.0993881225586 0.0021502459421753883
133 0.010999999940395355 0.009444444440305233 1.1647058725357056 75.69942474365234 0.0016596911009401083
134 0.014500000514090061 0.010555555112659931 1.373684287071228 71.4994888305664 0.001962029840797186
135 0.015000000596046448 0.009999999776482582 1.5000001192092896 90.29920196533203 0.002736508147791028
136 0.00800000037997961 0.010555555112659931 0.7578948140144348 67.29955291748047 0.002447292674332857
137 0.01100000087171793 0.009444444440305233 1.1647059917449951 56.399715423583984 0.0015416911337524652
138 0.016499999910593033 0.009444444440305233 1.7470588684082031 49.6998176574707 0.00216791033744812
139 0.011500000953674316 0.009444444440305233 1.2176471948623657 80.29935455322266 0.0017767474055290222
140 0.014500000514090061 0.009444444440305233 1.5352941751480103 48.89982986450195 0.0011101883137598634
141 0.015500000678002834 0.009444444440305233 1.6411765813827515 68.09954071044922 0.0017236891435459256
142 0.006000000052154064 0.0005555555690079927 10.800000190734863 105.0989761352539 0.0023686892818659544
143 0.012000000104308128 0.010555555112659931 1.136842131614685 53.09976577758789 0.0022885422222316265
144 0.006500000134110451 0.010555555112659931 0.615789532661438 53.59975814819336 0.002157612005248666
145 0.014500000514090061 0.009444444440305233 1.5352941751480103 73.69945526123047 0.0032552240882068872
146 0.010500000789761543 0.009999999776482582 1.0500000715255737 51.79978561401367 0.0020862293895334005
147 0.01250000111758709 0.009999999776482582 1.2500001192092896 87.79924011230469 0.0016483537619933486
148 0.01250000111758709 0.009444444440305233 1.3235294818878174 97.1990966796875 0.002376400399953127
149 0.00800000037997961 0.009444444440305233 0.847058892250061 69.19952392578125 0.0019910428673028946
150 0.01900000125169754 0.009444444440305233 2.0117647647857666 43.49991226196289 0.0016220679972320795
151 0.012500000186264515 0.009444444440305233 1.3235294818878174 50.59980392456055 0.0018842321587726474
152 0.016499999910593033 0.009444444440305233 1.7470588684082031 19.900041580200195 0.0021980961319059134
153 0.008999999612569809 0.009444444440305233 0.9529411196708679 68.09954071044922 0.0021634940057992935
154 0.010999999940395355 0.009999999776482582 1.100000023841858 73.49945831298828 0.0025994807947427034
155 0.015000000596046448 0.009444444440305233 1.5882353782653809 56.99970626831055 0.00222906656563282
156 0.010999999940395355 0.009444444440305233 1.1647058725357056 89.69921112060547 0.0015716220950707793
157 0.013500000350177288 0.010555555112659931 1.2789474725723267 59.19967269897461 0.0016406049253419042
158 0.009999999776482582 0.009444444440305233 1.0588234663009644 59.099674224853516 0.0019244183786213398
159 0.016499999910593033 0.009444444440305233 1.7470588684082031 33.60006332397461 0.0015111947432160378
160 0.016499999910593033 0.009444444440305233 1.7470588684082031 60.8996467590332 0.001521279918961227
161 0.010500000789761543 0.009999999776482582 1.0500000715255737 44.49989700317383 0.0013406196376308799
162 0.01250000111758709 0.009444444440305233 1.3235294818878174 93.9991455078125 0.0019919867627322674
163 0.009000000543892384 0.010555555112659931 0.852631688117981 104.29898834228516 0.0027164616622030735
164 0.006000000052154064 0.009444444440305233 0.6352941393852234 99.19906616210938 0.0016831225948408246
165 0.00800000037997961 0.010555555112659931 0.7578948140144348 56.59971237182617 0.0018854723311960697
166 0.011500000953674316 0.009999999776482582 1.1500000953674316 76.3994140625 0.001455722376704216
167 0.00950000062584877 0.009444444440305233 1.0058823823928833 68.89952850341797 0.0013809016672894359
168 0.013500000350177288 0.009999999776482582 1.350000023841858 48.1998405456543 0.0016769649228081107
169 0.013500000350177288 0.009999999776482582 1.350000023841858 57.29970169067383 0.001803922699764371
170 0.009999999776482582 0.009999999776482582 1.0 74.29944610595703 0.0018284872639924288
171 0.015500000678002834 0.009999999776482582 1.5500000715255737 86.0992660522461 0.0022070377599447966
172 0.013000000268220901 0.009999999776482582 1.3000000715255737 51.19979476928711 0.0016611024038866162
173 0.016499999910593033 0.010555555112659931 1.5631579160690308 62.19962692260742 0.0018568672239780426
174 0.009000000543892384 0.009444444440305233 0.9529412388801575 46.99985885620117 0.0015639069024473429
175 0.013500000350177288 0.009444444440305233 1.429411768913269 79.99935913085938 0.0031952376011759043
176 0.015500001609325409 0.010555555112659931 1.468421220779419 30.80008316040039 0.0012731330934911966
177 0.012000000104308128 0.010555555112659931 1.136842131614685 50.49980545043945 0.001997416140511632
178 0.015000000596046448 0.009444444440305233 1.5882353782653809 58.299686431884766 0.0028984928503632545
179 0.012500000186264515 0.009444444440305233 1.3235294818878174 66.19956970214844 0.0024924802128225565
180 0.012000000104308128 0.009444444440305233 1.2705882787704468 61.79963302612305 0.0027207734528928995
181 0.014000000432133675 0.010555555112659931 1.3263158798217773 62.99961471557617 0.0024644427467137575
182 0.011500000953674316 0.009444444440305233 1.2176471948623657 75.69942474365234 0.001689857803285122
183 0.014000000432133675 0.009444444440305233 1.4823529720306396 74.49944305419922 0.002078056102618575
184 0.014500000514090061 0.009444444440305233 1.5352941751480103 72.79946899414062 0.0019301458960399032
185 0.010500000789761543 0.009444444440305233 1.1117647886276245 49.59981918334961 0.0025144745595753193
186 0.011500000953674316 0.010555555112659931 1.089473843574524 36.400020599365234 0.0013474876759573817
187 0.007500000298023224 0.009444444440305233 0.7941176891326904 55.29973220825195 0.0019841317553073168
188 0.012000000104308128 0.010555555112659931 1.136842131614685 73.69945526123047 0.0020532025955617428
189 0.010500000789761543 0.009999999776482582 1.0500000715255737 68.79953002929688 0.003481592983007431
190 0.014000000432133675 0.010555555112659931 1.3263158798217773 46.4998664855957 0.0015090825036168098
191 0.009000000543892384 0.010555555112659931 0.852631688117981 47.49985122680664 0.0021396914962679148
192 0.008500000461935997 0.009444444440305233 0.9000000357627869 48.0998420715332 0.001546429586596787
193 0.014500000514090061 0.009999999776482582 1.4500000476837158 64.99958801269531 0.002355625620111823
194 0.00950000062584877 0.009444444440305233 1.0058823823928833 31.600086212158203 0.0016925431555137038
195 0.012500000186264515 0.010555555112659931 1.1842105388641357 62.299625396728516 0.002040293999016285
196 0.005499999970197678 0.009444444440305233 0.5823529362678528 20.60004425048828 0.00120377610437572
197 0.007000000216066837 0.009444444440305233 0.7411764860153198 59.2996711730957 0.0020636473782360554
198 0.017500001937150955 0.009444444440305233 1.8529413938522339 74.49944305419922 0.0032080556266009808
199 0.010999999940395355 0.010555555112659931 1.0421053171157837 81.2993392944336 0.0023019227664917707
200 0.00800000037997961 0.009444444440305233 0.847058892250061 14.300021171569824 0.0013641371624544263
201 0.013000000268220901 0.010555555112659931 1.231579065322876 48.29983901977539 0.002496960572898388
202 0.016499999910593033 0.009444444440305233 1.7470588684082031 87.29924774169922 0.002697600983083248
203 0.012500000186264515 0.010555555112659931 1.1842105388641357 52.19977951049805 0.0018035323591902852
204 0.010999999940395355 0.009444444440305233 1.1647058725357056 52.8997688293457 0.0023624012246727943
205 0.012000000104308128 0.009444444440305233 1.2705882787704468 52.9997673034668 0.0022584765683859587
206 0.012000000104308128 0.009999999776482582 1.2000000476837158 60.79964828491211 0.0024241525679826736
207 0.013500001281499863 0.009999999776482582 1.3500001430511475 40.399959564208984 0.0018769917078316212
208 0.010999999940395355 0.009444444440305233 1.1647058725357056 68.89952850341797 0.0017768209800124168
209 0.020000001415610313 0.009999999776482582 2.000000238418579 60.09965896606445 0.0015882012667134404
210 0.012000000104308128 0.009444444440305233 1.2705882787704468 26.000064849853516 0.0013994848122820258
211 0.009999999776482582 0.009444444440305233 1.0588234663009644 87.89923858642578 0.001969126518815756
212 0.010500000789761543 0.009444444440305233 1.1117647886276245 52.8997688293457 0.0024291989393532276
213 0.013500001281499863 0.009999999776482582 1.3500001430511475 68.19953918457031 0.002201413968577981
214 0.008500000461935997 0.009444444440305233 0.9000000357627869 57.6996955871582 0.001845360966399312
215 0.016499999910593033 0.009999999776482582 1.649999976158142 34.90004348754883 0.0013045738451182842
216 0.00950000062584877 0.010555555112659931 0.9000000953674316 60.8996467590332 0.0017281483160331845
217 0.006500000134110451 0.009444444440305233 0.6882352828979492 79.09937286376953 0.0017628987552598119
218 0.00800000037997961 0.009999999776482582 0.8000000715255737 33.200069427490234 0.0022209356538951397
219 0.010000000707805157 0.009444444440305233 1.058823585510254 86.89925384521484 0.0021401902195066214
220 0.018000001087784767 0.009999999776482582 1.8000001907348633 90.49919891357422 0.001940608024597168
221 0.013500000350177288 0.009999999776482582 1.350000023841858 73.2994613647461 0.0022580716758966446
222 0.020000001415610313 0.009444444440305233 2.117647171020508 56.99970626831055 0.0019810909871011972
223 0.014500000514090061 0.009444444440305233 1.5352941751480103 73.0994644165039 0.0018617268651723862
224 0.013500000350177288 0.009444444440305233 1.429411768913269 91.19918823242188 0.0022237668745219707
225 0.007000000216066837 0.009444444440305233 0.7411764860153198 41.7999382019043 0.002006425755098462
226 0.017500001937150955 0.009999999776482582 1.750000238418579 49.59981918334961 0.0019485802622511983
227 0.010999999940395355 0.009444444440305233 1.1647058725357056 68.79953002929688 0.0019427736988291144
228 0.00800000037997961 0.009444444440305233 0.847058892250061 62.5996208190918 0.0021158833988010883
229 0.0195000022649765 0.009444444440305233 2.0647060871124268 49.59981918334961 0.001874323352240026
230 0.012000000104308128 0.009444444440305233 1.2705882787704468 80.89934539794922 0.002223509130999446
231 0.012000000104308128 0.009999999776482582 1.2000000476837158 49.499820709228516 0.0021220578346401453
232 0.013500000350177288 0.009444444440305233 1.429411768913269 47.99984359741211 0.0022068857215344906
233 0.013000000268220901 0.009444444440305233 1.3764705657958984 32.1000862121582 0.002531255828216672
234 0.009000000543892384 0.010555555112659931 0.852631688117981 65.79957580566406 0.0016853337874636054
235 0.012500000186264515 0.009444444440305233 1.3235294818878174 68.79953002929688 0.0018735391786321998
236 0.006000000052154064 0.009444444440305233 0.6352941393852234 41.59994125366211 0.0017200397560372949
237 0.010000000707805157 0.009444444440305233 1.058823585510254 103.19900512695312 0.0022961455397307873
238 0.013500001281499863 0.009444444440305233 1.4294118881225586 97.39909362792969 0.0023876309860497713
239 0.015000000596046448 0.009444444440305233 1.5882353782653809 91.19918823242188 0.0017373786540701985
240 0.012000000104308128 0.009999999776482582 1.2000000476837158 65.2995834350586 0.0026094038039445877
241 0.012000000104308128 0.009999999776482582 1.2000000476837158 60.9996452331543 0.002242898801341653
242 0.009999999776482582 0.009999999776482582 1.0 32.60007858276367 0.0008934995857998729
243 0.014000000432133675 0.009444444440305233 1.4823529720306396 74.29944610595703 0.002012031152844429
244 0.01250000111758709 0.009444444440305233 1.3235294818878174 38.99998092651367 0.0018913386156782508
245 0.00950000062584877 0.009999999776482582 0.9500001072883606 56.99970626831055 0.0015872286166995764
246 0.017500001937150955 0.010555555112659931 1.6578949689865112 37.200008392333984 0.001028629718348384
247 0.00800000037997961 0.009999999776482582 0.8000000715255737 63.29961013793945 0.0012400283012539148
248 1.0 0.6744444370269775 1.4827017784118652 -94.89912414550781 9.84784583124565e-06
249 0.015000000596046448 0.009999999776482582 1.5000001192092896 76.59941101074219 0.0019497903995215893
250 0.010999999940395355 0.010555555112659931 1.0421053171157837 62.69961929321289 0.0016140546649694443
251 0.012000000104308128 0.009999999776482582 1.2000000476837158 58.89967727661133 0.00137175468262285
252 0.009000000543892384 0.010555555112659931 0.852631688117981 47.99984359741211 0.0018380244728177786
253 0.010000000707805157 0.010555555112659931 0.9473685026168823 45.59988021850586 0.0012736398493871093
254 0.015500000678002834 0.009444444440305233 1.6411765813827515 84.4992904663086 0.00180463504511863
255 0.013000000268220901 0.009444444440305233 1.3764705657958984 94.0991439819336 0.0026031325105577707
256 0.009999999776482582 0.009444444440305233 1.0588234663009644 58.69968032836914 0.0016437942394986749
257 0.013500000350177288 0.009999999776482582 1.350000023841858 55.19973373413086 0.0015226999530568719
258 0.01100000087171793 0.009999999776482582 1.1000001430511475 39.99996566772461 0.0013496704632416368
259 0.017500001937150955 0.009999999776482582 1.750000238418579 96.39910888671875 0.002130592707544565
260 0.011500000953674316 0.009444444440305233 1.2176471948623657 43.099918365478516 0.0013251841301098466
261 0.010500000789761543 0.009444444440305233 1.1117647886276245 88.49922943115234 0.001567685161717236
262 0.01600000075995922 0.009999999776482582 1.6000001430511475 65.89957427978516 0.00272572785615921
263 0.0020000000949949026 0.0027777778450399637 0.7200000286102295 105.0989761352539 0.003152816789224744
264 0.011500000953674316 0.009444444440305233 1.2176471948623657 96.79910278320312 0.002609392860904336
265 0.013000000268220901 0.010555555112659931 1.231579065322876 28.900075912475586 0.0017037371871992946
266 0.01850000023841858 0.010555555112659931 1.752631664276123 65.59957885742188 0.001790776033885777
267 0.013000000268220901 0.009999999776482582 1.3000000715255737 52.59977340698242 0.0014911643229424953
268 0.010500000789761543 0.009999999776482582 1.0500000715255737 64.29959869384766 0.0021376009099185467
269 0.012000000104308128 0.009444444440305233 1.2705882787704468 42.299930572509766 0.0016428536036983132
270 0.012000000104308128 0.009444444440305233 1.2705882787704468 44.699893951416016 0.0023748388048261404
271 0.00950000062584877 0.009444444440305233 1.0058823823928833 53.09976577758789 0.0026383213698863983
272 0.013000000268220901 0.009999999776482582 1.3000000715255737 67.09955596923828 0.0025783320888876915
273 0.009000000543892384 0.009444444440305233 0.9529412388801575 65.99957275390625 0.0021688847336918116
274 0.016499999910593033 0.009444444440305233 1.7470588684082031 27.400070190429688 0.0025248401798307896
275 0.01600000075995922 0.010555555112659931 1.5157896280288696 52.09978103637695 0.0024031703360378742
276 0.015000000596046448 0.009444444440305233 1.5882353782653809 86.89925384521484 0.003538448130711913
277 0.007000000216066837 0.009999999776482582 0.7000000476837158 63.49960708618164 0.002362734405323863
278 0.009000000543892384 0.010555555112659931 0.852631688117981 71.09949493408203 0.0015857405960559845
279 0.012500000186264515 0.009999999776482582 1.25 53.69975662231445 0.001127170748077333
280 0.012000000104308128 0.009444444440305233 1.2705882787704468 66.49956512451172 0.0024981286842375994
281 0.014000000432133675 0.009999999776482582 1.4000000953674316 80.79934692382812 0.0018934077816084027
282 0.00800000037997961 0.009444444440305233 0.847058892250061 49.89981460571289 0.00123518833424896
283 0.00950000062584877 0.009999999776482582 0.9500001072883606 49.7998161315918 0.0015674144960939884
284 0.005000000353902578 0.009444444440305233 0.529411792755127 88.69922637939453 0.002645209664478898
285 0.010999999940395355 0.009444444440305233 1.1647058725357056 48.79983139038086 0.0016767677152529359
286 0.003000000026077032 0.0016666667070239782 1.7999999523162842 105.0989761352539 0.0035036676563322544
287 0.011500000953674316 0.009444444440305233 1.2176471948623657 42.49992752075195 0.0013305050088092685
288 0.00950000062584877 0.009999999776482582 0.9500001072883606 85.39927673339844 0.0019442712655290961
289 0.013000000268220901 0.009999999776482582 1.3000000715255737 49.59981918334961 0.0017707129009068012
290 0.009000000543892384 0.010555555112659931 0.852631688117981 46.5998649597168 0.0015251283766701818
291 0.01850000023841858 0.009999999776482582 1.850000023841858 43.099918365478516 0.001192832482047379
292 0.008999999612569809 0.010555555112659931 0.8526315689086914 60.49965286254883 0.0015238459454849362
293 0.01600000075995922 0.009444444440305233 1.694117784500122 20.90004539489746 0.0014226207276806235
294 0.013000000268220901 0.010555555112659931 1.231579065322876 98.59907531738281 0.0023042880930006504
295 0.007500000298023224 0.009444444440305233 0.7941176891326904 63.099613189697266 0.0018714116886258125
296 0.012000000104308128 0.010555555112659931 1.136842131614685 87.99923706054688 0.0017039687372744083
297 0.010500000789761543 0.009444444440305233 1.1117647886276245 71.99948120117188 0.003328333841636777
298 0.00950000062584877 0.009444444440305233 1.0058823823928833 55.099735260009766 0.002302400069311261
299 0.014500001445412636 0.009444444440305233 1.5352942943572998 76.4994125366211 0.0015563394408673048
300 0.01250000111758709 0.009444444440305233 1.3235294818878174 83.99929809570312 0.0022068056277930737
