1 0.01850000023841858 0.009444444440305233 1.958823561668396 24.300058364868164
2 0.013000000268220901 0.009999999776482582 1.3000000715255737 25.00006103515625
3 0.013500001281499863 0.009444444440305233 1.4294118881225586 20.700044631958008
4 0.01600000075995922 0.009999999776482582 1.6000001430511475 24.300058364868164
5 0.02199999988079071 0.010555555112659931 2.0842106342315674 16.200027465820312
6 0.016499999910593033 0.009444444440305233 1.7470588684082031 21.400047302246094
7 0.010500000789761543 0.010555555112659931 0.9947369694709778 17.10003089904785
8 0.01600000075995922 0.009444444440305233 1.694117784500122 17.10003089904785
9 0.014500000514090061 0.009444444440305233 1.5352941751480103 14.70002269744873
10 0.017000000923871994 0.010555555112659931 1.610526442527771 14.40002155303955
11 0.016499999910593033 0.009444444440305233 1.7470588684082031 24.500059127807617
12 0.013000000268220901 0.009999999776482582 1.3000000715255737 22.10004997253418
13 0.009999999776482582 0.009444444440305233 1.0588234663009644 15.500025749206543
14 0.010500000789761543 0.009999999776482582 1.0500000715255737 25.60006332397461
15 0.013000000268220901 0.009444444440305233 1.3764705657958984 18.100034713745117
16 0.010999999940395355 0.010555555112659931 1.0421053171157837 16.800029754638672
17 0.010999999940395355 0.009999999776482582 1.100000023841858 16.400028228759766
18 0.01850000023841858 0.009444444440305233 1.958823561668396 25.500062942504883
19 0.014500000514090061 0.010555555112659931 1.373684287071228 6.699998378753662
20 0.014000000432133675 0.009444444440305233 1.4823529720306396 17.300031661987305
21 0.012000000104308128 0.009444444440305233 1.2705882787704468 9.100001335144043
22 0.017500001937150955 0.010555555112659931 1.6578949689865112 18.700037002563477
23 0.020500000566244125 0.009444444440305233 2.170588254928589 20.60004425048828
24 0.010500000789761543 0.009999999776482582 1.0500000715255737 20.800045013427734
25 0.009999999776482582 0.009999999776482582 1.0 10.200005531311035
26 0.020500000566244125 0.010555555112659931 1.9421054124832153 23.900056838989258
27 0.011500000953674316 0.009999999776482582 1.1500000953674316 18.60003662109375
28 0.017000000923871994 0.009999999776482582 1.7000001668930054 21.20004653930664
29 0.007000000216066837 0.009444444440305233 0.7411764860153198 25.00006103515625
30 0.011500000953674316 0.009999999776482582 1.1500000953674316 19.700040817260742
31 0.01900000125169754 0.009444444440305233 2.0117647647857666 22.800052642822266
32 0.012500000186264515 0.010555555112659931 1.1842105388641357 18.100034713745117
33 0.013500001281499863 0.009999999776482582 1.3500001430511475 24.300058364868164
34 0.01250000111758709 0.009444444440305233 1.3235294818878174 7.799997329711914
35 0.013000000268220901 0.010555555112659931 1.231579065322876 22.800052642822266
36 0.017000000923871994 0.009444444440305233 1.8000000715255737 28.400074005126953
37 0.01600000075995922 0.009999999776482582 1.6000001430511475 15.30002498626709
38 0.011500000953674316 0.009444444440305233 1.2176471948623657 19.700040817260742
39 0.01250000111758709 0.010555555112659931 1.1842106580734253 17.600032806396484
40 0.021000001579523087 0.009999999776482582 2.1000001430511475 18.400035858154297
41 0.011500000953674316 0.009444444440305233 1.2176471948623657 18.100034713745117
42 0.011500000953674316 0.009444444440305233 1.2176471948623657 16.500028610229492
43 0.007000000216066837 0.009444444440305233 0.7411764860153198 17.000030517578125
44 0.015000000596046448 0.009444444440305233 1.5882353782653809 11.600010871887207
45 0.010999999940395355 0.010555555112659931 1.0421053171157837 16.800029754638672
46 0.01900000125169754 0.010555555112659931 1.8000001907348633 11.80001163482666
47 0.015500000678002834 0.010555555112659931 1.468421220779419 17.70003318786621
48 0.005499999970197678 0.009444444440305233 0.5823529362678528 18.30003547668457
49 0.012000000104308128 0.009444444440305233 1.2705882787704468 14.000020027160645
50 0.014000000432133675 0.009999999776482582 1.4000000953674316 19.80004119873047
51 0.020500000566244125 0.009999999776482582 2.0500001907348633 20.10004234313965
52 0.01600000075995922 0.009444444440305233 1.694117784500122 22.000049591064453
53 0.01600000075995922 0.010555555112659931 1.5157896280288696 22.000049591064453
54 0.013000000268220901 0.009444444440305233 1.3764705657958984 15.700026512145996
55 0.015500000678002834 0.009444444440305233 1.6411765813827515 23.3000545501709
56 0.007500000298023224 0.010555555112659931 0.7105263471603394 22.900053024291992
57 0.01250000111758709 0.010555555112659931 1.1842106580734253 24.600059509277344
58 0.012000000104308128 0.009444444440305233 1.2705882787704468 20.500043869018555
59 0.012000000104308128 0.009999999776482582 1.2000000476837158 21.600048065185547
60 0.009000000543892384 0.010555555112659931 0.852631688117981 13.000016212463379
61 0.010500000789761543 0.009444444440305233 1.1117647886276245 22.500051498413086
62 0.013000000268220901 0.010555555112659931 1.231579065322876 14.70002269744873
63 0.01600000075995922 0.010555555112659931 1.5157896280288696 5.899999141693115
64 0.021000001579523087 0.009444444440305233 2.223529577255249 5.0
65 0.017000000923871994 0.010555555112659931 1.610526442527771 17.200031280517578
66 0.011500000953674316 0.010555555112659931 1.089473843574524 11.600010871887207
67 0.017500001937150955 0.009444444440305233 1.8529413938522339 20.3000431060791
68 0.021000001579523087 0.009999999776482582 2.1000001430511475 18.800037384033203
69 0.013000000268220901 0.009999999776482582 1.3000000715255737 22.40005111694336
70 0.018000001087784767 0.009444444440305233 1.905882477760315 24.10005760192871
71 0.017000000923871994 0.009999999776482582 1.7000001668930054 25.100061416625977
72 0.01600000075995922 0.009999999776482582 1.6000001430511475 28.400074005126953
73 0.016500001773238182 0.010555555112659931 1.5631581544876099 23.80005645751953
74 0.010500000789761543 0.009999999776482582 1.0500000715255737 9.50000286102295
75 0.010999999940395355 0.009444444440305233 1.1647058725357056 18.60003662109375
76 0.010000000707805157 0.009444444440305233 1.058823585510254 16.100027084350586
77 0.01900000125169754 0.010555555112659931 1.8000001907348633 17.70003318786621
78 0.00950000062584877 0.009999999776482582 0.9500001072883606 10.400006294250488
79 0.015000000596046448 0.009444444440305233 1.5882353782653809 16.400028228759766
80 0.013500000350177288 0.009444444440305233 1.429411768913269 21.300046920776367
81 0.014000000432133675 0.009999999776482582 1.4000000953674316 11.700011253356934
82 0.014500001445412636 0.009444444440305233 1.5352942943572998 22.600051879882812
83 0.009000000543892384 0.009999999776482582 0.9000000953674316 32.80007553100586
84 0.016499999910593033 0.010555555112659931 1.5631579160690308 15.60002613067627
85 0.01600000075995922 0.009444444440305233 1.694117784500122 23.600055694580078
86 0.01900000125169754 0.010555555112659931 1.8000001907348633 21.600048065185547
87 0.010999999940395355 0.009444444440305233 1.1647058725357056 21.400047302246094
88 0.014500000514090061 0.009999999776482582 1.4500000476837158 20.800045013427734
89 0.00950000062584877 0.009999999776482582 0.9500001072883606 26.400066375732422
90 0.014000000432133675 0.010555555112659931 1.3263158798217773 20.000041961669922
91 0.018000001087784767 0.009999999776482582 1.8000001907348633 17.900033950805664
92 0.008500000461935997 0.009999999776482582 0.8500000834465027 24.500059127807617
93 1.0 0.977222204208374 1.0233087539672852 -94.89912414550781
94 0.014500001445412636 0.010555555112659931 1.3736844062805176 19.300039291381836
95 0.016499999910593033 0.009444444440305233 1.7470588684082031 13.000016212463379
96 0.01250000111758709 0.009444444440305233 1.3235294818878174 14.900023460388184
97 0.018000001087784767 0.009999999776482582 1.8000001907348633 17.10003089904785
98 0.013000000268220901 0.009444444440305233 1.3764705657958984 15.90002727508545
99 0.010500000789761543 0.010555555112659931 0.9947369694709778 20.000041961669922
100 0.01250000111758709 0.009999999776482582 1.2500001192092896 24.900060653686523
101 0.013000000268220901 0.009999999776482582 1.3000000715255737 18.500036239624023
102 0.014500000514090061 0.009999999776482582 1.4500000476837158 24.70005989074707
103 0.0195000022649765 0.010555555112659931 1.8473687171936035 21.900049209594727
104 0.015000000596046448 0.009999999776482582 1.5000001192092896 25.100061416625977
105 0.010000000707805157 0.009999999776482582 1.0000001192092896 15.30002498626709
106 0.012000000104308128 0.009999999776482582 1.2000000476837158 18.200035095214844
107 0.01850000023841858 0.009999999776482582 1.850000023841858 24.40005874633789
108 0.016499999910593033 0.010555555112659931 1.5631579160690308 16.700029373168945
109 0.013000000268220901 0.010555555112659931 1.231579065322876 19.100038528442383
110 0.012000000104308128 0.010555555112659931 1.136842131614685 19.400039672851562
111 0.014000000432133675 0.009444444440305233 1.4823529720306396 21.000045776367188
112 0.013000000268220901 0.009444444440305233 1.3764705657958984 11.400010108947754
113 0.013500000350177288 0.009444444440305233 1.429411768913269 18.60003662109375
114 0.013000000268220901 0.010555555112659931 1.231579065322876 21.600048065185547
115 0.018000001087784767 0.009444444440305233 1.905882477760315 13.700018882751465
116 0.018000001087784767 0.009444444440305233 1.905882477760315 4.40000057220459
117 0.015000000596046448 0.009999999776482582 1.5000001192092896 14.70002269744873
118 0.013000000268220901 0.009999999776482582 1.3000000715255737 22.10004997253418
119 0.01250000111758709 0.010555555112659931 1.1842106580734253 14.200020790100098
120 0.01600000075995922 0.009444444440305233 1.694117784500122 16.500028610229492
121 0.012500000186264515 0.009444444440305233 1.3235294818878174 18.400035858154297
122 0.014000000432133675 0.009999999776482582 1.4000000953674316 16.500028610229492
123 0.01600000075995922 0.010555555112659931 1.5157896280288696 18.700037002563477
124 0.014500001445412636 0.010555555112659931 1.3736844062805176 24.200057983398438
125 0.013500000350177288 0.009444444440305233 1.429411768913269 16.200027465820312
126 0.014500001445412636 0.009444444440305233 1.5352942943572998 15.30002498626709
127 0.013000000268220901 0.009444444440305233 1.3764705657958984 19.300039291381836
128 0.014500000514090061 0.009444444440305233 1.5352941751480103 22.900053024291992
129 0.014500001445412636 0.010555555112659931 1.3736844062805176 26.900068283081055
130 0.008500000461935997 0.010555555112659931 0.8052632212638855 21.400047302246094
131 0.013000000268220901 0.009999999776482582 1.3000000715255737 24.800060272216797
132 0.017500001937150955 0.009999999776482582 1.750000238418579 24.900060653686523
133 0.018000001087784767 0.009444444440305233 1.905882477760315 21.400047302246094
134 0.015500000678002834 0.009999999776482582 1.5500000715255737 14.40002155303955
135 0.012000000104308128 0.009999999776482582 1.2000000476837158 26.100065231323242
136 0.013500000350177288 0.009444444440305233 1.429411768913269 19.80004119873047
137 0.014000000432133675 0.010555555112659931 1.3263158798217773 23.80005645751953
138 0.01600000075995922 0.009999999776482582 1.6000001430511475 20.400043487548828
139 0.01850000023841858 0.009999999776482582 1.850000023841858 28.900075912475586
140 0.020000001415610313 0.009444444440305233 2.117647171020508 14.800023078918457
141 0.008500000461935997 0.009444444440305233 0.9000000357627869 19.20003890991211
142 0.01900000125169754 0.009999999776482582 1.9000002145767212 22.000049591064453
143 0.013500000350177288 0.009999999776482582 1.350000023841858 16.00002670288086
144 0.007000000216066837 0.009999999776482582 0.7000000476837158 20.500043869018555
145 0.02200000174343586 0.009999999776482582 2.200000286102295 12.600014686584473
146 0.013000000268220901 0.010555555112659931 1.231579065322876 19.80004119873047
147 0.011500000953674316 0.009444444440305233 1.2176471948623657 24.200057983398438
148 0.011500000953674316 0.009444444440305233 1.2176471948623657 29.500078201293945
149 0.011500000953674316 0.009999999776482582 1.1500000953674316 23.50005531311035
150 0.00950000062584877 0.009444444440305233 1.0058823823928833 13.000016212463379
151 0.017000000923871994 0.010555555112659931 1.610526442527771 17.900033950805664
152 0.0215000007301569 0.009444444440305233 2.27647066116333 7.699997425079346
153 0.012500000186264515 0.009999999776482582 1.25 16.9000301361084
154 0.00800000037997961 0.009444444440305233 0.847058892250061 13.900019645690918
155 0.014500000514090061 0.010555555112659931 1.373684287071228 17.600032806396484
156 0.017500001937150955 0.009999999776482582 1.750000238418579 23.100053787231445
157 0.01250000111758709 0.009444444440305233 1.3235294818878174 23.100053787231445
158 0.012000000104308128 0.009999999776482582 1.2000000476837158 23.3000545501709
159 0.015000000596046448 0.010555555112659931 1.4210526943206787 13.700018882751465
160 0.011500000953674316 0.009444444440305233 1.2176471948623657 13.800019264221191
161 0.013500000350177288 0.010555555112659931 1.2789474725723267 16.60002899169922
162 0.017000000923871994 0.009999999776482582 1.7000001668930054 24.500059127807617
163 0.01600000075995922 0.009444444440305233 1.694117784500122 24.300058364868164
164 0.014000000432133675 0.009444444440305233 1.4823529720306396 20.800045013427734
165 0.0215000007301569 0.009444444440305233 2.27647066116333 18.100034713745117
166 0.017500001937150955 0.010555555112659931 1.6578949689865112 20.10004234313965
167 0.015500000678002834 0.009444444440305233 1.6411765813827515 18.700037002563477
168 0.012500000186264515 0.009444444440305233 1.3235294818878174 13.000016212463379
169 0.011500000953674316 0.009999999776482582 1.1500000953674316 19.900041580200195
170 0.017500001937150955 0.009444444440305233 1.8529413938522339 16.200027465820312
171 0.014000000432133675 0.009444444440305233 1.4823529720306396 15.700026512145996
172 0.011500000953674316 0.009444444440305233 1.2176471948623657 14.70002269744873
173 0.014500000514090061 0.009444444440305233 1.5352941751480103 19.000038146972656
174 0.011500000953674316 0.009999999776482582 1.1500000953674316 16.500028610229492
175 0.015000000596046448 0.010555555112659931 1.4210526943206787 25.30006217956543
176 0.024500001221895218 0.009444444440305233 2.5941178798675537 4.600000381469727
177 0.014000000432133675 0.009999999776482582 1.4000000953674316 19.50004005432129
178 0.01600000075995922 0.010555555112659931 1.5157896280288696 19.400039672851562
179 0.013500000350177288 0.009444444440305233 1.429411768913269 20.90004539489746
180 0.015000000596046448 0.009444444440305233 1.5882353782653809 18.30003547668457
181 0.010999999940395355 0.009999999776482582 1.100000023841858 18.800037384033203
182 0.011500000953674316 0.009999999776482582 1.1500000953674316 23.900056838989258
183 0.021000001579523087 0.009999999776482582 2.1000001430511475 20.10004234313965
184 0.017500001937150955 0.009444444440305233 1.8529413938522339 25.200061798095703
185 0.014000000432133675 0.010555555112659931 1.3263158798217773 14.40002155303955
186 0.013000000268220901 0.009444444440305233 1.3764705657958984 15.100024223327637
187 0.01850000023841858 0.009999999776482582 1.850000023841858 26.000064849853516
188 0.013000000268220901 0.009444444440305233 1.3764705657958984 15.100024223327637
189 0.007500000298023224 0.009999999776482582 0.7500000596046448 28.700075149536133
190 0.02200000174343586 0.009444444440305233 2.3294119834899902 18.100034713745117
191 0.013500000350177288 0.009999999776482582 1.350000023841858 16.60002899169922
192 0.016499999910593033 0.009999999776482582 1.649999976158142 18.500036239624023
193 0.010999999940395355 0.009444444440305233 1.1647058725357056 25.400062561035156
194 0.010500000789761543 0.009999999776482582 1.0500000715255737 10.700007438659668
195 0.016499999910593033 0.009999999776482582 1.649999976158142 23.400054931640625
196 0.015000000596046448 0.009999999776482582 1.5000001192092896 6.499998569488525
197 0.015500000678002834 0.009444444440305233 1.6411765813827515 16.400028228759766
198 0.021000001579523087 0.009999999776482582 2.1000001430511475 25.90006446838379
199 0.008500000461935997 0.009444444440305233 0.9000000357627869 15.200024604797363
200 0.014000000432133675 0.010555555112659931 1.3263158798217773 18.100034713745117
201 0.017500001937150955 0.009444444440305233 1.8529413938522339 15.90002727508545
202 0.013500001281499863 0.010555555112659931 1.2789475917816162 30.400081634521484
203 0.01600000075995922 0.009444444440305233 1.694117784500122 20.200042724609375
204 0.016499999910593033 0.010555555112659931 1.5631579160690308 18.700037002563477
205 0.011500000953674316 0.009444444440305233 1.2176471948623657 20.500043869018555
206 0.0195000022649765 0.010555555112659931 1.8473687171936035 20.3000431060791
207 0.015500000678002834 0.010555555112659931 1.468421220779419 18.700037002563477
208 0.01900000125169754 0.009999999776482582 1.9000002145767212 14.500021934509277
209 0.017000000923871994 0.009444444440305233 1.8000000715255737 26.50006675720215
210 0.014000000432133675 0.009444444440305233 1.4823529720306396 17.10003089904785
211 0.013000000268220901 0.009444444440305233 1.3764705657958984 11.400010108947754
212 0.013500000350177288 0.009444444440305233 1.429411768913269 8.800000190734863
213 0.013500000350177288 0.010555555112659931 1.2789474725723267 23.700056076049805
214 0.013500001281499863 0.010555555112659931 1.2789475917816162 16.800029754638672
215 0.011500000953674316 0.010555555112659931 1.089473843574524 18.500036239624023
216 0.010999999940395355 0.009444444440305233 1.1647058725357056 21.300046920776367
217 0.015000000596046448 0.009999999776482582 1.5000001192092896 22.200050354003906
218 0.013500001281499863 0.009999999776482582 1.3500001430511475 8.90000057220459
219 0.017000000923871994 0.009999999776482582 1.7000001668930054 18.00003433227539
220 0.01600000075995922 0.009444444440305233 1.694117784500122 16.60002899169922
221 0.017000000923871994 0.009999999776482582 1.7000001668930054 16.60002899169922
222 0.02250000089406967 0.009999999776482582 2.250000238418579 20.3000431060791
223 0.017000000923871994 0.009999999776482582 1.7000001668930054 22.800052642822266
224 0.012000000104308128 0.009444444440305233 1.2705882787704468 25.30006217956543
225 0.01100000087171793 0.009444444440305233 1.1647059917449951 18.00003433227539
226 0.019500000402331352 0.009999999776482582 1.9500000476837158 19.400039672851562
227 0.013500001281499863 0.009999999776482582 1.3500001430511475 25.100061416625977
228 0.013500001281499863 0.009444444440305233 1.4294118881225586 16.00002670288086
229 0.008500000461935997 0.009444444440305233 0.9000000357627869 21.600048065185547
230 0.015000000596046448 0.010555555112659931 1.4210526943206787 17.70003318786621
231 0.014500000514090061 0.009444444440305233 1.5352941751480103 14.200020790100098
232 0.013000000268220901 0.009444444440305233 1.3764705657958984 16.30002784729004
233 0.007500000298023224 0.009444444440305233 0.7941176891326904 18.500036239624023
234 0.01600000075995922 0.009444444440305233 1.694117784500122 15.00002384185791
235 0.019500000402331352 0.009999999776482582 1.9500000476837158 16.200027465820312
236 0.0215000007301569 0.010555555112659931 2.0368423461914062 14.100020408630371
237 0.014000000432133675 0.010555555112659931 1.3263158798217773 28.80007553100586
238 0.00800000037997961 0.009444444440305233 0.847058892250061 24.600059509277344
239 0.008500000461935997 0.009999999776482582 0.8500000834465027 16.60002899169922
240 0.011500000953674316 0.010555555112659931 1.089473843574524 20.500043869018555
241 0.017000000923871994 0.009999999776482582 1.7000001668930054 18.200035095214844
242 0.015500001609325409 0.010555555112659931 1.468421220779419 7.0999979972839355
243 0.014500000514090061 0.009444444440305233 1.5352941751480103 18.700037002563477
244 0.014000000432133675 0.010555555112659931 1.3263158798217773 13.200016975402832
245 0.013000000268220901 0.009444444440305233 1.3764705657958984 18.200035095214844
246 0.018000001087784767 0.009999999776482582 1.8000001907348633 5.499999523162842
247 0.013500000350177288 0.010555555112659931 1.2789474725723267 24.900060653686523
248 1.0 0.9411110877990723 1.062573790550232 -94.89912414550781
249 0.010500000789761543 0.010555555112659931 0.9947369694709778 20.3000431060791
250 0.015000000596046448 0.010555555112659931 1.4210526943206787 19.700040817260742
251 0.01850000023841858 0.009999999776482582 1.850000023841858 6.299998760223389
252 0.014500001445412636 0.009444444440305233 1.5352942943572998 17.40003204345703
253 0.015000000596046448 0.009999999776482582 1.5000001192092896 23.100053787231445
254 0.012000000104308128 0.009444444440305233 1.2705882787704468 17.70003318786621
255 0.014500001445412636 0.009444444440305233 1.5352942943572998 19.400039672851562
256 0.015000000596046448 0.010555555112659931 1.4210526943206787 15.30002498626709
257 0.017500001937150955 0.009999999776482582 1.750000238418579 20.000041961669922
258 0.015000000596046448 0.009444444440305233 1.5882353782653809 13.300017356872559
259 0.011500000953674316 0.010555555112659931 1.089473843574524 27.100069046020508
260 0.01900000125169754 0.010555555112659931 1.8000001907348633 4.000000953674316
261 0.020000001415610313 0.009444444440305233 2.117647171020508 25.00006103515625
262 0.008500000461935997 0.009444444440305233 0.9000000357627869 14.800023078918457
263 0.014500000514090061 0.009444444440305233 1.5352941751480103 22.600051879882812
264 0.00800000037997961 0.009444444440305233 0.847058892250061 20.10004234313965
265 0.01850000023841858 0.010555555112659931 1.752631664276123 12.500014305114746
266 0.018000001087784767 0.009444444440305233 1.905882477760315 19.20003890991211
267 0.02200000174343586 0.010555555112659931 2.0842108726501465 5.59999942779541
268 0.01850000023841858 0.010555555112659931 1.752631664276123 19.900041580200195
269 0.02250000089406967 0.009444444440305233 2.3823530673980713 15.30002498626709
270 0.015500000678002834 0.009444444440305233 1.6411765813827515 21.600048065185547
271 0.014000000432133675 0.009444444440305233 1.4823529720306396 20.500043869018555
272 0.017000000923871994 0.010555555112659931 1.610526442527771 24.300058364868164
273 0.012500000186264515 0.009999999776482582 1.25 20.10004234313965
274 0.014500001445412636 0.009999999776482582 1.4500001668930054 18.400035858154297
275 0.013500000350177288 0.009999999776482582 1.350000023841858 14.200020790100098
276 0.01250000111758709 0.009999999776482582 1.2500001192092896 13.300017356872559
277 0.013000000268220901 0.009444444440305233 1.3764705657958984 21.400047302246094
278 0.013000000268220901 0.009444444440305233 1.3764705657958984 23.100053787231445
279 0.00950000062584877 0.010555555112659931 0.9000000953674316 23.100053787231445
280 0.01250000111758709 0.010555555112659931 1.1842106580734253 19.900041580200195
281 0.012000000104308128 0.009999999776482582 1.2000000476837158 23.200054168701172
282 0.01250000111758709 0.010555555112659931 1.1842106580734253 17.10003089904785
283 0.010999999940395355 0.010555555112659931 1.0421053171157837 11.600010871887207
284 0.01250000111758709 0.009999999776482582 1.2500001192092896 19.80004119873047
285 0.016499999910593033 0.010555555112659931 1.5631579160690308 21.700048446655273
286 0.018000001087784767 0.009444444440305233 1.905882477760315 25.800064086914062
287 0.012500000186264515 0.010555555112659931 1.1842105388641357 20.3000431060791
288 0.015000000596046448 0.009444444440305233 1.5882353782653809 21.20004653930664
289 0.010500000789761543 0.010555555112659931 0.9947369694709778 18.400035858154297
290 0.017500001937150955 0.009444444440305233 1.8529413938522339 15.30002498626709
291 0.023000001907348633 0.009999999776482582 2.3000001907348633 12.300013542175293
292 0.01900000125169754 0.010555555112659931 1.8000001907348633 23.100053787231445
293 0.010999999940395355 0.010555555112659931 1.0421053171157837 21.600048065185547
294 0.015000000596046448 0.009444444440305233 1.5882353782653809 24.800060272216797
295 0.010500000789761543 0.009999999776482582 1.0500000715255737 22.900053024291992
296 0.011500000953674316 0.009444444440305233 1.2176471948623657 17.10003089904785
297 0.013000000268220901 0.009999999776482582 1.3000000715255737 30.900083541870117
298 0.014500000514090061 0.009999999776482582 1.4500000476837158 21.300046920776367
299 0.015500000678002834 0.009444444440305233 1.6411765813827515 23.00005340576172
300 0.020000001415610313 0.009999999776482582 2.000000238418579 20.400043487548828
301 0.018000001087784767 0.009999999776482582 1.8000001907348633 6.699998378753662
302 0.013000000268220901 0.010555555112659931 1.231579065322876 16.800029754638672
303 0.007000000216066837 0.010555555112659931 0.6631579399108887 20.200042724609375
304 0.011500000953674316 0.009999999776482582 1.1500000953674316 14.40002155303955
305 0.010000000707805157 0.009999999776482582 1.0000001192092896 13.700018882751465
306 0.00800000037997961 0.009444444440305233 0.847058892250061 20.800045013427734
307 0.008500000461935997 0.009444444440305233 0.9000000357627869 23.900056838989258
308 0.014500000514090061 0.009999999776482582 1.4500000476837158 7.899997234344482
309 0.018000001087784767 0.009444444440305233 1.905882477760315 18.800037384033203
310 0.01250000111758709 0.009444444440305233 1.3235294818878174 19.400039672851562
311 0.013500001281499863 0.009444444440305233 1.4294118881225586 14.800023078918457
312 0.013000000268220901 0.009444444440305233 1.3764705657958984 25.100061416625977
313 0.009000000543892384 0.009999999776482582 0.9000000953674316 24.70005989074707
314 0.010000000707805157 0.009444444440305233 1.058823585510254 17.800033569335938
315 0.021000001579523087 0.009999999776482582 2.1000001430511475 20.3000431060791
316 0.01600000075995922 0.010555555112659931 1.5157896280288696 22.000049591064453
317 0.021500002592802048 0.010555555112659931 2.0368423461914062 21.800048828125
318 0.013000000268220901 0.009444444440305233 1.3764705657958984 21.50004768371582
319 0.018000001087784767 0.009999999776482582 1.8000001907348633 16.00002670288086
320 0.014500000514090061 0.010555555112659931 1.373684287071228 17.800033569335938
321 0.01850000023841858 0.009444444440305233 1.958823561668396 6.999998092651367
322 1.0 0.7461110949516296 1.3402830362319946 -94.89912414550781
323 0.010500000789761543 0.009444444440305233 1.1117647886276245 18.90003776550293
324 0.013500001281499863 0.009444444440305233 1.4294118881225586 19.400039672851562
325 0.017000000923871994 0.009444444440305233 1.8000000715255737 16.500028610229492
326 0.024500001221895218 0.009999999776482582 2.450000286102295 18.500036239624023
327 0.014000000432133675 0.009444444440305233 1.4823529720306396 14.70002269744873
328 0.01600000075995922 0.009444444440305233 1.694117784500122 27.400070190429688
329 0.020500000566244125 0.010555555112659931 1.9421054124832153 16.30002784729004
330 0.01850000023841858 0.009444444440305233 1.958823561668396 19.700040817260742
331 0.007500000298023224 0.009444444440305233 0.7941176891326904 19.900041580200195
332 0.01250000111758709 0.010555555112659931 1.1842106580734253 18.700037002563477
333 0.00950000062584877 0.009999999776482582 0.9500001072883606 20.500043869018555
334 0.009999999776482582 0.009444444440305233 1.0588234663009644 14.300021171569824
335 0.01850000023841858 0.010555555112659931 1.752631664276123 21.20004653930664
336 0.01850000023841858 0.010555555112659931 1.752631664276123 9.000000953674316
337 0.015000000596046448 0.010555555112659931 1.4210526943206787 17.800033569335938
338 0.012000000104308128 0.009999999776482582 1.2000000476837158 18.90003776550293
339 0.013000000268220901 0.009999999776482582 1.3000000715255737 20.500043869018555
340 0.014000000432133675 0.010555555112659931 1.3263158798217773 19.50004005432129
341 0.01250000111758709 0.010555555112659931 1.1842106580734253 6.299998760223389
342 0.01250000111758709 0.009999999776482582 1.2500001192092896 6.999998092651367
343 0.018000001087784767 0.009444444440305233 1.905882477760315 21.300046920776367
344 0.016499999910593033 0.010555555112659931 1.5631579160690308 19.900041580200195
345 0.014500000514090061 0.009444444440305233 1.5352941751480103 18.400035858154297
346 0.021500002592802048 0.010555555112659931 2.0368423461914062 18.90003776550293
347 0.018000001087784767 0.010555555112659931 1.705263376235962 24.40005874633789
348 0.012500000186264515 0.009444444440305233 1.3235294818878174 15.700026512145996
349 0.01250000111758709 0.009999999776482582 1.2500001192092896 19.80004119873047
350 0.014000000432133675 0.010555555112659931 1.3263158798217773 9.50000286102295
351 0.014500000514090061 0.009999999776482582 1.4500000476837158 16.9000301361084
352 0.021000001579523087 0.009999999776482582 2.1000001430511475 19.900041580200195
353 0.011500000953674316 0.009444444440305233 1.2176471948623657 16.00002670288086
354 0.01250000111758709 0.010555555112659931 1.1842106580734253 23.80005645751953
355 0.020000001415610313 0.009999999776482582 2.000000238418579 19.400039672851562
356 0.015000000596046448 0.010555555112659931 1.4210526943206787 20.000041961669922
357 0.00950000062584877 0.009444444440305233 1.0058823823928833 23.400054931640625
358 0.0195000022649765 0.010555555112659931 1.8473687171936035 16.800029754638672
359 0.01600000075995922 0.009999999776482582 1.6000001430511475 3.100001811981201
360 0.01900000125169754 0.009444444440305233 2.0117647647857666 6.899998188018799
361 0.012000000104308128 0.009444444440305233 1.2705882787704468 21.50004768371582
362 0.020500000566244125 0.010555555112659931 1.9421054124832153 27.100069046020508
363 0.012000000104308128 0.009999999776482582 1.2000000476837158 17.200031280517578
364 0.01600000075995922 0.009999999776482582 1.6000001430511475 20.3000431060791
365 0.012500000186264515 0.009444444440305233 1.3235294818878174 23.600055694580078
366 0.017500001937150955 0.010555555112659931 1.6578949689865112 23.100053787231445
367 0.015000000596046448 0.009444444440305233 1.5882353782653809 19.900041580200195
368 0.014500001445412636 0.010555555112659931 1.3736844062805176 18.90003776550293
369 0.01600000075995922 0.009999999776482582 1.6000001430511475 20.400043487548828
370 0.015000000596046448 0.009999999776482582 1.5000001192092896 16.200027465820312
371 0.01250000111758709 0.010555555112659931 1.1842106580734253 19.80004119873047
372 0.010500000789761543 0.010555555112659931 0.9947369694709778 26.7000675201416
373 0.010500000789761543 0.009444444440305233 1.1117647886276245 17.300031661987305
374 0.01900000125169754 0.009999999776482582 1.9000002145767212 21.700048446655273
375 0.017000000923871994 0.009999999776482582 1.7000001668930054 19.80004119873047
376 0.01850000023841858 0.009999999776482582 1.850000023841858 23.3000545501709
377 0.023000001907348633 0.009999999776482582 2.3000001907348633 4.800000190734863
378 0.005000000353902578 0.009999999776482582 0.5000000596046448 18.700037002563477
379 0.00950000062584877 0.009444444440305233 1.0058823823928833 20.400043487548828
380 0.01850000023841858 0.009999999776482582 1.850000023841858 18.90003776550293
381 0.015000000596046448 0.009444444440305233 1.5882353782653809 20.800045013427734
382 0.026000000536441803 0.009444444440305233 2.752941131591797 6.399998664855957
383 0.015000000596046448 0.009999999776482582 1.5000001192092896 23.200054168701172
384 0.014500000514090061 0.009999999776482582 1.4500000476837158 19.20003890991211
385 0.013000000268220901 0.009444444440305233 1.3764705657958984 29.10007667541504
386 0.012000000104308128 0.009999999776482582 1.2000000476837158 20.90004539489746
387 0.01250000111758709 0.009444444440305233 1.3235294818878174 14.600022315979004
388 0.014500000514090061 0.009444444440305233 1.5352941751480103 20.60004425048828
389 0.01250000111758709 0.010555555112659931 1.1842106580734253 21.100046157836914
390 0.016499999910593033 0.010555555112659931 1.5631579160690308 13.800019264221191
391 0.017000000923871994 0.009999999776482582 1.7000001668930054 23.00005340576172
392 0.011500000953674316 0.009444444440305233 1.2176471948623657 21.400047302246094
393 0.0195000022649765 0.009444444440305233 2.0647060871124268 24.500059127807617
394 0.012000000104308128 0.009444444440305233 1.2705882787704468 16.200027465820312
395 0.010999999940395355 0.009999999776482582 1.100000023841858 9.20000171661377
396 0.014000000432133675 0.009999999776482582 1.4000000953674316 18.800037384033203
397 0.013500000350177288 0.009999999776482582 1.350000023841858 27.30006980895996
398 0.010999999940395355 0.009444444440305233 1.1647058725357056 17.10003089904785
399 0.014500000514090061 0.010555555112659931 1.373684287071228 19.20003890991211
400 0.017000000923871994 0.009444444440305233 1.8000000715255737 19.900041580200195
401 0.020000001415610313 0.009999999776482582 2.000000238418579 18.500036239624023
402 0.017500001937150955 0.010555555112659931 1.6578949689865112 17.200031280517578
403 0.020000001415610313 0.010555555112659931 1.8947370052337646 18.100034713745117
404 0.017000000923871994 0.009999999776482582 1.7000001668930054 13.000016212463379
405 0.010000000707805157 0.009444444440305233 1.058823585510254 16.500028610229492
406 0.01100000087171793 0.009999999776482582 1.1000001430511475 15.90002727508545
407 0.027000000700354576 0.009444444440305233 2.858823537826538 4.500000476837158
408 0.010000000707805157 0.009444444440305233 1.058823585510254 26.7000675201416
409 0.018000001087784767 0.009444444440305233 1.905882477760315 18.00003433227539
410 0.013500001281499863 0.010555555112659931 1.2789475917816162 17.500032424926758
411 0.009999999776482582 0.009444444440305233 1.0588234663009644 23.400054931640625
412 0.012500000186264515 0.010555555112659931 1.1842105388641357 11.400010108947754
413 0.009999999776482582 0.009999999776482582 1.0 5.099999904632568
414 0.017000000923871994 0.010555555112659931 1.610526442527771 24.10005760192871
415 0.017000000923871994 0.009444444440305233 1.8000000715255737 15.100024223327637
416 0.00950000062584877 0.010555555112659931 0.9000000953674316 19.80004119873047
417 0.01900000125169754 0.010555555112659931 1.8000001907348633 21.000045776367188
418 0.023500001057982445 0.009999999776482582 2.3500001430511475 12.500014305114746
419 0.00950000062584877 0.010555555112659931 0.9000000953674316 25.00006103515625
420 0.021000001579523087 0.010555555112659931 1.9894739389419556 20.400043487548828
421 0.02250000089406967 0.010555555112659931 2.1315791606903076 7.699997425079346
422 0.013500001281499863 0.009444444440305233 1.4294118881225586 21.20004653930664
423 0.01850000023841858 0.010555555112659931 1.752631664276123 15.500025749206543
424 0.019500000402331352 0.010555555112659931 1.8473684787750244 29.40007781982422
425 0.017500001937150955 0.010555555112659931 1.6578949689865112 22.900053024291992
426 0.015500000678002834 0.010555555112659931 1.468421220779419 19.900041580200195
427 0.011500000953674316 0.009444444440305233 1.2176471948623657 16.700029373168945
428 0.013000000268220901 0.009444444440305233 1.3764705657958984 20.200042724609375
429 0.017500000074505806 0.010555555112659931 1.6578948497772217 19.000038146972656
430 0.014500000514090061 0.009444444440305233 1.5352941751480103 24.40005874633789
431 0.017000000923871994 0.009444444440305233 1.8000000715255737 21.700048446655273
432 0.02250000089406967 0.010555555112659931 2.1315791606903076 11.80001163482666
433 0.018000001087784767 0.010555555112659931 1.705263376235962 17.70003318786621
434 0.0195000022649765 0.010555555112659931 1.8473687171936035 20.60004425048828
435 0.01850000023841858 0.010555555112659931 1.752631664276123 19.000038146972656
436 0.01100000087171793 0.010555555112659931 1.0421054363250732 13.100016593933105
437 0.014500000514090061 0.009999999776482582 1.4500000476837158 19.600040435791016
438 0.014000000432133675 0.010555555112659931 1.3263158798217773 23.50005531311035
439 0.013500001281499863 0.009999999776482582 1.3500001430511475 19.400039672851562
440 0.00950000062584877 0.009444444440305233 1.0058823823928833 18.700037002563477
441 0.01250000111758709 0.009444444440305233 1.3235294818878174 28.900075912475586
442 0.02250000089406967 0.009444444440305233 2.3823530673980713 23.200054168701172
443 0.013000000268220901 0.009444444440305233 1.3764705657958984 23.900056838989258
444 0.015500000678002834 0.009999999776482582 1.5500000715255737 11.600010871887207
445 0.999000072479248 0.7427777647972107 1.3449515104293823 -94.89912414550781
446 1.0 0.8388888835906982 1.192052960395813 -94.89912414550781
447 0.013000000268220901 0.009999999776482582 1.3000000715255737 21.20004653930664
448 0.019500000402331352 0.010555555112659931 1.8473684787750244 2.3000025749206543
449 0.021500002592802048 0.009999999776482582 2.1500003337860107 1.0000026226043701
450 0.9975000619888306 0.745555579662323 1.3379285335540771 -94.89912414550781
451 0.017500001937150955 0.009999999776482582 1.750000238418579 15.500025749206543
452 0.015000000596046448 0.010555555112659931 1.4210526943206787 18.90003776550293
453 0.014500000514090061 0.009999999776482582 1.4500000476837158 22.300050735473633
454 0.014000000432133675 0.010555555112659931 1.3263158798217773 17.300031661987305
455 0.013500000350177288 0.010555555112659931 1.2789474725723267 20.200042724609375
456 0.013500001281499863 0.010555555112659931 1.2789475917816162 20.500043869018555
457 0.014500000514090061 0.009444444440305233 1.5352941751480103 11.700011253356934
458 0.011500000953674316 0.009999999776482582 1.1500000953674316 14.900023460388184
459 0.013000000268220901 0.009444444440305233 1.3764705657958984 25.200061798095703
460 0.017000000923871994 0.010555555112659931 1.610526442527771 22.800052642822266
461 0.014000000432133675 0.010555555112659931 1.3263158798217773 15.00002384185791
462 0.014500000514090061 0.009999999776482582 1.4500000476837158 24.600059509277344
463 0.013000000268220901 0.010555555112659931 1.231579065322876 17.200031280517578
464 0.014000000432133675 0.009999999776482582 1.4000000953674316 29.200077056884766
465 0.01850000023841858 0.009999999776482582 1.850000023841858 1.6000027656555176
466 0.020000001415610313 0.010555555112659931 1.8947370052337646 23.900056838989258
467 0.013000000268220901 0.009444444440305233 1.3764705657958984 22.000049591064453
468 0.010999999940395355 0.009999999776482582 1.100000023841858 24.70005989074707
469 0.020500000566244125 0.009999999776482582 2.0500001907348633 13.500018119812012
470 0.013500000350177288 0.010555555112659931 1.2789474725723267 15.100024223327637
471 0.010999999940395355 0.009444444440305233 1.1647058725357056 20.3000431060791
472 0.027499999850988388 0.010555555112659931 2.6052632331848145 4.600000381469727
473 0.017000000923871994 0.009444444440305233 1.8000000715255737 23.900056838989258
474 0.012000000104308128 0.009999999776482582 1.2000000476837158 19.20003890991211
475 0.018000001087784767 0.009444444440305233 1.905882477760315 22.200050354003906
476 0.012500000186264515 0.009444444440305233 1.3235294818878174 17.300031661987305
477 0.014000000432133675 0.009999999776482582 1.4000000953674316 19.700040817260742
478 0.018000001087784767 0.009999999776482582 1.8000001907348633 26.100065231323242
479 0.02500000037252903 0.009999999776482582 2.5 1.7000027894973755
480 0.01100000087171793 0.009444444440305233 1.1647059917449951 10.300005912780762
481 0.020500000566244125 0.009444444440305233 2.170588254928589 20.3000431060791
482 0.01850000023841858 0.009444444440305233 1.958823561668396 20.200042724609375
483 0.010999999940395355 0.009999999776482582 1.100000023841858 22.500051498413086
484 0.020500000566244125 0.009444444440305233 2.170588254928589 16.700029373168945
485 0.015500000678002834 0.009444444440305233 1.6411765813827515 14.200020790100098
486 0.009999999776482582 0.009999999776482582 1.0 22.200050354003906
487 0.017500001937150955 0.009444444440305233 1.8529413938522339 22.500051498413086
488 0.015500000678002834 0.009444444440305233 1.6411765813827515 19.100038528442383
489 0.010500000789761543 0.009444444440305233 1.1117647886276245 10.300005912780762
490 0.013000000268220901 0.009999999776482582 1.3000000715255737 20.60004425048828
491 0.019999999552965164 0.010555555112659931 1.894736886024475 12.900015830993652
492 0.015500000678002834 0.009444444440305233 1.6411765813827515 17.000030517578125
493 0.015000000596046448 0.009999999776482582 1.5000001192092896 8.699999809265137
494 0.018000001087784767 0.009444444440305233 1.905882477760315 22.70005226135254
495 0.02250000089406967 0.009444444440305233 2.3823530673980713 25.60006332397461
496 1.0 0.7944444417953491 1.2587412595748901 -94.89912414550781
497 0.01850000023841858 0.009999999776482582 1.850000023841858 18.800037384033203
498 0.012000000104308128 0.009999999776482582 1.2000000476837158 12.300013542175293
499 0.014500000514090061 0.009999999776482582 1.4500000476837158 18.30003547668457
500 0.013500000350177288 0.010555555112659931 1.2789474725723267 16.800029754638672
501 0.018000001087784767 0.009999999776482582 1.8000001907348633 27.700071334838867
502 0.014000000432133675 0.009999999776482582 1.4000000953674316 27.400070190429688
503 0.013500000350177288 0.009444444440305233 1.429411768913269 13.300017356872559
504 0.011500000953674316 0.009999999776482582 1.1500000953674316 33.40006637573242
505 0.014000000432133675 0.009999999776482582 1.4000000953674316 18.200035095214844
506 0.023000001907348633 0.009999999776482582 2.3000001907348633 15.200024604797363
507 0.01600000075995922 0.009999999776482582 1.6000001430511475 21.100046157836914
508 0.013500001281499863 0.009444444440305233 1.4294118881225586 13.400017738342285
509 0.015000000596046448 0.010555555112659931 1.4210526943206787 14.70002269744873
510 0.010500000789761543 0.009444444440305233 1.1117647886276245 17.800033569335938
511 0.012500000186264515 0.009999999776482582 1.25 17.800033569335938
512 0.014500000514090061 0.009444444440305233 1.5352941751480103 10.500006675720215
513 0.014000000432133675 0.009999999776482582 1.4000000953674316 24.500059127807617
514 0.013500001281499863 0.009444444440305233 1.4294118881225586 29.500078201293945
515 0.017000000923871994 0.009444444440305233 1.8000000715255737 26.600067138671875
516 0.014000000432133675 0.010555555112659931 1.3263158798217773 12.40001392364502
517 0.012000000104308128 0.009999999776482582 1.2000000476837158 20.10004234313965
518 0.013500000350177288 0.009444444440305233 1.429411768913269 22.900053024291992
519 0.01250000111758709 0.009999999776482582 1.2500001192092896 18.800037384033203
520 0.013000000268220901 0.009999999776482582 1.3000000715255737 14.300021171569824
521 0.012000000104308128 0.010555555112659931 1.136842131614685 19.80004119873047
522 0.01850000023841858 0.010555555112659931 1.752631664276123 15.100024223327637
523 0.017500001937150955 0.009999999776482582 1.750000238418579 10.800007820129395
524 0.008500000461935997 0.009444444440305233 0.9000000357627869 18.90003776550293
525 0.011500000953674316 0.009444444440305233 1.2176471948623657 20.90004539489746
526 0.012000000104308128 0.009444444440305233 1.2705882787704468 23.200054168701172
527 0.0195000022649765 0.010555555112659931 1.8473687171936035 15.800026893615723
528 0.014000000432133675 0.009444444440305233 1.4823529720306396 21.000045776367188
529 0.018000001087784767 0.009444444440305233 1.905882477760315 15.700026512145996
530 0.014000000432133675 0.010555555112659931 1.3263158798217773 21.100046157836914
531 0.017000000923871994 0.009999999776482582 1.7000001668930054 7.699997425079346
532 0.01600000075995922 0.009999999776482582 1.6000001430511475 7.0999979972839355
533 0.014500001445412636 0.009999999776482582 1.4500001668930054 11.700011253356934
534 0.014000000432133675 0.009444444440305233 1.4823529720306396 21.300046920776367
535 0.015500000678002834 0.010555555112659931 1.468421220779419 24.70005989074707
536 0.011500000953674316 0.009999999776482582 1.1500000953674316 21.800048828125
537 0.016499999910593033 0.010555555112659931 1.5631579160690308 21.20004653930664
538 0.016499999910593033 0.009444444440305233 1.7470588684082031 21.100046157836914
539 0.013000000268220901 0.009444444440305233 1.3764705657958984 17.40003204345703
540 0.012500000186264515 0.009444444440305233 1.3235294818878174 25.400062561035156
541 0.01600000075995922 0.010555555112659931 1.5157896280288696 19.80004119873047
542 0.015500000678002834 0.009999999776482582 1.5500000715255737 19.900041580200195
543 0.01600000075995922 0.009999999776482582 1.6000001430511475 6.999998092651367
544 0.01900000125169754 0.009999999776482582 1.9000002145767212 4.3000006675720215
545 0.018000001087784767 0.009444444440305233 1.905882477760315 21.900049209594727
546 0.004000000189989805 0.009999999776482582 0.40000003576278687 19.700040817260742
547 0.014000000432133675 0.009999999776482582 1.4000000953674316 25.200061798095703
548 0.015000000596046448 0.009444444440305233 1.5882353782653809 11.400010108947754
549 0.01250000111758709 0.009444444440305233 1.3235294818878174 15.800026893615723
550 0.027499999850988388 0.010555555112659931 2.6052632331848145 30.80008316040039
551 0.01850000023841858 0.009444444440305233 1.958823561668396 1.9000028371810913
552 0.015000000596046448 0.009999999776482582 1.5000001192092896 7.399997711181641
553 0.013000000268220901 0.009444444440305233 1.3764705657958984 18.60003662109375
554 0.010500000789761543 0.010555555112659931 0.9947369694709778 21.000045776367188
555 0.01900000125169754 0.009444444440305233 2.0117647647857666 20.90004539489746
556 0.012000000104308128 0.009444444440305233 1.2705882787704468 16.9000301361084
557 0.013500001281499863 0.009444444440305233 1.4294118881225586 21.800048828125
558 0.015500000678002834 0.009444444440305233 1.6411765813827515 11.700011253356934
559 0.010500000789761543 0.009444444440305233 1.1117647886276245 17.70003318786621
560 0.013500001281499863 0.009444444440305233 1.4294118881225586 22.300050735473633
561 0.010000000707805157 0.009999999776482582 1.0000001192092896 16.00002670288086
562 0.020500000566244125 0.009999999776482582 2.0500001907348633 18.800037384033203
563 0.014000000432133675 0.009999999776482582 1.4000000953674316 16.00002670288086
564 0.021500002592802048 0.009444444440305233 2.276470899581909 21.100046157836914
565 0.011500000953674316 0.010555555112659931 1.089473843574524 21.800048828125
566 0.01900000125169754 0.009999999776482582 1.9000002145767212 5.099999904632568
567 0.014500000514090061 0.010555555112659931 1.373684287071228 18.90003776550293
568 0.00950000062584877 0.009444444440305233 1.0058823823928833 16.9000301361084
569 0.017500001937150955 0.010555555112659931 1.6578949689865112 23.100053787231445
570 0.011500000953674316 0.009444444440305233 1.2176471948623657 21.600048065185547
571 0.008500000461935997 0.009444444440305233 0.9000000357627869 18.90003776550293
572 0.02200000174343586 0.010555555112659931 2.0842108726501465 1.0000026226043701
573 0.01600000075995922 0.009444444440305233 1.694117784500122 18.60003662109375
574 0.019999999552965164 0.010555555112659931 1.894736886024475 25.00006103515625
575 0.014000000432133675 0.009444444440305233 1.4823529720306396 19.80004119873047
576 0.013000000268220901 0.009999999776482582 1.3000000715255737 20.3000431060791
577 0.009000000543892384 0.009444444440305233 0.9529412388801575 22.300050735473633
578 0.013500000350177288 0.009999999776482582 1.350000023841858 19.700040817260742
579 0.016499999910593033 0.009444444440305233 1.7470588684082031 4.900000095367432
580 0.015000000596046448 0.010555555112659931 1.4210526943206787 19.900041580200195
581 0.011500000953674316 0.009444444440305233 1.2176471948623657 22.800052642822266
582 0.00950000062584877 0.010555555112659931 0.9000000953674316 18.100034713745117
583 1.0 0.6555555462837219 1.5254237651824951 -94.89912414550781
584 0.014000000432133675 0.009444444440305233 1.4823529720306396 10.900008201599121
585 0.016499999910593033 0.009999999776482582 1.649999976158142 17.40003204345703
586 0.010999999940395355 0.009444444440305233 1.1647058725357056 21.300046920776367
587 0.015000000596046448 0.009444444440305233 1.5882353782653809 20.10004234313965
588 0.012000000104308128 0.009999999776482582 1.2000000476837158 24.200057983398438
589 0.010500000789761543 0.009999999776482582 1.0500000715255737 22.000049591064453
590 0.013000000268220901 0.009999999776482582 1.3000000715255737 18.100034713745117
591 0.023500001057982445 0.009999999776482582 2.3500001430511475 23.200054168701172
592 0.017500001937150955 0.009999999776482582 1.750000238418579 8.90000057220459
593 0.00800000037997961 0.010555555112659931 0.7578948140144348 28.50007438659668
594 0.012000000104308128 0.009999999776482582 1.2000000476837158 13.200016975402832
595 0.012500000186264515 0.009444444440305233 1.3235294818878174 23.100053787231445
596 0.00950000062584877 0.009444444440305233 1.0058823823928833 19.600040435791016
597 0.01600000075995922 0.009444444440305233 1.694117784500122 20.400043487548828
598 0.011500000953674316 0.009999999776482582 1.1500000953674316 22.10004997253418
599 0.014000000432133675 0.010555555112659931 1.3263158798217773 21.000045776367188
600 0.015500001609325409 0.009444444440305233 1.641176700592041 22.10004997253418
601 0.01900000125169754 0.009999999776482582 1.9000002145767212 24.500059127807617
602 0.013500001281499863 0.009444444440305233 1.4294118881225586 21.800048828125
603 0.010999999940395355 0.009444444440305233 1.1647058725357056 30.400081634521484
604 0.016499999910593033 0.010555555112659931 1.5631579160690308 12.10001277923584
605 0.012500000186264515 0.010555555112659931 1.1842105388641357 21.100046157836914
606 0.013000000268220901 0.010555555112659931 1.231579065322876 7.799997329711914
607 0.01600000075995922 0.009444444440305233 1.694117784500122 15.900026321411133
608 0.016499999910593033 0.009999999776482582 1.649999976158142 26.000064849853516
609 0.010500000789761543 0.010555555112659931 0.9947369694709778 22.70005226135254
610 0.00950000062584877 0.010555555112659931 0.9000000953674316 19.300039291381836
611 0.01850000023841858 0.010555555112659931 1.752631664276123 10.200005531311035
612 0.010500000789761543 0.009999999776482582 1.0500000715255737 20.10004234313965
613 0.00800000037997961 0.009444444440305233 0.847058892250061 21.50004768371582
614 1.0 0.7250000238418579 1.3793102502822876 -94.89912414550781
615 0.010000000707805157 0.009444444440305233 1.058823585510254 17.70003318786621
616 0.012500000186264515 0.009444444440305233 1.3235294818878174 19.700040817260742
617 0.018000001087784767 0.009999999776482582 1.8000001907348633 18.60003662109375
618 0.01850000023841858 0.009444444440305233 1.958823561668396 13.500018119812012
619 0.008500000461935997 0.009999999776482582 0.8500000834465027 17.70003318786621
620 1.0 0.9933333396911621 1.0067113637924194 -94.89912414550781
621 0.014000000432133675 0.010555555112659931 1.3263158798217773 20.700044631958008
622 0.017000000923871994 0.010555555112659931 1.610526442527771 22.600051879882812
623 0.010500000789761543 0.009999999776482582 1.0500000715255737 19.50004005432129
624 0.013500001281499863 0.009444444440305233 1.4294118881225586 26.400066375732422
625 0.018000001087784767 0.010555555112659931 1.705263376235962 12.000012397766113
626 0.015000000596046448 0.009444444440305233 1.5882353782653809 16.100027084350586
627 0.013500000350177288 0.009999999776482582 1.350000023841858 25.00006103515625
628 0.01250000111758709 0.010555555112659931 1.1842106580734253 13.500018119812012
629 0.015500000678002834 0.009444444440305233 1.6411765813827515 10.500006675720215
630 0.014000000432133675 0.010555555112659931 1.3263158798217773 15.400025367736816
631 0.01250000111758709 0.009999999776482582 1.2500001192092896 15.400025367736816
632 0.013000000268220901 0.009444444440305233 1.3764705657958984 27.00006866455078
633 0.009999999776482582 0.009999999776482582 1.0 24.800060272216797
634 0.014000000432133675 0.010555555112659931 1.3263158798217773 25.400062561035156
635 0.015500000678002834 0.010555555112659931 1.468421220779419 24.500059127807617
636 0.0215000007301569 0.010555555112659931 2.0368423461914062 16.60002899169922
637 0.01250000111758709 0.009999999776482582 1.2500001192092896 23.80005645751953
638 0.017000000923871994 0.009444444440305233 1.8000000715255737 19.600040435791016
639 0.010999999940395355 0.009999999776482582 1.100000023841858 20.000041961669922
640 0.010500000789761543 0.010555555112659931 0.9947369694709778 19.900041580200195
641 0.014500000514090061 0.009999999776482582 1.4500000476837158 16.60002899169922
642 0.013500000350177288 0.009444444440305233 1.429411768913269 18.60003662109375
643 0.017500001937150955 0.010555555112659931 1.6578949689865112 23.900056838989258
644 0.01250000111758709 0.010555555112659931 1.1842106580734253 28.900075912475586
645 0.017000000923871994 0.009444444440305233 1.8000000715255737 22.40005111694336
646 0.010500000789761543 0.009444444440305233 1.1117647886276245 15.800026893615723
647 0.016499999910593033 0.009444444440305233 1.7470588684082031 2.9000020027160645
648 0.010000000707805157 0.009444444440305233 1.058823585510254 19.300039291381836
649 0.017500001937150955 0.009999999776482582 1.750000238418579 25.100061416625977
650 0.017000000923871994 0.009444444440305233 1.8000000715255737 17.000030517578125
651 0.02250000089406967 0.009999999776482582 2.250000238418579 18.60003662109375
652 0.018000001087784767 0.009444444440305233 1.905882477760315 22.70005226135254
653 0.016499999910593033 0.009444444440305233 1.7470588684082031 20.800045013427734
654 0.016499999910593033 0.010555555112659931 1.5631579160690308 24.800060272216797
655 0.013000000268220901 0.009999999776482582 1.3000000715255737 18.00003433227539
656 0.010500000789761543 0.009444444440305233 1.1117647886276245 17.40003204345703
657 0.014000000432133675 0.009444444440305233 1.4823529720306396 25.400062561035156
658 0.01600000075995922 0.009999999776482582 1.6000001430511475 22.200050354003906
659 0.012000000104308128 0.009999999776482582 1.2000000476837158 19.20003890991211
660 0.02200000174343586 0.009999999776482582 2.200000286102295 0.6000025272369385
661 0.018000001087784767 0.010555555112659931 1.705263376235962 20.3000431060791
662 0.012000000104308128 0.009444444440305233 1.2705882787704468 20.10004234313965
663 0.016499999910593033 0.009999999776482582 1.649999976158142 21.800048828125
664 0.017500001937150955 0.009444444440305233 1.8529413938522339 20.60004425048828
665 0.01600000075995922 0.009999999776482582 1.6000001430511475 24.70005989074707
666 0.011500000953674316 0.009999999776482582 1.1500000953674316 31.300085067749023
667 0.015500000678002834 0.009999999776482582 1.5500000715255737 11.000008583068848
668 0.020500000566244125 0.009999999776482582 2.0500001907348633 4.200000762939453
669 0.020500000566244125 0.009444444440305233 2.170588254928589 19.300039291381836
670 0.006000000052154064 0.009444444440305233 0.6352941393852234 17.000030517578125
671 0.014500000514090061 0.010555555112659931 1.373684287071228 20.10004234313965
672 0.012000000104308128 0.009444444440305233 1.2705882787704468 23.3000545501709
673 0.017000000923871994 0.009999999776482582 1.7000001668930054 21.50004768371582
674 0.012000000104308128 0.009444444440305233 1.2705882787704468 20.90004539489746
675 0.017000000923871994 0.009444444440305233 1.8000000715255737 10.700007438659668
676 0.016499999910593033 0.009999999776482582 1.649999976158142 20.60004425048828
677 0.010500000789761543 0.009444444440305233 1.1117647886276245 21.900049209594727
678 0.01600000075995922 0.009999999776482582 1.6000001430511475 23.3000545501709
679 0.013000000268220901 0.009444444440305233 1.3764705657958984 23.3000545501709
680 0.010000000707805157 0.009444444440305233 1.058823585510254 18.500036239624023
681 0.015000000596046448 0.009444444440305233 1.5882353782653809 23.200054168701172
682 0.020500000566244125 0.009444444440305233 2.170588254928589 22.900053024291992
683 0.015500000678002834 0.010555555112659931 1.468421220779419 19.80004119873047
684 0.020500000566244125 0.009999999776482582 2.0500001907348633 17.600032806396484
685 1.0 0.9927777647972107 1.0072747468948364 -94.89912414550781
686 0.01850000023841858 0.009444444440305233 1.958823561668396 17.600032806396484
687 0.014500000514090061 0.010555555112659931 1.373684287071228 20.800045013427734
688 0.012500000186264515 0.009999999776482582 1.25 16.00002670288086
689 0.012000000104308128 0.009444444440305233 1.2705882787704468 15.60002613067627
690 0.010999999940395355 0.009999999776482582 1.100000023841858 8.399998664855957
691 0.013500001281499863 0.009999999776482582 1.3500001430511475 22.10004997253418
692 0.020000001415610313 0.009444444440305233 2.117647171020508 10.100005149841309
693 0.015000000596046448 0.009444444440305233 1.5882353782653809 14.300021171569824
694 0.013500000350177288 0.009444444440305233 1.429411768913269 21.300046920776367
695 0.010999999940395355 0.009999999776482582 1.100000023841858 10.800007820129395
696 0.012000000104308128 0.009444444440305233 1.2705882787704468 19.80004119873047
697 0.012000000104308128 0.009444444440305233 1.2705882787704468 17.600032806396484
698 0.013500001281499863 0.010555555112659931 1.2789475917816162 20.800045013427734
699 0.014000000432133675 0.009444444440305233 1.4823529720306396 15.30002498626709
700 0.016499999910593033 0.009444444440305233 1.7470588684082031 17.10003089904785
701 0.015000000596046448 0.009444444440305233 1.5882353782653809 19.300039291381836
702 0.015000000596046448 0.009444444440305233 1.5882353782653809 29.500078201293945
703 0.012000000104308128 0.009444444440305233 1.2705882787704468 19.300039291381836
704 0.016499999910593033 0.010555555112659931 1.5631579160690308 16.60002899169922
705 0.007000000216066837 0.009999999776482582 0.7000000476837158 24.500059127807617
706 0.015500000678002834 0.009999999776482582 1.5500000715255737 19.20003890991211
707 0.017500001937150955 0.009999999776482582 1.750000238418579 18.700037002563477
708 1.0 0.9238888621330261 1.082381248474121 -94.89912414550781
709 0.010999999940395355 0.010555555112659931 1.0421053171157837 16.400028228759766
710 0.017500001937150955 0.010555555112659931 1.6578949689865112 26.400066375732422
711 0.012000000104308128 0.010555555112659931 1.136842131614685 18.100034713745117
712 0.012000000104308128 0.009444444440305233 1.2705882787704468 21.300046920776367
713 0.014500001445412636 0.009444444440305233 1.5352942943572998 16.9000301361084
714 0.014000000432133675 0.009999999776482582 1.4000000953674316 19.900041580200195
715 0.015000000596046448 0.009999999776482582 1.5000001192092896 18.100034713745117
716 0.017000000923871994 0.009999999776482582 1.7000001668930054 21.400047302246094
717 0.012000000104308128 0.009444444440305233 1.2705882787704468 13.800019264221191
718 0.015500000678002834 0.009444444440305233 1.6411765813827515 14.300021171569824
719 0.016499999910593033 0.010555555112659931 1.5631579160690308 24.000057220458984
720 0.010999999940395355 0.009444444440305233 1.1647058725357056 22.000049591064453
721 0.021500002592802048 0.009999999776482582 2.1500003337860107 0.6000025272369385
722 0.013500000350177288 0.009999999776482582 1.350000023841858 20.60004425048828
723 0.015500000678002834 0.009999999776482582 1.5500000715255737 21.100046157836914
724 0.014500001445412636 0.009999999776482582 1.4500001668930054 20.3000431060791
725 0.012500000186264515 0.009999999776482582 1.25 22.200050354003906
726 0.0195000022649765 0.009444444440305233 2.0647060871124268 21.400047302246094
727 1.0 0.9872221946716309 1.012943148612976 -94.89912414550781
728 0.017000000923871994 0.010555555112659931 1.610526442527771 13.200016975402832
729 0.008500000461935997 0.009444444440305233 0.9000000357627869 13.200016975402832
730 0.014500000514090061 0.009444444440305233 1.5352941751480103 22.70005226135254
731 0.013500001281499863 0.009444444440305233 1.4294118881225586 19.000038146972656
732 0.010999999940395355 0.010555555112659931 1.0421053171157837 28.50007438659668
733 0.009000000543892384 0.009444444440305233 0.9529412388801575 26.100065231323242
734 0.01600000075995922 0.009444444440305233 1.694117784500122 16.60002899169922
735 0.013500000350177288 0.009444444440305233 1.429411768913269 19.600040435791016
736 0.01850000023841858 0.009444444440305233 1.958823561668396 20.3000431060791
737 0.010500000789761543 0.009444444440305233 1.1117647886276245 19.50004005432129
738 0.015500000678002834 0.009999999776482582 1.5500000715255737 23.600055694580078
739 0.015500000678002834 0.009444444440305233 1.6411765813827515 12.7000150680542
740 0.01250000111758709 0.009999999776482582 1.2500001192092896 17.800033569335938
741 1.0 0.9449999928474426 1.0582010746002197 -94.89912414550781
742 0.014000000432133675 0.009444444440305233 1.4823529720306396 16.100027084350586
743 0.013500000350177288 0.009444444440305233 1.429411768913269 28.50007438659668
744 0.014500000514090061 0.009999999776482582 1.4500000476837158 23.3000545501709
745 0.017500001937150955 0.009444444440305233 1.8529413938522339 23.50005531311035
746 0.015000000596046448 0.009999999776482582 1.5000001192092896 21.100046157836914
747 0.013500001281499863 0.009444444440305233 1.4294118881225586 15.400025367736816
748 0.015000000596046448 0.009444444440305233 1.5882353782653809 21.600048065185547
749 0.014500000514090061 0.009999999776482582 1.4500000476837158 16.700029373168945
750 0.016499999910593033 0.009444444440305233 1.7470588684082031 20.000041961669922
751 0.01900000125169754 0.010555555112659931 1.8000001907348633 22.600051879882812
752 0.011500000953674316 0.009444444440305233 1.2176471948623657 18.500036239624023
753 0.010000000707805157 0.009999999776482582 1.0000001192092896 19.50004005432129
754 0.016499999910593033 0.009444444440305233 1.7470588684082031 19.700040817260742
755 0.006500000134110451 0.010555555112659931 0.615789532661438 20.800045013427734
756 0.0195000022649765 0.009444444440305233 2.0647060871124268 20.000041961669922
757 0.013000000268220901 0.009999999776482582 1.3000000715255737 19.900041580200195
758 0.011500000953674316 0.009444444440305233 1.2176471948623657 18.30003547668457
759 0.00950000062584877 0.009999999776482582 0.9500001072883606 16.800029754638672
760 0.013000000268220901 0.009444444440305233 1.3764705657958984 15.60002613067627
761 0.00800000037997961 0.009999999776482582 0.8000000715255737 6.7999982833862305
762 0.014000000432133675 0.010555555112659931 1.3263158798217773 23.400054931640625
763 0.011500000953674316 0.009444444440305233 1.2176471948623657 15.90002727508545
764 0.01250000111758709 0.009444444440305233 1.3235294818878174 19.600040435791016
765 0.012000000104308128 0.009444444440305233 1.2705882787704468 24.300058364868164
766 0.018000001087784767 0.009444444440305233 1.905882477760315 20.500043869018555
767 0.01250000111758709 0.009444444440305233 1.3235294818878174 17.800033569335938
768 0.010500000789761543 0.010555555112659931 0.9947369694709778 20.000041961669922
769 0.020000001415610313 0.009999999776482582 2.000000238418579 21.20004653930664
770 0.014500001445412636 0.009444444440305233 1.5352942943572998 21.50004768371582
771 0.014500000514090061 0.010555555112659931 1.373684287071228 21.50004768371582
772 0.020500000566244125 0.010555555112659931 1.9421054124832153 10.600007057189941
773 0.009000000543892384 0.009444444440305233 0.9529412388801575 18.200035095214844
774 0.015000000596046448 0.009444444440305233 1.5882353782653809 18.90003776550293
775 0.015000000596046448 0.009444444440305233 1.5882353782653809 9.900004386901855
776 0.012500000186264515 0.009999999776482582 1.25 23.3000545501709
777 0.006500000134110451 0.009999999776482582 0.6500000357627869 17.900033950805664
778 0.013500000350177288 0.009444444440305233 1.429411768913269 17.200031280517578
779 0.007000000216066837 0.009999999776482582 0.7000000476837158 21.100046157836914
780 0.014000000432133675 0.009444444440305233 1.4823529720306396 17.10003089904785
781 0.017500001937150955 0.010555555112659931 1.6578949689865112 19.100038528442383
782 0.015500000678002834 0.010555555112659931 1.468421220779419 12.7000150680542
783 0.015000000596046448 0.009999999776482582 1.5000001192092896 25.200061798095703
784 0.010000000707805157 0.009999999776482582 1.0000001192092896 19.900041580200195
785 0.00950000062584877 0.009999999776482582 0.9500001072883606 19.80004119873047
786 0.015000000596046448 0.010555555112659931 1.4210526943206787 13.900019645690918
787 0.014500000514090061 0.009444444440305233 1.5352941751480103 12.7000150680542
788 0.014000000432133675 0.009999999776482582 1.4000000953674316 16.60002899169922
789 0.015000000596046448 0.009444444440305233 1.5882353782653809 18.200035095214844
790 0.0195000022649765 0.010555555112659931 1.8473687171936035 12.500014305114746
791 0.010000000707805157 0.009444444440305233 1.058823585510254 17.600032806396484
792 0.012000000104308128 0.010555555112659931 1.136842131614685 13.900019645690918
793 0.0195000022649765 0.010555555112659931 1.8473687171936035 28.900075912475586
794 0.013000000268220901 0.010555555112659931 1.231579065322876 23.400054931640625
795 0.017999999225139618 0.009444444440305233 1.9058822393417358 27.30006980895996
796 0.015000000596046448 0.009444444440305233 1.5882353782653809 16.200027465820312
797 0.019999999552965164 0.010555555112659931 1.894736886024475 33.10007095336914
798 0.01600000075995922 0.010555555112659931 1.5157896280288696 8.90000057220459
799 0.012000000104308128 0.009444444440305233 1.2705882787704468 19.20003890991211
800 0.013500001281499863 0.010555555112659931 1.2789475917816162 34.000057220458984
801 0.01600000075995922 0.009999999776482582 1.6000001430511475 14.500021934509277
802 0.015000000596046448 0.009444444440305233 1.5882353782653809 25.500062942504883
803 0.010500000789761543 0.009444444440305233 1.1117647886276245 20.60004425048828
804 0.009000000543892384 0.009444444440305233 0.9529412388801575 23.100053787231445
805 0.014500000514090061 0.009999999776482582 1.4500000476837158 19.900041580200195
806 0.008500000461935997 0.009444444440305233 0.9000000357627869 25.800064086914062
807 0.02199999988079071 0.009444444440305233 2.329411745071411 21.700048446655273
808 0.010500000789761543 0.009999999776482582 1.0500000715255737 24.800060272216797
809 0.01600000075995922 0.010555555112659931 1.5157896280288696 22.300050735473633
810 0.010500000789761543 0.009999999776482582 1.0500000715255737 19.100038528442383
811 0.010500000789761543 0.009999999776482582 1.0500000715255737 8.90000057220459
812 0.013500001281499863 0.009999999776482582 1.3500001430511475 21.900049209594727
813 0.01250000111758709 0.009999999776482582 1.2500001192092896 22.70005226135254
814 0.008500000461935997 0.009444444440305233 0.9000000357627869 10.300005912780762
815 0.011500000953674316 0.010555555112659931 1.089473843574524 25.00006103515625
816 0.015500000678002834 0.009444444440305233 1.6411765813827515 20.60004425048828
817 0.015500001609325409 0.009444444440305233 1.641176700592041 24.900060653686523
818 0.01900000125169754 0.009444444440305233 2.0117647647857666 25.800064086914062
819 0.01600000075995922 0.009444444440305233 1.694117784500122 17.300031661987305
820 0.0215000007301569 0.009999999776482582 2.1500000953674316 25.200061798095703
821 0.013500000350177288 0.009999999776482582 1.350000023841858 26.400066375732422
822 0.020500000566244125 0.009999999776482582 2.0500001907348633 21.50004768371582
823 0.015000000596046448 0.009444444440305233 1.5882353782653809 27.200069427490234
824 0.014500001445412636 0.010555555112659931 1.3736844062805176 20.60004425048828
825 0.010500000789761543 0.009444444440305233 1.1117647886276245 21.700048446655273
826 0.013500001281499863 0.009999999776482582 1.3500001430511475 19.700040817260742
827 0.006000000052154064 0.009999999776482582 0.6000000238418579 20.60004425048828
828 0.017000000923871994 0.009999999776482582 1.7000001668930054 11.700011253356934
829 0.01600000075995922 0.009999999776482582 1.6000001430511475 15.500025749206543
830 0.01900000125169754 0.010555555112659931 1.8000001907348633 12.000012397766113
831 0.020500000566244125 0.009444444440305233 2.170588254928589 11.100008964538574
832 0.01600000075995922 0.009999999776482582 1.6000001430511475 17.500032424926758
833 0.01250000111758709 0.009444444440305233 1.3235294818878174 9.900004386901855
834 0.020500000566244125 0.009999999776482582 2.0500001907348633 16.00002670288086
835 0.008500000461935997 0.009444444440305233 0.9000000357627869 17.900033950805664
836 0.01600000075995922 0.009444444440305233 1.694117784500122 20.60004425048828
837 0.00800000037997961 0.009444444440305233 0.847058892250061 20.200042724609375
838 0.00950000062584877 0.009444444440305233 1.0058823823928833 19.300039291381836
839 0.019999999552965164 0.009999999776482582 2.0 15.30002498626709
840 0.017000000923871994 0.009999999776482582 1.7000001668930054 5.299999713897705
841 0.016499999910593033 0.009999999776482582 1.649999976158142 19.20003890991211
842 0.012500000186264515 0.010555555112659931 1.1842105388641357 13.300017356872559
843 0.012000000104308128 0.009444444440305233 1.2705882787704468 16.800029754638672
844 0.018000001087784767 0.009999999776482582 1.8000001907348633 22.70005226135254
845 0.02250000089406967 0.010555555112659931 2.1315791606903076 7.899997234344482
846 0.017500001937150955 0.010555555112659931 1.6578949689865112 26.50006675720215
847 0.009000000543892384 0.010555555112659931 0.852631688117981 10.800007820129395
848 0.013000000268220901 0.009444444440305233 1.3764705657958984 19.600040435791016
849 0.014000000432133675 0.009999999776482582 1.4000000953674316 21.800048828125
850 0.01900000125169754 0.009444444440305233 2.0117647647857666 19.700040817260742
851 0.0215000007301569 0.010555555112659931 2.0368423461914062 19.300039291381836
852 0.010500000789761543 0.010555555112659931 0.9947369694709778 25.800064086914062
853 0.013500001281499863 0.010555555112659931 1.2789475917816162 17.600032806396484
854 0.00950000062584877 0.009999999776482582 0.9500001072883606 19.000038146972656
855 0.019500000402331352 0.009999999776482582 1.9500000476837158 24.70005989074707
856 0.012000000104308128 0.009444444440305233 1.2705882787704468 20.700044631958008
857 0.013500001281499863 0.010555555112659931 1.2789475917816162 19.600040435791016
858 0.01250000111758709 0.009999999776482582 1.2500001192092896 15.500025749206543
859 0.01900000125169754 0.009999999776482582 1.9000002145767212 18.00003433227539
860 0.015000000596046448 0.009444444440305233 1.5882353782653809 12.10001277923584
861 0.012000000104308128 0.009999999776482582 1.2000000476837158 28.80007553100586
862 0.012000000104308128 0.009999999776482582 1.2000000476837158 22.10004997253418
863 0.01900000125169754 0.010555555112659931 1.8000001907348633 13.900019645690918
864 0.021000001579523087 0.010555555112659931 1.9894739389419556 20.10004234313965
865 0.011500000953674316 0.009444444440305233 1.2176471948623657 23.600055694580078
866 0.01250000111758709 0.009444444440305233 1.3235294818878174 19.700040817260742
867 0.010999999940395355 0.009444444440305233 1.1647058725357056 7.899997234344482
868 0.014500000514090061 0.010555555112659931 1.373684287071228 23.00005340576172
869 0.019999999552965164 0.009999999776482582 2.0 19.80004119873047
870 0.015500000678002834 0.009444444440305233 1.6411765813827515 20.200042724609375
871 0.014000000432133675 0.010555555112659931 1.3263158798217773 14.70002269744873
872 0.014500000514090061 0.009444444440305233 1.5352941751480103 29.300077438354492
873 0.014000000432133675 0.009444444440305233 1.4823529720306396 19.100038528442383
874 0.015500000678002834 0.009444444440305233 1.6411765813827515 27.700071334838867
875 0.011500000953674316 0.009444444440305233 1.2176471948623657 10.500006675720215
876 0.00800000037997961 0.009444444440305233 0.847058892250061 20.800045013427734
877 0.015000000596046448 0.010555555112659931 1.4210526943206787 24.300058364868164
878 0.013000000268220901 0.010555555112659931 1.231579065322876 14.500021934509277
879 0.00950000062584877 0.009999999776482582 0.9500001072883606 21.000045776367188
880 0.0195000022649765 0.009444444440305233 2.0647060871124268 20.90004539489746
881 0.013000000268220901 0.009999999776482582 1.3000000715255737 24.000057220458984
882 0.017500001937150955 0.010555555112659931 1.6578949689865112 5.899999141693115
883 0.015500000678002834 0.009999999776482582 1.5500000715255737 3.000001907348633
884 0.01850000023841858 0.009999999776482582 1.850000023841858 4.3000006675720215
885 0.013500000350177288 0.009444444440305233 1.429411768913269 21.900049209594727
886 0.01850000023841858 0.009444444440305233 1.958823561668396 20.90004539489746
887 0.013000000268220901 0.009999999776482582 1.3000000715255737 24.600059509277344
888 0.010000000707805157 0.009999999776482582 1.0000001192092896 17.200031280517578
889 0.021500002592802048 0.009444444440305233 2.276470899581909 26.600067138671875
890 0.015000000596046448 0.009444444440305233 1.5882353782653809 20.60004425048828
891 0.01850000023841858 0.009999999776482582 1.850000023841858 10.300005912780762
892 0.023000001907348633 0.009444444440305233 2.4352943897247314 24.500059127807617
893 0.021500002592802048 0.009999999776482582 2.1500003337860107 27.800071716308594
894 0.015500000678002834 0.009999999776482582 1.5500000715255737 17.300031661987305
895 0.015500001609325409 0.010555555112659931 1.468421220779419 15.100024223327637
896 0.013000000268220901 0.009444444440305233 1.3764705657958984 19.400039672851562
897 0.024000000208616257 0.009444444440305233 2.5411765575408936 12.10001277923584
898 0.015500000678002834 0.009999999776482582 1.5500000715255737 20.700044631958008
899 0.017500001937150955 0.009999999776482582 1.750000238418579 13.900019645690918
900 0.015500000678002834 0.009999999776482582 1.5500000715255737 22.900053024291992
901 0.030500002205371857 0.009444444440305233 3.229412078857422 3.300001621246338
902 0.014000000432133675 0.009444444440305233 1.4823529720306396 21.50004768371582
903 0.014000000432133675 0.009444444440305233 1.4823529720306396 13.600018501281738
904 0.014000000432133675 0.010555555112659931 1.3263158798217773 20.60004425048828
905 0.015000000596046448 0.009444444440305233 1.5882353782653809 21.600048065185547
906 0.013500000350177288 0.009999999776482582 1.350000023841858 31.600086212158203
907 0.00950000062584877 0.009444444440305233 1.0058823823928833 16.60002899169922
908 0.017000000923871994 0.009444444440305233 1.8000000715255737 19.900041580200195
909 0.013000000268220901 0.009444444440305233 1.3764705657958984 20.800045013427734
910 0.015500000678002834 0.009999999776482582 1.5500000715255737 17.900033950805664
911 0.013000000268220901 0.009444444440305233 1.3764705657958984 19.400039672851562
912 0.013000000268220901 0.009444444440305233 1.3764705657958984 20.10004234313965
913 0.019999999552965164 0.009444444440305233 2.1176469326019287 23.100053787231445
914 0.015500000678002834 0.009444444440305233 1.6411765813827515 20.500043869018555
915 0.017500001937150955 0.010555555112659931 1.6578949689865112 22.500051498413086
916 0.01850000023841858 0.009444444440305233 1.958823561668396 18.400035858154297
917 0.013000000268220901 0.010555555112659931 1.231579065322876 14.600022315979004
918 0.007500000298023224 0.009999999776482582 0.7500000596046448 21.100046157836914
919 0.016499999910593033 0.009999999776482582 1.649999976158142 19.000038146972656
920 0.01250000111758709 0.010555555112659931 1.1842106580734253 22.500051498413086
921 0.014500001445412636 0.009444444440305233 1.5352942943572998 18.100034713745117
922 0.015500000678002834 0.009444444440305233 1.6411765813827515 32.400081634521484
923 0.01850000023841858 0.009999999776482582 1.850000023841858 18.00003433227539
924 0.012000000104308128 0.009444444440305233 1.2705882787704468 27.100069046020508
925 1.0 0.6833333373069763 1.4634146690368652 -94.89912414550781
926 0.015000000596046448 0.009444444440305233 1.5882353782653809 21.300046920776367
927 0.013500001281499863 0.009444444440305233 1.4294118881225586 6.599998474121094
928 0.011500000953674316 0.010555555112659931 1.089473843574524 19.80004119873047
929 0.017500001937150955 0.009444444440305233 1.8529413938522339 17.10003089904785
930 0.018000001087784767 0.010555555112659931 1.705263376235962 19.80004119873047
931 0.014000000432133675 0.009999999776482582 1.4000000953674316 12.500014305114746
932 0.012500000186264515 0.009444444440305233 1.3235294818878174 12.800015449523926
933 0.012000000104308128 0.010555555112659931 1.136842131614685 22.10004997253418
934 0.013000000268220901 0.010555555112659931 1.231579065322876 19.20003890991211
935 0.013500000350177288 0.009999999776482582 1.350000023841858 19.400039672851562
936 0.017000000923871994 0.010555555112659931 1.610526442527771 22.600051879882812
937 0.027000002562999725 0.009444444440305233 2.858823776245117 11.600010871887207
938 0.016499999910593033 0.009444444440305233 1.7470588684082031 27.800071716308594
939 0.017000000923871994 0.010555555112659931 1.610526442527771 5.099999904632568
940 0.016499999910593033 0.009444444440305233 1.7470588684082031 5.299999713897705
941 0.017000000923871994 0.010555555112659931 1.610526442527771 15.30002498626709
942 0.014000000432133675 0.009444444440305233 1.4823529720306396 24.200057983398438
943 0.013500000350177288 0.010555555112659931 1.2789474725723267 28.300073623657227
944 0.015500000678002834 0.009444444440305233 1.6411765813827515 18.60003662109375
945 0.013000000268220901 0.009444444440305233 1.3764705657958984 14.40002155303955
946 0.009999999776482582 0.009444444440305233 1.0588234663009644 26.7000675201416
947 0.012000000104308128 0.009444444440305233 1.2705882787704468 14.900023460388184
948 1.0 0.6700000166893005 1.492537260055542 -94.89912414550781
949 0.0195000022649765 0.009999999776482582 1.950000286102295 20.400043487548828
950 0.011500000953674316 0.009444444440305233 1.2176471948623657 19.900041580200195
951 0.018000001087784767 0.009444444440305233 1.905882477760315 10.300005912780762
952 0.02500000223517418 0.009999999776482582 2.500000238418579 6.7999982833862305
953 0.017000000923871994 0.009444444440305233 1.8000000715255737 19.20003890991211
954 0.019999999552965164 0.010555555112659931 1.894736886024475 16.9000301361084
955 0.015000000596046448 0.009999999776482582 1.5000001192092896 19.20003890991211
956 0.014500000514090061 0.009444444440305233 1.5352941751480103 14.100020408630371
957 0.014500000514090061 0.010555555112659931 1.373684287071228 8.90000057220459
958 0.01900000125169754 0.010555555112659931 1.8000001907348633 13.800019264221191
959 0.014500000514090061 0.009444444440305233 1.5352941751480103 8.90000057220459
960 0.014000000432133675 0.009444444440305233 1.4823529720306396 10.100005149841309
961 0.014000000432133675 0.009999999776482582 1.4000000953674316 9.900004386901855
962 0.012000000104308128 0.009444444440305233 1.2705882787704468 24.800060272216797
963 0.018000001087784767 0.009999999776482582 1.8000001907348633 7.699997425079346
964 0.018000001087784767 0.010555555112659931 1.705263376235962 17.600032806396484
965 0.011500000953674316 0.009999999776482582 1.1500000953674316 18.700037002563477
966 1.0 0.8416666388511658 1.188118815422058 -94.89912414550781
967 0.01850000023841858 0.009999999776482582 1.850000023841858 13.500018119812012
968 0.013000000268220901 0.009444444440305233 1.3764705657958984 21.000045776367188
969 0.013000000268220901 0.009444444440305233 1.3764705657958984 20.10004234313965
970 0.017000000923871994 0.009444444440305233 1.8000000715255737 12.10001277923584
971 0.014000000432133675 0.009999999776482582 1.4000000953674316 19.300039291381836
972 0.014000000432133675 0.010555555112659931 1.3263158798217773 19.80004119873047
973 0.010999999940395355 0.009444444440305233 1.1647058725357056 28.700075149536133
974 0.020500000566244125 0.009444444440305233 2.170588254928589 27.30006980895996
975 0.014000000432133675 0.009444444440305233 1.4823529720306396 27.60007095336914
976 0.0195000022649765 0.009999999776482582 1.950000286102295 20.3000431060791
977 0.018000001087784767 0.009444444440305233 1.905882477760315 12.900015830993652
978 0.013000000268220901 0.009999999776482582 1.3000000715255737 19.50004005432129
979 0.019999999552965164 0.010555555112659931 1.894736886024475 18.200035095214844
980 0.01850000023841858 0.009444444440305233 1.958823561668396 19.400039672851562
981 0.010500000789761543 0.009999999776482582 1.0500000715255737 26.7000675201416
982 0.010500000789761543 0.009444444440305233 1.1117647886276245 23.3000545501709
983 0.01250000111758709 0.010555555112659931 1.1842106580734253 13.800019264221191
984 0.014500000514090061 0.010555555112659931 1.373684287071228 20.800045013427734
985 0.013000000268220901 0.009444444440305233 1.3764705657958984 19.400039672851562
986 0.011500000953674316 0.009999999776482582 1.1500000953674316 21.800048828125
987 0.013500000350177288 0.009999999776482582 1.350000023841858 24.000057220458984
988 0.01600000075995922 0.009999999776482582 1.6000001430511475 14.200020790100098
989 0.01600000075995922 0.010555555112659931 1.5157896280288696 19.100038528442383
990 0.021000001579523087 0.009999999776482582 2.1000001430511475 18.30003547668457
991 0.011500000953674316 0.009999999776482582 1.1500000953674316 14.800023078918457
992 0.014500000514090061 0.009444444440305233 1.5352941751480103 20.000041961669922
993 0.01250000111758709 0.009444444440305233 1.3235294818878174 15.200024604797363
994 0.013000000268220901 0.010555555112659931 1.231579065322876 22.600051879882812
995 0.014500000514090061 0.009444444440305233 1.5352941751480103 17.000030517578125
996 0.0195000022649765 0.009999999776482582 1.950000286102295 18.100034713745117
997 0.011500000953674316 0.009444444440305233 1.2176471948623657 27.100069046020508
998 0.018000001087784767 0.009444444440305233 1.905882477760315 32.2000846862793
999 0.017000000923871994 0.009999999776482582 1.7000001668930054 19.300039291381836
1000 0.014500000514090061 0.010555555112659931 1.373684287071228 14.900023460388184
