1 0.017000000923871994 0.009444444440305233 1.8000000715255737 13.500018119812012
2 0.021500002592802048 0.010555555112659931 2.0368423461914062 16.400028228759766
3 0.013000000268220901 0.009444444440305233 1.3764705657958984 12.900015830993652
4 0.01900000125169754 0.010555555112659931 1.8000001907348633 14.800023078918457
5 0.019999999552965164 0.009444444440305233 2.1176469326019287 13.900019645690918
6 0.01600000075995922 0.009999999776482582 1.6000001430511475 14.200020790100098
7 0.015000000596046448 0.009444444440305233 1.5882353782653809 13.300017356872559
8 0.015000000596046448 0.009444444440305233 1.5882353782653809 10.800007820129395
9 0.02250000089406967 0.009999999776482582 2.250000238418579 15.60002613067627
10 0.013500001281499863 0.010555555112659931 1.2789475917816162 10.700007438659668
11 0.020000001415610313 0.009444444440305233 2.117647171020508 15.00002384185791
12 0.010000000707805157 0.009999999776482582 1.0000001192092896 15.400025367736816
13 0.015500000678002834 0.010555555112659931 1.468421220779419 7.999997138977051
14 0.011500000953674316 0.009444444440305233 1.2176471948623657 12.900015830993652
15 0.009000000543892384 0.009444444440305233 0.9529412388801575 16.800029754638672
16 0.016499999910593033 0.009999999776482582 1.649999976158142 7.399997711181641
17 0.009000000543892384 0.010555555112659931 0.852631688117981 10.000004768371582
18 0.01600000075995922 0.009444444440305233 1.694117784500122 17.70003318786621
19 0.013500000350177288 0.009444444440305233 1.429411768913269 6.7999982833862305
20 0.0195000022649765 0.009444444440305233 2.0647060871124268 14.900023460388184
21 0.014000000432133675 0.009999999776482582 1.4000000953674316 6.699998378753662
22 0.026000000536441803 0.009999999776482582 2.6000001430511475 9.400002479553223
23 0.010000000707805157 0.009444444440305233 1.058823585510254 13.500018119812012
24 0.017000000923871994 0.009444444440305233 1.8000000715255737 15.00002384185791
25 0.017500001937150955 0.010555555112659931 1.6578949689865112 10.800007820129395
26 0.015000000596046448 0.009444444440305233 1.5882353782653809 15.100024223327637
27 0.01600000075995922 0.009999999776482582 1.6000001430511475 12.600014686584473
28 0.017500001937150955 0.009999999776482582 1.750000238418579 17.600032806396484
29 0.018000001087784767 0.009999999776482582 1.8000001907348633 13.900019645690918
30 0.027000000700354576 0.010555555112659931 2.5578949451446533 14.200020790100098
31 0.02250000089406967 0.009444444440305233 2.3823530673980713 18.60003662109375
32 0.015500000678002834 0.009999999776482582 1.5500000715255737 12.800015449523926
33 0.013500001281499863 0.009444444440305233 1.4294118881225586 15.400025367736816
34 0.012000000104308128 0.009999999776482582 1.2000000476837158 15.00002384185791
35 0.013500000350177288 0.010555555112659931 1.2789474725723267 15.100024223327637
36 0.01850000023841858 0.009444444440305233 1.958823561668396 19.80004119873047
37 0.023000001907348633 0.009444444440305233 2.4352943897247314 9.900004386901855
38 0.014000000432133675 0.009444444440305233 1.4823529720306396 15.00002384185791
39 0.013000000268220901 0.009444444440305233 1.3764705657958984 11.700011253356934
40 0.015500000678002834 0.009999999776482582 1.5500000715255737 14.000020027160645
41 0.024000000208616257 0.010555555112659931 2.27368426322937 11.900012016296387
42 0.019999999552965164 0.009999999776482582 2.0 9.400002479553223
43 0.01900000125169754 0.010555555112659931 1.8000001907348633 17.300031661987305
44 0.01900000125169754 0.009999999776482582 1.9000002145767212 14.900023460388184
45 0.020500000566244125 0.010555555112659931 1.9421054124832153 14.800023078918457
46 0.020000001415610313 0.010555555112659931 1.8947370052337646 11.000008583068848
47 0.013500001281499863 0.009999999776482582 1.3500001430511475 14.500021934509277
48 0.019999999552965164 0.010555555112659931 1.894736886024475 15.100024223327637
49 0.00800000037997961 0.009999999776482582 0.8000000715255737 16.400028228759766
50 0.015000000596046448 0.009444444440305233 1.5882353782653809 15.800026893615723
51 0.012000000104308128 0.009444444440305233 1.2705882787704468 13.200016975402832
52 0.01850000023841858 0.009444444440305233 1.958823561668396 19.50004005432129
53 0.013000000268220901 0.009444444440305233 1.3764705657958984 19.100038528442383
54 0.017000000923871994 0.009444444440305233 1.8000000715255737 12.300013542175293
55 0.01600000075995922 0.009999999776482582 1.6000001430511475 16.400028228759766
56 0.013000000268220901 0.010555555112659931 1.231579065322876 13.500018119812012
57 0.019999999552965164 0.009999999776482582 2.0 19.000038146972656
58 0.01900000125169754 0.009444444440305233 2.0117647647857666 11.2000093460083
59 0.010999999940395355 0.009999999776482582 1.100000023841858 9.600003242492676
60 0.020500000566244125 0.010555555112659931 1.9421054124832153 11.2000093460083
61 0.0195000022649765 0.010555555112659931 1.8473687171936035 19.80004119873047
62 0.023500001057982445 0.009444444440305233 2.4882354736328125 12.500014305114746
63 0.020500000566244125 0.009444444440305233 2.170588254928589 3.000001907348633
64 0.014000000432133675 0.010555555112659931 1.3263158798217773 10.300005912780762
65 0.014000000432133675 0.009444444440305233 1.4823529720306396 15.500025749206543
66 0.015500000678002834 0.009444444440305233 1.6411765813827515 9.50000286102295
67 0.017000000923871994 0.010555555112659931 1.610526442527771 12.000012397766113
68 0.01850000023841858 0.009999999776482582 1.850000023841858 14.40002155303955
69 0.016499999910593033 0.009999999776482582 1.649999976158142 19.900041580200195
70 0.014000000432133675 0.009999999776482582 1.4000000953674316 13.900019645690918
71 0.016499999910593033 0.009444444440305233 1.7470588684082031 18.800037384033203
72 0.014000000432133675 0.009444444440305233 1.4823529720306396 18.800037384033203
73 0.01850000023841858 0.010555555112659931 1.752631664276123 13.100016593933105
74 0.013000000268220901 0.009999999776482582 1.3000000715255737 10.700007438659668
75 0.01850000023841858 0.010555555112659931 1.752631664276123 15.700026512145996
76 0.01250000111758709 0.009444444440305233 1.3235294818878174 17.600032806396484
77 0.01900000125169754 0.009999999776482582 1.9000002145767212 16.200027465820312
78 0.01850000023841858 0.010555555112659931 1.752631664276123 17.10003089904785
79 0.020000001415610313 0.009444444440305233 2.117647171020508 7.699997425079346
80 0.015500000678002834 0.009444444440305233 1.6411765813827515 15.700026512145996
81 0.015000000596046448 0.010555555112659931 1.4210526943206787 10.000004768371582
82 0.015500000678002834 0.009444444440305233 1.6411765813827515 12.200013160705566
83 0.013000000268220901 0.009444444440305233 1.3764705657958984 22.200050354003906
84 0.02250000089406967 0.009444444440305233 2.3823530673980713 13.800019264221191
85 0.010500000789761543 0.009444444440305233 1.1117647886276245 14.300021171569824
86 0.015000000596046448 0.009999999776482582 1.5000001192092896 16.800029754638672
87 0.00800000037997961 0.009444444440305233 0.847058892250061 10.500006675720215
88 0.01250000111758709 0.009444444440305233 1.3235294818878174 10.400006294250488
89 0.01600000075995922 0.010555555112659931 1.5157896280288696 16.400028228759766
90 0.013500001281499863 0.009999999776482582 1.3500001430511475 11.600010871887207
91 0.011500000953674316 0.009444444440305233 1.2176471948623657 16.00002670288086
92 0.012500000186264515 0.010555555112659931 1.1842105388641357 15.800026893615723
93 1.0 0.9988889098167419 1.0011123418807983 -94.89912414550781
94 0.017500001937150955 0.010555555112659931 1.6578949689865112 15.100024223327637
95 0.01250000111758709 0.009999999776482582 1.2500001192092896 14.40002155303955
96 0.013000000268220901 0.009999999776482582 1.3000000715255737 11.600010871887207
97 0.014000000432133675 0.010555555112659931 1.3263158798217773 10.600007057189941
98 0.019999999552965164 0.009999999776482582 2.0 6.499998569488525
99 0.015000000596046448 0.009999999776482582 1.5000001192092896 11.50001049041748
100 0.015500000678002834 0.010555555112659931 1.468421220779419 14.40002155303955
101 0.015500000678002834 0.009999999776482582 1.5500000715255737 12.10001277923584
102 0.021000001579523087 0.009999999776482582 2.1000001430511475 14.900023460388184
103 0.02500000223517418 0.010555555112659931 2.3684213161468506 19.100038528442383
104 0.014500000514090061 0.009444444440305233 1.5352941751480103 18.700037002563477
105 0.010500000789761543 0.010555555112659931 0.9947369694709778 9.700003623962402
106 0.015500000678002834 0.009999999776482582 1.5500000715255737 11.700011253356934
107 0.01600000075995922 0.010555555112659931 1.5157896280288696 16.100027084350586
108 0.021000001579523087 0.010555555112659931 1.9894739389419556 11.700011253356934
109 0.010500000789761543 0.010555555112659931 0.9947369694709778 7.699997425079346
110 0.013000000268220901 0.009444444440305233 1.3764705657958984 15.800026893615723
111 0.014000000432133675 0.009999999776482582 1.4000000953674316 12.500014305114746
112 0.02250000089406967 0.010555555112659931 2.1315791606903076 5.6999993324279785
113 0.008500000461935997 0.009444444440305233 0.9000000357627869 13.700018882751465
114 0.00950000062584877 0.009999999776482582 0.9500001072883606 10.200005531311035
115 0.01850000023841858 0.010555555112659931 1.752631664276123 7.899997234344482
116 0.01900000125169754 0.009444444440305233 2.0117647647857666 5.399999618530273
117 0.020500000566244125 0.010555555112659931 1.9421054124832153 12.800015449523926
118 0.017000000923871994 0.009444444440305233 1.8000000715255737 17.000030517578125
119 0.010500000789761543 0.009999999776482582 1.0500000715255737 6.699998378753662
120 0.015500001609325409 0.009444444440305233 1.641176700592041 10.600007057189941
121 0.02500000037252903 0.009444444440305233 2.6470589637756348 16.800029754638672
122 0.0195000022649765 0.010555555112659931 1.8473687171936035 10.700007438659668
123 0.010999999940395355 0.010555555112659931 1.0421053171157837 12.000012397766113
124 0.016499999910593033 0.009444444440305233 1.7470588684082031 14.100020408630371
125 0.02200000174343586 0.009999999776482582 2.200000286102295 9.900004386901855
126 0.02200000174343586 0.010555555112659931 2.0842108726501465 6.699998378753662
127 0.015000000596046448 0.009444444440305233 1.5882353782653809 13.700018882751465
128 0.013500001281499863 0.009444444440305233 1.4294118881225586 22.200050354003906
129 0.010500000789761543 0.009999999776482582 1.0500000715255737 17.600032806396484
130 0.015500000678002834 0.009999999776482582 1.5500000715255737 19.600040435791016
131 0.007500000298023224 0.009444444440305233 0.7941176891326904 14.40002155303955
132 0.01850000023841858 0.009444444440305233 1.958823561668396 14.200020790100098
133 0.012500000186264515 0.009999999776482582 1.25 19.100038528442383
134 0.01900000125169754 0.010555555112659931 1.8000001907348633 11.80001163482666
135 0.026500001549720764 0.010555555112659931 2.510526657104492 14.000020027160645
136 0.020500000566244125 0.009999999776482582 2.0500001907348633 15.500025749206543
137 0.014500001445412636 0.009444444440305233 1.5352942943572998 12.200013160705566
138 0.010000000707805157 0.010555555112659931 0.9473685026168823 11.700011253356934
139 0.018000001087784767 0.009444444440305233 1.905882477760315 16.700029373168945
140 0.015500000678002834 0.009999999776482582 1.5500000715255737 11.100008964538574
141 0.02199999988079071 0.010555555112659931 2.0842106342315674 13.500018119812012
142 0.00800000037997961 0.009444444440305233 0.847058892250061 17.500032424926758
143 0.01900000125169754 0.010555555112659931 1.8000001907348633 13.700018882751465
144 0.010500000789761543 0.009444444440305233 1.1117647886276245 13.400017738342285
145 0.019500000402331352 0.009444444440305233 2.0647058486938477 14.40002155303955
146 0.013000000268220901 0.009999999776482582 1.3000000715255737 13.600018501281738
147 0.02199999988079071 0.010555555112659931 2.0842106342315674 14.800023078918457
148 0.020500000566244125 0.009444444440305233 2.170588254928589 18.90003776550293
149 0.009000000543892384 0.009444444440305233 0.9529412388801575 13.600018501281738
150 0.012000000104308128 0.009999999776482582 1.2000000476837158 7.299997806549072
151 0.017500001937150955 0.009444444440305233 1.8529413938522339 12.200013160705566
152 0.017500001937150955 0.010555555112659931 1.6578949689865112 6.399998664855957
153 0.025499999523162842 0.009444444440305233 2.700000047683716 19.100038528442383
154 0.013000000268220901 0.010555555112659931 1.231579065322876 13.600018501281738
155 0.014000000432133675 0.009999999776482582 1.4000000953674316 13.400017738342285
156 0.013500000350177288 0.009444444440305233 1.429411768913269 20.800045013427734
157 0.014500000514090061 0.010555555112659931 1.373684287071228 15.200024604797363
158 0.01250000111758709 0.009444444440305233 1.3235294818878174 12.500014305114746
159 0.018000001087784767 0.010555555112659931 1.705263376235962 13.200016975402832
160 0.020000001415610313 0.009444444440305233 2.117647171020508 12.300013542175293
161 0.02250000089406967 0.009999999776482582 2.250000238418579 9.100001335144043
162 0.010999999940395355 0.009999999776482582 1.100000023841858 15.200024604797363
163 0.01850000023841858 0.010555555112659931 1.752631664276123 23.900056838989258
164 0.010999999940395355 0.009999999776482582 1.100000023841858 21.900049209594727
165 0.014000000432133675 0.009999999776482582 1.4000000953674316 11.400010108947754
166 0.016499999910593033 0.009999999776482582 1.649999976158142 14.70002269744873
167 0.01600000075995922 0.010555555112659931 1.5157896280288696 12.800015449523926
168 0.012000000104308128 0.010555555112659931 1.136842131614685 12.600014686584473
169 0.017500001937150955 0.009999999776482582 1.750000238418579 15.700026512145996
170 0.010999999940395355 0.010555555112659931 1.0421053171157837 15.400025367736816
171 0.013000000268220901 0.009999999776482582 1.3000000715255737 13.400017738342285
172 0.011500000953674316 0.010555555112659931 1.089473843574524 8.29999828338623
173 0.01900000125169754 0.009444444440305233 2.0117647647857666 10.200005531311035
174 0.014500001445412636 0.009444444440305233 1.5352942943572998 10.300005912780762
175 0.011500000953674316 0.009444444440305233 1.2176471948623657 16.400028228759766
176 0.017000000923871994 0.009444444440305233 1.8000000715255737 4.800000190734863
177 0.01850000023841858 0.010555555112659931 1.752631664276123 11.900012016296387
178 0.015000000596046448 0.009444444440305233 1.5882353782653809 10.700007438659668
179 0.014000000432133675 0.009444444440305233 1.4823529720306396 15.500025749206543
180 0.014000000432133675 0.009444444440305233 1.4823529720306396 13.500018119812012
181 0.015000000596046448 0.009444444440305233 1.5882353782653809 14.40002155303955
182 0.01850000023841858 0.009999999776482582 1.850000023841858 11.2000093460083
183 0.017000000923871994 0.010555555112659931 1.610526442527771 17.800033569335938
184 0.021000001579523087 0.010555555112659931 1.9894739389419556 19.000038146972656
185 0.015000000596046448 0.009444444440305233 1.5882353782653809 7.399997711181641
186 0.01850000023841858 0.009999999776482582 1.850000023841858 7.899997234344482
187 0.014500000514090061 0.009999999776482582 1.4500000476837158 12.40001392364502
188 0.010999999940395355 0.009444444440305233 1.1647058725357056 11.600010871887207
189 0.014000000432133675 0.009444444440305233 1.4823529720306396 15.200024604797363
190 0.014500000514090061 0.009999999776482582 1.4500000476837158 11.600010871887207
191 0.017500001937150955 0.009444444440305233 1.8529413938522339 8.099997520446777
192 0.01100000087171793 0.009999999776482582 1.1000001430511475 13.000016212463379
193 0.023000001907348633 0.009999999776482582 2.3000001907348633 13.300017356872559
194 0.021000001579523087 0.010555555112659931 1.9894739389419556 4.100000858306885
195 0.014000000432133675 0.009444444440305233 1.4823529720306396 12.200013160705566
196 0.012000000104308128 0.009999999776482582 1.2000000476837158 5.999999046325684
197 0.016499999910593033 0.010555555112659931 1.5631579160690308 14.900023460388184
198 0.017000000923871994 0.009999999776482582 1.7000001668930054 13.600018501281738
199 0.011500000953674316 0.009444444440305233 1.2176471948623657 15.90002727508545
200 0.01600000075995922 0.009999999776482582 1.6000001430511475 9.20000171661377
201 0.012000000104308128 0.009999999776482582 1.2000000476837158 17.200031280517578
202 0.01250000111758709 0.009999999776482582 1.2500001192092896 17.900033950805664
203 0.018000001087784767 0.009999999776482582 1.8000001907348633 12.500014305114746
204 0.012000000104308128 0.009444444440305233 1.2705882787704468 11.900012016296387
205 0.008500000461935997 0.009444444440305233 0.9000000357627869 12.500014305114746
206 0.01850000023841858 0.009444444440305233 1.958823561668396 14.100020408630371
207 0.013000000268220901 0.010555555112659931 1.231579065322876 9.700003623962402
208 0.014000000432133675 0.009999999776482582 1.4000000953674316 11.700011253356934
209 0.0195000022649765 0.009999999776482582 1.950000286102295 20.400043487548828
210 0.017500001937150955 0.009999999776482582 1.750000238418579 6.399998664855957
211 0.01850000023841858 0.009444444440305233 1.958823561668396 17.600032806396484
212 0.015000000596046448 0.009444444440305233 1.5882353782653809 8.099997520446777
213 0.014500000514090061 0.009444444440305233 1.5352941751480103 15.400025367736816
214 0.015000000596046448 0.009999999776482582 1.5000001192092896 11.600010871887207
215 0.017500001937150955 0.009999999776482582 1.750000238418579 6.599998474121094
216 0.010500000789761543 0.010555555112659931 0.9947369694709778 12.7000150680542
217 0.016499999910593033 0.009999999776482582 1.649999976158142 20.700044631958008
218 0.013500000350177288 0.009999999776482582 1.350000023841858 6.19999885559082
219 0.0195000022649765 0.009444444440305233 2.0647060871124268 19.000038146972656
220 0.01600000075995922 0.010555555112659931 1.5157896280288696 14.40002155303955
221 0.014500000514090061 0.010555555112659931 1.373684287071228 12.200013160705566
222 0.016499999910593033 0.009444444440305233 1.7470588684082031 10.500006675720215
223 0.012000000104308128 0.009444444440305233 1.2705882787704468 15.400025367736816
224 0.013000000268220901 0.010555555112659931 1.231579065322876 13.800019264221191
225 0.015000000596046448 0.009444444440305233 1.5882353782653809 8.29999828338623
226 0.021500002592802048 0.009444444440305233 2.276470899581909 13.500018119812012
227 0.014500000514090061 0.009999999776482582 1.4500000476837158 14.500021934509277
228 0.02200000174343586 0.009444444440305233 2.3294119834899902 11.700011253356934
229 0.01600000075995922 0.010555555112659931 1.5157896280288696 10.200005531311035
230 0.01850000023841858 0.009999999776482582 1.850000023841858 11.300009727478027
231 0.01600000075995922 0.010555555112659931 1.5157896280288696 15.30002498626709
232 0.021500002592802048 0.009444444440305233 2.276470899581909 13.100016593933105
233 0.01900000125169754 0.010555555112659931 1.8000001907348633 5.0
234 0.017000000923871994 0.009444444440305233 1.8000000715255737 10.600007057189941
235 0.024000000208616257 0.009999999776482582 2.4000000953674316 11.600010871887207
236 0.017000000923871994 0.009999999776482582 1.7000001668930054 8.199997901916504
237 0.0195000022649765 0.009444444440305233 2.0647060871124268 21.100046157836914
238 0.018000001087784767 0.009444444440305233 1.905882477760315 19.900041580200195
239 0.015000000596046448 0.009444444440305233 1.5882353782653809 17.200031280517578
240 0.018000001087784767 0.009444444440305233 1.905882477760315 14.600022315979004
241 0.015500000678002834 0.009444444440305233 1.6411765813827515 13.900019645690918
242 0.012000000104308128 0.010555555112659931 1.136842131614685 3.900001049041748
243 0.009000000543892384 0.009999999776482582 0.9000000953674316 14.500021934509277
244 0.021000001579523087 0.010555555112659931 1.9894739389419556 6.999998092651367
245 0.017500001937150955 0.009444444440305233 1.8529413938522339 8.499999046325684
246 0.015500000678002834 0.009444444440305233 1.6411765813827515 10.000004768371582
247 0.010500000789761543 0.009444444440305233 1.1117647886276245 17.500032424926758
248 1.0 0.8838889002799988 1.131363868713379 -94.89912414550781
249 0.01250000111758709 0.009999999776482582 1.2500001192092896 18.00003433227539
250 0.014500000514090061 0.009999999776482582 1.4500000476837158 15.00002384185791
251 0.009999999776482582 0.009444444440305233 1.0588234663009644 13.300017356872559
252 0.010999999940395355 0.009444444440305233 1.1647058725357056 9.50000286102295
253 0.017500001937150955 0.009999999776482582 1.750000238418579 10.600007057189941
254 0.010500000789761543 0.009444444440305233 1.1117647886276245 11.700011253356934
255 0.017000000923871994 0.009999999776482582 1.7000001668930054 14.500021934509277
256 0.02200000174343586 0.010555555112659931 2.0842108726501465 11.000008583068848
257 0.010000000707805157 0.009444444440305233 1.058823585510254 11.300009727478027
258 0.017500001937150955 0.009999999776482582 1.750000238418579 8.800000190734863
259 0.013000000268220901 0.010555555112659931 1.231579065322876 20.800045013427734
260 0.021000001579523087 0.009999999776482582 2.1000001430511475 5.899999141693115
261 0.015500000678002834 0.010555555112659931 1.468421220779419 13.000016212463379
262 0.021000001579523087 0.009999999776482582 2.1000001430511475 15.00002384185791
263 0.017000000923871994 0.009999999776482582 1.7000001668930054 17.600032806396484
264 0.015500000678002834 0.009999999776482582 1.5500000715255737 14.600022315979004
265 0.026000000536441803 0.010555555112659931 2.463158130645752 6.099998950958252
266 0.015000000596046448 0.009444444440305233 1.5882353782653809 15.800026893615723
267 0.02200000174343586 0.009444444440305233 2.3294119834899902 9.800004005432129
268 0.01900000125169754 0.009444444440305233 2.0117647647857666 16.400028228759766
269 0.012000000104308128 0.009444444440305233 1.2705882787704468 10.500006675720215
270 0.017500001937150955 0.009444444440305233 1.8529413938522339 11.700011253356934
271 0.0195000022649765 0.010555555112659931 1.8473687171936035 14.500021934509277
272 0.015500000678002834 0.010555555112659931 1.468421220779419 15.500025749206543
273 0.017000000923871994 0.009999999776482582 1.7000001668930054 14.70002269744873
274 0.012000000104308128 0.009444444440305233 1.2705882787704468 6.699998378753662
275 0.011500000953674316 0.009999999776482582 1.1500000953674316 9.700003623962402
276 0.021000001579523087 0.010555555112659931 1.9894739389419556 15.200024604797363
277 0.015000000596046448 0.009444444440305233 1.5882353782653809 15.700026512145996
278 0.0195000022649765 0.009999999776482582 1.950000286102295 16.100027084350586
279 0.021000001579523087 0.010555555112659931 1.9894739389419556 15.500025749206543
280 0.01900000125169754 0.009444444440305233 2.0117647647857666 14.100020408630371
281 0.015500000678002834 0.010555555112659931 1.468421220779419 15.500025749206543
282 0.011500000953674316 0.009444444440305233 1.2176471948623657 8.699999809265137
283 0.014500000514090061 0.009444444440305233 1.5352941751480103 7.699997425079346
284 0.014000000432133675 0.010555555112659931 1.3263158798217773 18.800037384033203
285 0.016499999910593033 0.009999999776482582 1.649999976158142 11.100008964538574
286 0.013000000268220901 0.009444444440305233 1.3764705657958984 18.200035095214844
287 0.014500000514090061 0.010555555112659931 1.373684287071228 8.399998664855957
288 0.012000000104308128 0.010555555112659931 1.136842131614685 19.80004119873047
289 0.017500001937150955 0.009999999776482582 1.750000238418579 13.400017738342285
290 0.014000000432133675 0.009999999776482582 1.4000000953674316 11.80001163482666
291 0.017500001937150955 0.009999999776482582 1.750000238418579 8.699999809265137
292 0.013000000268220901 0.010555555112659931 1.231579065322876 11.900012016296387
293 0.004999999888241291 0.009999999776482582 0.5 8.399998664855957
294 0.018000001087784767 0.009444444440305233 1.905882477760315 21.600048065185547
295 0.013000000268220901 0.009999999776482582 1.3000000715255737 11.300009727478027
296 0.01600000075995922 0.009444444440305233 1.694117784500122 19.000038146972656
297 0.012000000104308128 0.009999999776482582 1.2000000476837158 18.200035095214844
298 0.01850000023841858 0.009999999776482582 1.850000023841858 12.200013160705566
299 0.01250000111758709 0.009999999776482582 1.2500001192092896 14.000020027160645
300 0.015500000678002834 0.010555555112659931 1.468421220779419 13.400017738342285
301 0.015000000596046448 0.009999999776482582 1.5000001192092896 10.500006675720215
302 0.015000000596046448 0.009999999776482582 1.5000001192092896 12.600014686584473
303 0.013500000350177288 0.009999999776482582 1.350000023841858 15.800026893615723
304 0.02800000086426735 0.009444444440305233 2.9647059440612793 12.600014686584473
305 0.015500000678002834 0.009444444440305233 1.6411765813827515 16.00002670288086
306 0.01900000125169754 0.009999999776482582 1.9000002145767212 12.800015449523926
307 0.021000001579523087 0.009444444440305233 2.223529577255249 17.000030517578125
308 0.014500000514090061 0.009999999776482582 1.4500000476837158 12.7000150680542
309 0.02250000089406967 0.009999999776482582 2.250000238418579 15.700026512145996
310 0.017000000923871994 0.009444444440305233 1.8000000715255737 13.800019264221191
311 0.019999999552965164 0.009999999776482582 2.0 14.600022315979004
312 0.012500000186264515 0.010555555112659931 1.1842105388641357 16.30002784729004
313 0.017000000923871994 0.009999999776482582 1.7000001668930054 15.800026893615723
314 0.014000000432133675 0.009999999776482582 1.4000000953674316 12.40001392364502
315 0.018000001087784767 0.009999999776482582 1.8000001907348633 17.40003204345703
316 0.01900000125169754 0.010555555112659931 1.8000001907348633 10.700007438659668
317 0.017000000923871994 0.010555555112659931 1.610526442527771 9.600003242492676
318 0.008500000461935997 0.010555555112659931 0.8052632212638855 17.500032424926758
319 0.023000001907348633 0.009999999776482582 2.3000001907348633 12.300013542175293
320 0.014500001445412636 0.010555555112659931 1.3736844062805176 13.400017738342285
321 0.010500000789761543 0.009444444440305233 1.1117647886276245 4.100000858306885
322 0.9975000619888306 0.6466666460037231 1.5425258874893188 -94.89912414550781
323 0.015500001609325409 0.009999999776482582 1.5500001907348633 11.300009727478027
324 0.011500000953674316 0.010555555112659931 1.089473843574524 17.70003318786621
325 0.015500000678002834 0.009444444440305233 1.6411765813827515 5.899999141693115
326 0.024500001221895218 0.009999999776482582 2.450000286102295 10.500006675720215
327 0.01850000023841858 0.009444444440305233 1.958823561668396 6.7999982833862305
328 0.010000000707805157 0.010555555112659931 0.9473685026168823 16.800029754638672
329 0.014000000432133675 0.009444444440305233 1.4823529720306396 12.40001392364502
330 0.016500001773238182 0.009444444440305233 1.7470589876174927 16.200027465820312
331 0.0195000022649765 0.009444444440305233 2.0647060871124268 15.800026893615723
332 0.010000000707805157 0.010555555112659931 0.9473685026168823 13.600018501281738
333 0.02250000089406967 0.009999999776482582 2.250000238418579 16.200027465820312
334 0.020500000566244125 0.010555555112659931 1.9421054124832153 9.50000286102295
335 0.020000001415610313 0.009444444440305233 2.117647171020508 17.200031280517578
336 0.017000000923871994 0.009444444440305233 1.8000000715255737 14.000020027160645
337 0.013000000268220901 0.010555555112659931 1.231579065322876 7.999997615814209
338 0.012000000104308128 0.009444444440305233 1.2705882787704468 7.499997615814209
339 0.01850000023841858 0.009999999776482582 1.850000023841858 13.400017738342285
340 0.014500001445412636 0.009444444440305233 1.5352942943572998 5.299999713897705
341 0.999500036239624 0.6872222423553467 1.4544057846069336 -94.89912414550781
342 0.017500001937150955 0.009444444440305233 1.8529413938522339 6.899998188018799
343 0.01900000125169754 0.009999999776482582 1.9000002145767212 15.800026893615723
344 0.01250000111758709 0.009999999776482582 1.2500001192092896 16.60002899169922
345 0.021000001579523087 0.009444444440305233 2.223529577255249 11.50001049041748
346 0.01600000075995922 0.009999999776482582 1.6000001430511475 16.100027084350586
347 0.013000000268220901 0.009999999776482582 1.3000000715255737 9.800004005432129
348 0.020000001415610313 0.009444444440305233 2.117647171020508 18.100034713745117
349 0.017000000923871994 0.009999999776482582 1.7000001668930054 13.000016212463379
350 0.023000001907348633 0.009999999776482582 2.3000001907348633 12.40001392364502
351 0.020500000566244125 0.010555555112659931 1.9421054124832153 14.40002155303955
352 0.012500000186264515 0.009999999776482582 1.25 18.100034713745117
353 0.011500000953674316 0.009444444440305233 1.2176471948623657 12.000012397766113
354 0.011500000953674316 0.009444444440305233 1.2176471948623657 16.800029754638672
355 0.015500000678002834 0.009444444440305233 1.6411765813827515 10.500006675720215
356 0.020000001415610313 0.009444444440305233 2.117647171020508 12.10001277923584
357 0.014000000432133675 0.009444444440305233 1.4823529720306396 20.400043487548828
358 0.029000001028180122 0.010555555112659931 2.747368574142456 9.100001335144043
359 0.023000001907348633 0.010555555112659931 2.178947687149048 12.200013160705566
360 1.0 0.9950000047683716 1.0050251483917236 -94.89912414550781
361 0.017000000923871994 0.009999999776482582 1.7000001668930054 21.600048065185547
362 0.014500001445412636 0.009999999776482582 1.4500001668930054 15.700026512145996
363 0.012500000186264515 0.009999999776482582 1.25 13.400017738342285
364 0.013000000268220901 0.009999999776482582 1.3000000715255737 7.799997329711914
365 0.017000000923871994 0.009444444440305233 1.8000000715255737 21.50004768371582
366 0.01250000111758709 0.010555555112659931 1.1842106580734253 11.600010871887207
367 0.015000000596046448 0.010555555112659931 1.4210526943206787 11.2000093460083
368 0.013500001281499863 0.009444444440305233 1.4294118881225586 12.7000150680542
369 0.020500000566244125 0.009444444440305233 2.170588254928589 8.399998664855957
370 0.01900000125169754 0.009999999776482582 1.9000002145767212 12.10001277923584
371 0.017000000923871994 0.009444444440305233 1.8000000715255737 13.200016975402832
372 0.014500001445412636 0.009444444440305233 1.5352942943572998 18.00003433227539
373 0.00950000062584877 0.009444444440305233 1.0058823823928833 8.59999942779541
374 0.018000001087784767 0.009444444440305233 1.905882477760315 15.100024223327637
375 0.01600000075995922 0.009999999776482582 1.6000001430511475 14.200020790100098
376 0.016500001773238182 0.009999999776482582 1.6500002145767212 23.900056838989258
377 0.0195000022649765 0.009444444440305233 2.0647060871124268 14.600022315979004
378 0.010500000789761543 0.009444444440305233 1.1117647886276245 13.900019645690918
379 0.013000000268220901 0.009444444440305233 1.3764705657958984 15.100024223327637
380 0.01600000075995922 0.009444444440305233 1.694117784500122 15.200024604797363
381 0.007500000298023224 0.009444444440305233 0.7941176891326904 12.200013160705566
382 0.01900000125169754 0.009999999776482582 1.9000002145767212 3.100001811981201
383 0.010999999940395355 0.010555555112659931 1.0421053171157837 16.500028610229492
384 0.010500000789761543 0.009999999776482582 1.0500000715255737 11.80001163482666
385 0.01600000075995922 0.010555555112659931 1.5157896280288696 18.90003776550293
386 0.020000001415610313 0.009999999776482582 2.000000238418579 13.300017356872559
387 0.016499999910593033 0.010555555112659931 1.5631579160690308 12.900015830993652
388 0.016499999910593033 0.009999999776482582 1.649999976158142 15.200024604797363
389 0.015500000678002834 0.009444444440305233 1.6411765813827515 11.80001163482666
390 0.02850000187754631 0.009999999776482582 2.8500001430511475 2.1000027656555176
391 0.014000000432133675 0.009999999776482582 1.4000000953674316 18.100034713745117
392 0.010500000789761543 0.009444444440305233 1.1117647886276245 11.000008583068848
393 0.01600000075995922 0.009444444440305233 1.694117784500122 14.800023078918457
394 0.014500000514090061 0.009999999776482582 1.4500000476837158 15.00002384185791
395 0.01600000075995922 0.009444444440305233 1.694117784500122 3.600001335144043
396 0.010000000707805157 0.009999999776482582 1.0000001192092896 13.700018882751465
397 0.015500000678002834 0.009999999776482582 1.5500000715255737 20.60004425048828
398 0.018000001087784767 0.009999999776482582 1.8000001907348633 12.900015830993652
399 0.01600000075995922 0.010555555112659931 1.5157896280288696 14.000020027160645
400 0.010999999940395355 0.009444444440305233 1.1647058725357056 14.200020790100098
401 0.023000001907348633 0.010555555112659931 2.178947687149048 13.400017738342285
402 0.016499999910593033 0.009999999776482582 1.649999976158142 11.000008583068848
403 0.009999999776482582 0.009999999776482582 1.0 15.90002727508545
404 0.012000000104308128 0.009444444440305233 1.2705882787704468 7.599997520446777
405 0.023500001057982445 0.010555555112659931 2.226315975189209 11.900012016296387
406 0.018000001087784767 0.010555555112659931 1.705263376235962 20.3000431060791
407 0.012000000104308128 0.010555555112659931 1.136842131614685 14.900023460388184
408 0.014500000514090061 0.009999999776482582 1.4500000476837158 15.00002384185791
409 0.016499999910593033 0.009999999776482582 1.649999976158142 14.200020790100098
410 0.014500000514090061 0.009444444440305233 1.5352941751480103 14.000020027160645
411 0.017500001937150955 0.009999999776482582 1.750000238418579 19.20003890991211
412 0.014000000432133675 0.009444444440305233 1.4823529720306396 8.399998664855957
413 0.02250000089406967 0.009999999776482582 2.250000238418579 6.599998474121094
414 0.014500000514090061 0.009444444440305233 1.5352941751480103 17.800033569335938
415 0.010999999940395355 0.009444444440305233 1.1647058725357056 8.399998664855957
416 0.008500000461935997 0.009999999776482582 0.8500000834465027 9.000000953674316
417 0.010999999940395355 0.009999999776482582 1.100000023841858 14.600022315979004
418 0.019999999552965164 0.010555555112659931 1.894736886024475 3.5000014305114746
419 0.018000001087784767 0.009444444440305233 1.905882477760315 16.60002899169922
420 0.016499999910593033 0.009444444440305233 1.7470588684082031 13.700018882751465
421 0.013500001281499863 0.009444444440305233 1.4294118881225586 8.699999809265137
422 0.00800000037997961 0.009999999776482582 0.8000000715255737 11.700011253356934
423 0.00800000037997961 0.009999999776482582 0.8000000715255737 6.599998474121094
424 0.0215000007301569 0.009444444440305233 2.27647066116333 19.20003890991211
425 0.011500000953674316 0.009999999776482582 1.1500000953674316 12.200013160705566
426 0.010500000789761543 0.009444444440305233 1.1117647886276245 11.2000093460083
427 0.017500001937150955 0.010555555112659931 1.6578949689865112 7.999997138977051
428 0.015000000596046448 0.010555555112659931 1.4210526943206787 14.000020027160645
429 0.0195000022649765 0.009999999776482582 1.950000286102295 16.800029754638672
430 0.020000001415610313 0.009444444440305233 2.117647171020508 14.800023078918457
431 0.015000000596046448 0.009999999776482582 1.5000001192092896 13.500018119812012
432 0.020500000566244125 0.009444444440305233 2.170588254928589 9.900004386901855
433 0.01900000125169754 0.009999999776482582 1.9000002145767212 11.400010108947754
434 0.01850000023841858 0.010555555112659931 1.752631664276123 17.200031280517578
435 0.015500000678002834 0.009444444440305233 1.6411765813827515 9.800004005432129
436 0.012000000104308128 0.009999999776482582 1.2000000476837158 8.90000057220459
437 0.012000000104308128 0.009444444440305233 1.2705882787704468 11.700011253356934
438 0.010999999940395355 0.009444444440305233 1.1647058725357056 19.300039291381836
439 0.016499999910593033 0.009444444440305233 1.7470588684082031 11.600010871887207
440 0.013500001281499863 0.009444444440305233 1.4294118881225586 10.400006294250488
441 0.012000000104308128 0.009444444440305233 1.2705882787704468 16.30002784729004
442 0.00950000062584877 0.009444444440305233 1.0058823823928833 13.800019264221191
443 0.014000000432133675 0.009444444440305233 1.4823529720306396 18.200035095214844
444 0.015500000678002834 0.010555555112659931 1.468421220779419 8.199997901916504
445 0.009000000543892384 0.009999999776482582 0.9000000953674316 10.300005912780762
446 1.0 0.9599999785423279 1.0416667461395264 -94.89912414550781
447 0.01850000023841858 0.009444444440305233 1.958823561668396 11.700011253356934
448 0.0215000007301569 0.010555555112659931 2.0368423461914062 13.700018882751465
449 0.07850000262260437 0.04277777671813965 1.8350650072097778 0.10000251978635788
450 0.017500000074505806 0.010555555112659931 1.6578948497772217 1.0000026226043701
451 0.015500000678002834 0.009444444440305233 1.6411765813827515 7.699997425079346
452 0.00800000037997961 0.009444444440305233 0.847058892250061 16.30002784729004
453 0.021000001579523087 0.009999999776482582 2.1000001430511475 14.100020408630371
454 0.010000000707805157 0.009444444440305233 1.058823585510254 14.70002269744873
455 0.017000000923871994 0.010555555112659931 1.610526442527771 12.7000150680542
456 0.010999999940395355 0.009999999776482582 1.100000023841858 13.100016593933105
457 0.023500001057982445 0.009999999776482582 2.3500001430511475 10.400006294250488
458 0.024000000208616257 0.010555555112659931 2.27368426322937 4.3000006675720215
459 0.014500000514090061 0.009444444440305233 1.5352941751480103 16.500028610229492
460 0.016499999910593033 0.010555555112659931 1.5631579160690308 12.40001392364502
461 0.019500000402331352 0.009444444440305233 2.0647058486938477 14.000020027160645
462 0.01100000087171793 0.009999999776482582 1.1000001430511475 16.400028228759766
463 0.008500000461935997 0.009444444440305233 0.9000000357627869 6.7999982833862305
464 0.009000000543892384 0.009999999776482582 0.9000000953674316 18.500036239624023
465 0.013000000268220901 0.009999999776482582 1.3000000715255737 11.300009727478027
466 0.016499999910593033 0.009999999776482582 1.649999976158142 13.300017356872559
467 0.012500000186264515 0.009999999776482582 1.25 12.500014305114746
468 0.014000000432133675 0.009999999776482582 1.4000000953674316 14.70002269744873
469 0.023000001907348633 0.009999999776482582 2.3000001907348633 5.999999046325684
470 0.016499999910593033 0.009444444440305233 1.7470588684082031 13.700018882751465
471 0.010500000789761543 0.010555555112659931 0.9947369694709778 12.300013542175293
472 0.01900000125169754 0.009444444440305233 2.0117647647857666 4.000000953674316
473 0.008500000461935997 0.009999999776482582 0.8500000834465027 15.60002613067627
474 0.00950000062584877 0.010555555112659931 0.9000000953674316 11.400010108947754
475 0.017500001937150955 0.009444444440305233 1.8529413938522339 14.200020790100098
476 0.017500001937150955 0.009999999776482582 1.750000238418579 19.20003890991211
477 0.013500000350177288 0.009999999776482582 1.350000023841858 15.30002498626709
478 0.024500001221895218 0.010555555112659931 2.3210527896881104 17.70003318786621
479 0.01850000023841858 0.009444444440305233 1.958823561668396 12.600014686584473
480 0.01900000125169754 0.009999999776482582 1.9000002145767212 6.499998569488525
481 0.014500000514090061 0.009999999776482582 1.4500000476837158 12.500014305114746
482 0.014500000514090061 0.009444444440305233 1.5352941751480103 10.900008201599121
483 0.016499999910593033 0.009999999776482582 1.649999976158142 16.60002899169922
484 0.018000001087784767 0.010555555112659931 1.705263376235962 14.600022315979004
485 0.004500000271946192 0.009444444440305233 0.47647061944007874 16.200027465820312
486 0.026000000536441803 0.010555555112659931 2.463158130645752 12.10001277923584
487 0.019500000402331352 0.009999999776482582 1.9500000476837158 14.800023078918457
488 0.014500001445412636 0.009444444440305233 1.5352942943572998 10.500006675720215
489 0.010500000789761543 0.009999999776482582 1.0500000715255737 9.50000286102295
490 0.019500000402331352 0.009999999776482582 1.9500000476837158 13.100016593933105
491 0.013000000268220901 0.009444444440305233 1.3764705657958984 7.199997901916504
492 0.009000000543892384 0.009444444440305233 0.9529412388801575 13.700018882751465
493 0.014500000514090061 0.009444444440305233 1.5352941751480103 8.59999942779541
494 0.014500001445412636 0.009444444440305233 1.5352942943572998 22.70005226135254
495 0.018000001087784767 0.009444444440305233 1.905882477760315 17.000030517578125
496 0.01900000125169754 0.010555555112659931 1.8000001907348633 5.0
497 0.015000000596046448 0.009444444440305233 1.5882353782653809 10.500006675720215
498 0.01850000023841858 0.009444444440305233 1.958823561668396 8.199997901916504
499 0.01600000075995922 0.009444444440305233 1.694117784500122 10.800007820129395
500 0.017000000923871994 0.009444444440305233 1.8000000715255737 8.199997901916504
501 0.02199999988079071 0.009444444440305233 2.329411745071411 23.00005340576172
502 0.015500000678002834 0.009444444440305233 1.6411765813827515 14.800023078918457
503 0.014000000432133675 0.009999999776482582 1.4000000953674316 12.300013542175293
504 0.014500000514090061 0.009444444440305233 1.5352941751480103 23.700056076049805
505 0.009999999776482582 0.009444444440305233 1.0588234663009644 12.000012397766113
506 0.01250000111758709 0.009999999776482582 1.2500001192092896 17.40003204345703
507 0.011500000953674316 0.009444444440305233 1.2176471948623657 11.80001163482666
508 0.018000001087784767 0.009999999776482582 1.8000001907348633 10.300005912780762
509 0.016499999910593033 0.010555555112659931 1.5631579160690308 4.40000057220459
510 0.018000001087784767 0.010555555112659931 1.705263376235962 12.000012397766113
511 0.013000000268220901 0.009999999776482582 1.3000000715255737 10.800007820129395
512 0.018000001087784767 0.009999999776482582 1.8000001907348633 5.199999809265137
513 0.013000000268220901 0.009444444440305233 1.3764705657958984 17.40003204345703
514 0.015000000596046448 0.010555555112659931 1.4210526943206787 21.20004653930664
515 0.014000000432133675 0.009999999776482582 1.4000000953674316 16.700029373168945
516 0.014500001445412636 0.009999999776482582 1.4500001668930054 10.000004768371582
517 0.010500000789761543 0.009444444440305233 1.1117647886276245 12.900015830993652
518 0.024500001221895218 0.009444444440305233 2.5941178798675537 15.400025367736816
519 0.021000001579523087 0.009999999776482582 2.1000001430511475 18.100034713745117
520 0.015000000596046448 0.010555555112659931 1.4210526943206787 9.600003242492676
521 0.018000001087784767 0.009999999776482582 1.8000001907348633 12.40001392364502
522 0.007500000298023224 0.009999999776482582 0.7500000596046448 5.299999713897705
523 0.01600000075995922 0.009999999776482582 1.6000001430511475 15.400025367736816
524 0.01850000023841858 0.009999999776482582 1.850000023841858 12.200013160705566
525 0.013500001281499863 0.010555555112659931 1.2789475917816162 11.100008964538574
526 0.015000000596046448 0.009999999776482582 1.5000001192092896 15.700026512145996
527 0.01600000075995922 0.010555555112659931 1.5157896280288696 15.500025749206543
528 0.017500001937150955 0.009999999776482582 1.750000238418579 15.60002613067627
529 0.017500001937150955 0.009999999776482582 1.750000238418579 11.80001163482666
530 0.01250000111758709 0.010555555112659931 1.1842106580734253 16.700029373168945
531 0.020000001415610313 0.010555555112659931 1.8947370052337646 4.600000381469727
532 0.010500000789761543 0.010555555112659931 0.9947369694709778 11.900012016296387
533 0.012500000186264515 0.009999999776482582 1.25 13.700018882751465
534 0.014500000514090061 0.009999999776482582 1.4500000476837158 18.00003433227539
535 0.013500000350177288 0.010555555112659931 1.2789474725723267 15.500025749206543
536 0.011500000953674316 0.009444444440305233 1.2176471948623657 16.30002784729004
537 0.01600000075995922 0.009999999776482582 1.6000001430511475 15.200024604797363
538 0.010000000707805157 0.010555555112659931 0.9473685026168823 13.600018501281738
539 0.02250000089406967 0.010555555112659931 2.1315791606903076 10.900008201599121
540 0.01900000125169754 0.009999999776482582 1.9000002145767212 18.800037384033203
541 0.01900000125169754 0.009444444440305233 2.0117647647857666 13.000016212463379
542 0.020000001415610313 0.010555555112659931 1.8947370052337646 19.100038528442383
543 0.01900000125169754 0.010555555112659931 1.8000001907348633 3.8000011444091797
544 0.011500000953674316 0.009999999776482582 1.1500000953674316 6.19999885559082
545 0.017000000923871994 0.009444444440305233 1.8000000715255737 16.00002670288086
546 0.014500001445412636 0.009999999776482582 1.4500001668930054 10.500006675720215
547 0.013500001281499863 0.010555555112659931 1.2789475917816162 16.9000301361084
548 0.010999999940395355 0.010555555112659931 1.0421053171157837 9.50000286102295
549 0.013500001281499863 0.010555555112659931 1.2789475917816162 13.300017356872559
550 0.013000000268220901 0.009999999776482582 1.3000000715255737 17.000030517578125
551 0.011500000953674316 0.009444444440305233 1.2176471948623657 6.499998569488525
552 0.014500001445412636 0.009999999776482582 1.4500001668930054 1.4000027179718018
553 0.013500000350177288 0.010555555112659931 1.2789474725723267 11.300009727478027
554 0.01600000075995922 0.009444444440305233 1.694117784500122 8.099997520446777
555 0.012500000186264515 0.009444444440305233 1.3235294818878174 11.80001163482666
556 0.012000000104308128 0.009444444440305233 1.2705882787704468 12.7000150680542
557 0.018000001087784767 0.010555555112659931 1.705263376235962 18.90003776550293
558 0.0195000022649765 0.009444444440305233 2.0647060871124268 10.600007057189941
559 0.014000000432133675 0.009444444440305233 1.4823529720306396 9.400002479553223
560 0.015500000678002834 0.010555555112659931 1.468421220779419 13.400017738342285
561 0.015000000596046448 0.009999999776482582 1.5000001192092896 7.599997520446777
562 0.012500000186264515 0.009444444440305233 1.3235294818878174 11.000008583068848
563 0.015000000596046448 0.009999999776482582 1.5000001192092896 8.199997901916504
564 0.012000000104308128 0.009444444440305233 1.2705882787704468 11.700011253356934
565 0.018000001087784767 0.010555555112659931 1.705263376235962 11.100008964538574
566 0.013500001281499863 0.010555555112659931 1.2789475917816162 13.500018119812012
567 0.012000000104308128 0.010555555112659931 1.136842131614685 10.100005149841309
568 0.013500001281499863 0.010555555112659931 1.2789475917816162 7.399997711181641
569 0.015500001609325409 0.009999999776482582 1.5500001907348633 16.200027465820312
570 0.01850000023841858 0.009444444440305233 1.958823561668396 12.300013542175293
571 0.017500001937150955 0.009444444440305233 1.8529413938522339 13.900019645690918
572 0.016499999910593033 0.009444444440305233 1.7470588684082031 9.700003623962402
573 0.014500000514090061 0.010555555112659931 1.373684287071228 14.000020027160645
574 0.00950000062584877 0.010555555112659931 0.9000000953674316 18.200035095214844
575 0.020000001415610313 0.009999999776482582 2.000000238418579 17.600032806396484
576 0.013500000350177288 0.010555555112659931 1.2789474725723267 7.0999979972839355
577 0.01250000111758709 0.009444444440305233 1.3235294818878174 20.400043487548828
578 0.016499999910593033 0.009999999776482582 1.649999976158142 16.800029754638672
579 0.009000000543892384 0.009444444440305233 0.9529412388801575 8.90000057220459
580 0.014000000432133675 0.010555555112659931 1.3263158798217773 12.40001392364502
581 0.014500000514090061 0.010555555112659931 1.373684287071228 12.600014686584473
582 0.01850000023841858 0.009444444440305233 1.958823561668396 11.300009727478027
583 1.0 0.9049999713897705 1.1049723625183105 -94.89912414550781
584 0.016499999910593033 0.009444444440305233 1.7470588684082031 3.000001907348633
585 0.015500000678002834 0.009999999776482582 1.5500000715255737 15.400025367736816
586 0.015500000678002834 0.009999999776482582 1.5500000715255737 16.400028228759766
587 0.015500000678002834 0.009999999776482582 1.5500000715255737 11.400010108947754
588 0.015000000596046448 0.010555555112659931 1.4210526943206787 15.30002498626709
589 0.012500000186264515 0.010555555112659931 1.1842105388641357 15.500025749206543
590 0.014500000514090061 0.009444444440305233 1.5352941751480103 13.700018882751465
591 0.012000000104308128 0.009999999776482582 1.2000000476837158 19.400039672851562
592 0.017000000923871994 0.009999999776482582 1.7000001668930054 7.199997901916504
593 0.012500000186264515 0.009999999776482582 1.25 16.700029373168945
594 0.01850000023841858 0.009999999776482582 1.850000023841858 5.099999904632568
595 0.01850000023841858 0.009444444440305233 1.958823561668396 13.400017738342285
596 0.018000001087784767 0.010555555112659931 1.705263376235962 12.600014686584473
597 0.014000000432133675 0.009999999776482582 1.4000000953674316 16.00002670288086
598 0.00950000062584877 0.010555555112659931 0.9000000953674316 14.500021934509277
599 0.016499999910593033 0.010555555112659931 1.5631579160690308 10.400006294250488
600 0.01850000023841858 0.010555555112659931 1.752631664276123 12.000012397766113
601 0.013500000350177288 0.010555555112659931 1.2789474725723267 13.500018119812012
602 0.015000000596046448 0.010555555112659931 1.4210526943206787 13.400017738342285
603 0.010000000707805157 0.009444444440305233 1.058823585510254 17.500032424926758
604 0.009999999776482582 0.009999999776482582 1.0 12.200013160705566
605 0.023000001907348633 0.009444444440305233 2.4352943897247314 22.600051879882812
606 0.020500000566244125 0.009444444440305233 2.170588254928589 7.799997329711914
607 0.012500000186264515 0.009999999776482582 1.25 9.700003623962402
608 0.010999999940395355 0.009999999776482582 1.100000023841858 15.30002498626709
609 0.01900000125169754 0.009999999776482582 1.9000002145767212 13.800019264221191
610 0.013500000350177288 0.009999999776482582 1.350000023841858 15.00002384185791
611 0.017500000074505806 0.009999999776482582 1.75 5.499999523162842
612 0.01600000075995922 0.009999999776482582 1.6000001430511475 13.800019264221191
613 0.013500001281499863 0.009444444440305233 1.4294118881225586 21.600048065185547
614 0.020500000566244125 0.010555555112659931 1.9421054124832153 9.400002479553223
615 0.007000000216066837 0.009444444440305233 0.7411764860153198 11.700011253356934
616 0.017500001937150955 0.009999999776482582 1.750000238418579 10.200005531311035
617 0.014000000432133675 0.010555555112659931 1.3263158798217773 10.900008201599121
618 0.013500000350177288 0.010555555112659931 1.2789474725723267 11.000008583068848
619 0.013000000268220901 0.010555555112659931 1.231579065322876 13.000016212463379
620 0.017000000923871994 0.009999999776482582 1.7000001668930054 7.899997234344482
621 0.023000000044703484 0.010555555112659931 2.1789474487304688 13.100016593933105
622 0.02200000174343586 0.009999999776482582 2.200000286102295 14.000020027160645
623 0.013000000268220901 0.010555555112659931 1.231579065322876 16.700029373168945
624 0.017000000923871994 0.009999999776482582 1.7000001668930054 15.60002613067627
625 0.014500000514090061 0.009444444440305233 1.5352941751480103 11.300009727478027
626 0.015500000678002834 0.009999999776482582 1.5500000715255737 3.8000011444091797
627 0.01250000111758709 0.009999999776482582 1.2500001192092896 17.500032424926758
628 0.017000000923871994 0.009444444440305233 1.8000000715255737 6.999998092651367
629 0.012500000186264515 0.009444444440305233 1.3235294818878174 11.600010871887207
630 0.00950000062584877 0.009999999776482582 0.9500001072883606 6.699998378753662
631 0.023500001057982445 0.009999999776482582 2.3500001430511475 9.700003623962402
632 0.007000000216066837 0.010555555112659931 0.6631579399108887 15.400025367736816
633 0.01900000125169754 0.009999999776482582 1.9000002145767212 17.10003089904785
634 0.018000001087784767 0.010555555112659931 1.705263376235962 21.700048446655273
635 0.023000001907348633 0.009444444440305233 2.4352943897247314 13.500018119812012
636 0.016499999910593033 0.009999999776482582 1.649999976158142 12.500014305114746
637 0.011500000953674316 0.009444444440305233 1.2176471948623657 16.800029754638672
638 0.018000001087784767 0.009444444440305233 1.905882477760315 16.400028228759766
639 0.013500000350177288 0.009444444440305233 1.429411768913269 19.900041580200195
640 0.015000000596046448 0.009444444440305233 1.5882353782653809 7.999997138977051
641 0.010500000789761543 0.009444444440305233 1.1117647886276245 14.200020790100098
642 0.01250000111758709 0.010555555112659931 1.1842106580734253 12.300013542175293
643 0.01250000111758709 0.009999999776482582 1.2500001192092896 14.300021171569824
644 0.018000001087784767 0.010555555112659931 1.705263376235962 19.20003890991211
645 0.015500000678002834 0.009444444440305233 1.6411765813827515 13.500018119812012
646 0.017000000923871994 0.009999999776482582 1.7000001668930054 9.100001335144043
647 0.9985000491142273 0.5766666531562805 1.7315030097961426 -94.89912414550781
648 0.014500000514090061 0.009444444440305233 1.5352941751480103 15.30002498626709
649 0.015500000678002834 0.009444444440305233 1.6411765813827515 21.000045776367188
650 0.018000001087784767 0.010555555112659931 1.705263376235962 10.700007438659668
651 0.017500001937150955 0.009444444440305233 1.8529413938522339 10.300005912780762
652 0.011500000953674316 0.010555555112659931 1.089473843574524 17.600032806396484
653 0.009000000543892384 0.009999999776482582 0.9000000953674316 15.500025749206543
654 0.023000001907348633 0.010555555112659931 2.178947687149048 20.400043487548828
655 0.011500000953674316 0.009444444440305233 1.2176471948623657 14.300021171569824
656 0.010999999940395355 0.010555555112659931 1.0421053171157837 11.600010871887207
657 0.021000001579523087 0.010555555112659931 1.9894739389419556 15.30002498626709
658 0.010500000789761543 0.009999999776482582 1.0500000715255737 17.200031280517578
659 0.01850000023841858 0.009444444440305233 1.958823561668396 9.000000953674316
660 1.0 0.7200000286102295 1.3888888359069824 -94.89912414550781
661 0.012500000186264515 0.010555555112659931 1.1842105388641357 13.700018882751465
662 0.010500000789761543 0.010555555112659931 0.9947369694709778 11.100008964538574
663 0.015000000596046448 0.009444444440305233 1.5882353782653809 13.100016593933105
664 0.011500000953674316 0.009444444440305233 1.2176471948623657 15.400025367736816
665 0.0215000007301569 0.009999999776482582 2.1500000953674316 14.000020027160645
666 0.013000000268220901 0.009999999776482582 1.3000000715255737 17.200031280517578
667 0.021000001579523087 0.009999999776482582 2.1000001430511475 11.000008583068848
668 0.018000001087784767 0.009999999776482582 1.8000001907348633 5.799999237060547
669 0.013000000268220901 0.009444444440305233 1.3764705657958984 14.200020790100098
670 0.011500000953674316 0.009444444440305233 1.2176471948623657 15.200024604797363
671 0.010500000789761543 0.009444444440305233 1.1117647886276245 14.900023460388184
672 0.018000001087784767 0.010555555112659931 1.705263376235962 14.600022315979004
673 0.0215000007301569 0.010555555112659931 2.0368423461914062 14.40002155303955
674 0.01250000111758709 0.009444444440305233 1.3235294818878174 8.499999046325684
675 1.0 0.6883333325386047 1.452784538269043 -94.89912414550781
676 0.00950000062584877 0.009444444440305233 1.0058823823928833 14.600022315979004
677 0.009000000543892384 0.010555555112659931 0.852631688117981 10.600007057189941
678 0.011500000953674316 0.009444444440305233 1.2176471948623657 19.000038146972656
679 0.016499999910593033 0.009444444440305233 1.7470588684082031 12.900015830993652
680 0.012000000104308128 0.010555555112659931 1.136842131614685 10.200005531311035
681 0.020500000566244125 0.010555555112659931 1.9421054124832153 16.400028228759766
682 0.009000000543892384 0.009444444440305233 0.9529412388801575 11.400010108947754
683 0.0195000022649765 0.009999999776482582 1.950000286102295 15.200024604797363
684 0.0195000022649765 0.009999999776482582 1.950000286102295 14.70002269744873
685 1.0 0.9388889074325562 1.0650887489318848 -94.89912414550781
686 0.03350000083446503 0.010555555112659931 3.1736843585968018 2.9000020027160645
687 0.016499999910593033 0.009999999776482582 1.649999976158142 20.500043869018555
688 0.008500000461935997 0.009444444440305233 0.9000000357627869 15.400025367736816
689 0.012000000104308128 0.010555555112659931 1.136842131614685 8.699999809265137
690 0.021000001579523087 0.009444444440305233 2.223529577255249 3.600001335144043
691 0.01600000075995922 0.010555555112659931 1.5157896280288696 17.000030517578125
692 0.01600000075995922 0.009999999776482582 1.6000001430511475 0.9000025987625122
693 0.015500000678002834 0.009444444440305233 1.6411765813827515 14.600022315979004
694 0.01600000075995922 0.010555555112659931 1.5157896280288696 14.000020027160645
695 0.01850000023841858 0.009444444440305233 1.958823561668396 14.800023078918457
696 0.010999999940395355 0.010555555112659931 1.0421053171157837 13.600018501281738
697 0.011500000953674316 0.010555555112659931 1.089473843574524 9.50000286102295
698 0.014000000432133675 0.009999999776482582 1.4000000953674316 12.900015830993652
699 0.015000000596046448 0.009999999776482582 1.5000001192092896 15.400025367736816
700 0.01250000111758709 0.009444444440305233 1.3235294818878174 10.200005531311035
701 0.010500000789761543 0.009444444440305233 1.1117647886276245 13.700018882751465
702 0.010999999940395355 0.009444444440305233 1.1647058725357056 16.500028610229492
703 0.018000001087784767 0.009444444440305233 1.905882477760315 10.200005531311035
704 0.00950000062584877 0.009444444440305233 1.0058823823928833 11.300009727478027
705 0.014500000514090061 0.009444444440305233 1.5352941751480103 10.800007820129395
706 0.017500001937150955 0.009444444440305233 1.8529413938522339 15.60002613067627
707 0.014500000514090061 0.009999999776482582 1.4500000476837158 11.50001049041748
708 0.017500001937150955 0.009444444440305233 1.8529413938522339 9.000000953674316
709 0.023000001907348633 0.010555555112659931 2.178947687149048 12.900015830993652
710 0.01850000023841858 0.009999999776482582 1.850000023841858 16.800029754638672
711 0.024000000208616257 0.009444444440305233 2.5411765575408936 15.00002384185791
712 0.01600000075995922 0.009444444440305233 1.694117784500122 17.40003204345703
713 0.012000000104308128 0.009444444440305233 1.2705882787704468 15.30002498626709
714 0.014500001445412636 0.010555555112659931 1.3736844062805176 10.300005912780762
715 0.026000000536441803 0.009444444440305233 2.752941131591797 12.7000150680542
716 0.014000000432133675 0.009444444440305233 1.4823529720306396 16.60002899169922
717 0.012000000104308128 0.010555555112659931 1.136842131614685 9.900004386901855
718 0.011500000953674316 0.009999999776482582 1.1500000953674316 9.700003623962402
719 0.0195000022649765 0.009444444440305233 2.0647060871124268 14.500021934509277
720 0.006000000052154064 0.009444444440305233 0.6352941393852234 19.300039291381836
721 0.015000000596046448 0.009999999776482582 1.5000001192092896 6.099998950958252
722 0.010999999940395355 0.009444444440305233 1.1647058725357056 12.800015449523926
723 0.013500000350177288 0.009999999776482582 1.350000023841858 18.90003776550293
724 0.008500000461935997 0.009999999776482582 0.8500000834465027 8.399998664855957
725 0.021000001579523087 0.009999999776482582 2.1000001430511475 14.200020790100098
726 0.014500000514090061 0.009444444440305233 1.5352941751480103 13.500018119812012
727 1.0 0.8722222447395325 1.1464967727661133 -94.89912414550781
728 0.01100000087171793 0.009999999776482582 1.1000001430511475 17.600032806396484
729 0.02199999988079071 0.010555555112659931 2.0842106342315674 12.40001392364502
730 0.013000000268220901 0.009444444440305233 1.3764705657958984 9.600003242492676
731 0.014500001445412636 0.009444444440305233 1.5352942943572998 12.300013542175293
732 0.018000001087784767 0.010555555112659931 1.705263376235962 17.000030517578125
733 0.015000000596046448 0.009999999776482582 1.5000001192092896 17.200031280517578
734 0.014000000432133675 0.009444444440305233 1.4823529720306396 11.2000093460083
735 0.020000001415610313 0.010555555112659931 1.8947370052337646 15.100024223327637
736 0.017000000923871994 0.009444444440305233 1.8000000715255737 15.700026512145996
737 0.023000001907348633 0.010555555112659931 2.178947687149048 15.100024223327637
738 0.013500001281499863 0.010555555112659931 1.2789475917816162 17.200031280517578
739 0.01900000125169754 0.009999999776482582 1.9000002145767212 7.599997520446777
740 0.026500001549720764 0.009999999776482582 2.6500000953674316 14.70002269744873
741 0.023500001057982445 0.009444444440305233 2.4882354736328125 5.999999046325684
742 0.017500001937150955 0.009444444440305233 1.8529413938522339 14.600022315979004
743 0.017500001937150955 0.009999999776482582 1.750000238418579 17.600032806396484
744 0.015000000596046448 0.010555555112659931 1.4210526943206787 13.100016593933105
745 0.013000000268220901 0.009999999776482582 1.3000000715255737 15.60002613067627
746 0.024500001221895218 0.009999999776482582 2.450000286102295 13.300017356872559
747 0.013500001281499863 0.009999999776482582 1.3500001430511475 12.40001392364502
748 0.018000001087784767 0.009999999776482582 1.8000001907348633 17.200031280517578
749 0.013000000268220901 0.009444444440305233 1.3764705657958984 16.100027084350586
750 0.014000000432133675 0.009444444440305233 1.4823529720306396 11.400010108947754
751 0.014500000514090061 0.009999999776482582 1.4500000476837158 13.200016975402832
752 0.017500001937150955 0.009999999776482582 1.750000238418579 18.30003547668457
753 0.018000001087784767 0.009444444440305233 1.905882477760315 18.500036239624023
754 0.017500001937150955 0.009999999776482582 1.750000238418579 17.200031280517578
755 0.020500000566244125 0.009999999776482582 2.0500001907348633 14.40002155303955
756 0.016499999910593033 0.009999999776482582 1.649999976158142 13.300017356872559
757 0.023500001057982445 0.009444444440305233 2.4882354736328125 14.900023460388184
758 0.020500000566244125 0.009444444440305233 2.170588254928589 15.800026893615723
759 0.012000000104308128 0.009444444440305233 1.2705882787704468 7.799997329711914
760 0.02250000089406967 0.010555555112659931 2.1315791606903076 7.199997901916504
761 0.014000000432133675 0.009999999776482582 1.4000000953674316 13.500018119812012
762 0.018000001087784767 0.009999999776482582 1.8000001907348633 17.000030517578125
763 0.015000000596046448 0.009444444440305233 1.5882353782653809 14.40002155303955
764 0.008999999612569809 0.009999999776482582 0.8999999761581421 11.300009727478027
765 0.012500000186264515 0.010555555112659931 1.1842105388641357 18.100034713745117
766 0.02250000089406967 0.010555555112659931 2.1315791606903076 16.200027465820312
767 0.010999999940395355 0.009444444440305233 1.1647058725357056 18.500036239624023
768 0.020000001415610313 0.009999999776482582 2.000000238418579 10.100005149841309
769 0.008500000461935997 0.009999999776482582 0.8500000834465027 15.500025749206543
770 0.010000000707805157 0.009999999776482582 1.0000001192092896 12.300013542175293
771 0.015000000596046448 0.009999999776482582 1.5000001192092896 17.40003204345703
772 0.024000000208616257 0.009444444440305233 2.5411765575408936 12.800015449523926
773 0.020500000566244125 0.010555555112659931 1.9421054124832153 14.40002155303955
774 0.014500000514090061 0.009444444440305233 1.5352941751480103 11.400010108947754
775 0.013000000268220901 0.010555555112659931 1.231579065322876 9.800004005432129
776 0.017000000923871994 0.009999999776482582 1.7000001668930054 14.800023078918457
777 0.021000001579523087 0.010555555112659931 1.9894739389419556 12.40001392364502
778 0.01600000075995922 0.009444444440305233 1.694117784500122 14.900023460388184
779 0.018000001087784767 0.009444444440305233 1.905882477760315 20.800045013427734
780 0.014000000432133675 0.010555555112659931 1.3263158798217773 18.00003433227539
781 0.015000000596046448 0.009999999776482582 1.5000001192092896 14.800023078918457
782 0.017000000923871994 0.010555555112659931 1.610526442527771 8.90000057220459
783 0.014000000432133675 0.009444444440305233 1.4823529720306396 18.00003433227539
784 0.011500000953674316 0.009444444440305233 1.2176471948623657 13.100016593933105
785 0.014500000514090061 0.009444444440305233 1.5352941751480103 14.000020027160645
786 0.015000000596046448 0.009444444440305233 1.5882353782653809 9.50000286102295
787 0.013500000350177288 0.009999999776482582 1.350000023841858 10.100005149841309
788 0.01850000023841858 0.010555555112659931 1.752631664276123 13.100016593933105
789 0.01600000075995922 0.009444444440305233 1.694117784500122 10.300005912780762
790 0.014500001445412636 0.010555555112659931 1.3736844062805176 12.900015830993652
791 0.010500000789761543 0.009444444440305233 1.1117647886276245 13.000016212463379
792 0.021000001579523087 0.009444444440305233 2.223529577255249 9.700003623962402
793 0.01600000075995922 0.009999999776482582 1.6000001430511475 25.500062942504883
794 0.011500000953674316 0.010555555112659931 1.089473843574524 18.00003433227539
795 0.014000000432133675 0.009444444440305233 1.4823529720306396 16.200027465820312
796 0.017500001937150955 0.009999999776482582 1.750000238418579 13.500018119812012
797 0.0195000022649765 0.009444444440305233 2.0647060871124268 20.200042724609375
798 0.017000000923871994 0.009999999776482582 1.7000001668930054 7.0999979972839355
799 0.016499999910593033 0.009999999776482582 1.649999976158142 14.800023078918457
800 0.020500000566244125 0.009444444440305233 2.170588254928589 24.600059509277344
801 0.014000000432133675 0.009999999776482582 1.4000000953674316 8.29999828338623
802 0.01600000075995922 0.009999999776482582 1.6000001430511475 16.30002784729004
803 0.013500000350177288 0.009444444440305233 1.429411768913269 15.800026893615723
804 0.015000000596046448 0.009444444440305233 1.5882353782653809 16.9000301361084
805 0.010500000789761543 0.010555555112659931 0.9947369694709778 15.60002613067627
806 0.010000000707805157 0.010555555112659931 0.9473685026168823 15.500025749206543
807 0.016499999910593033 0.009999999776482582 1.649999976158142 13.800019264221191
808 0.007000000216066837 0.010555555112659931 0.6631579399108887 15.90002727508545
809 0.015500000678002834 0.010555555112659931 1.468421220779419 14.900023460388184
810 0.015000000596046448 0.009999999776482582 1.5000001192092896 12.500014305114746
811 0.013000000268220901 0.009444444440305233 1.3764705657958984 12.7000150680542
812 0.017500001937150955 0.009999999776482582 1.750000238418579 20.700044631958008
813 0.014500000514090061 0.009999999776482582 1.4500000476837158 21.100046157836914
814 0.015000000596046448 0.009999999776482582 1.5000001192092896 6.7999982833862305
815 0.011500000953674316 0.009999999776482582 1.1500000953674316 15.100024223327637
816 0.01600000075995922 0.010555555112659931 1.5157896280288696 15.60002613067627
817 0.01600000075995922 0.009999999776482582 1.6000001430511475 10.800007820129395
818 0.018000001087784767 0.009999999776482582 1.8000001907348633 15.500025749206543
819 0.009000000543892384 0.009444444440305233 0.9529412388801575 13.400017738342285
820 0.020000001415610313 0.010555555112659931 1.8947370052337646 18.500036239624023
821 0.021000001579523087 0.010555555112659931 1.9894739389419556 16.100027084350586
822 0.020000001415610313 0.009999999776482582 2.000000238418579 11.400010108947754
823 0.01900000125169754 0.009999999776482582 1.9000002145767212 19.100038528442383
824 0.014000000432133675 0.009444444440305233 1.4823529720306396 9.600003242492676
825 0.014000000432133675 0.010555555112659931 1.3263158798217773 13.300017356872559
826 0.016499999910593033 0.010555555112659931 1.5631579160690308 16.00002670288086
827 0.01250000111758709 0.009444444440305233 1.3235294818878174 15.700026512145996
828 0.01900000125169754 0.009999999776482582 1.9000002145767212 11.300009727478027
829 0.012000000104308128 0.009444444440305233 1.2705882787704468 10.400006294250488
830 0.015500000678002834 0.009999999776482582 1.5500000715255737 12.500014305114746
831 0.014000000432133675 0.009999999776482582 1.4000000953674316 10.800007820129395
832 0.01900000125169754 0.010555555112659931 1.8000001907348633 14.800023078918457
833 0.019999999552965164 0.010555555112659931 1.894736886024475 14.200020790100098
834 0.017500001937150955 0.010555555112659931 1.6578949689865112 6.7999982833862305
835 0.019500000402331352 0.009999999776482582 1.9500000476837158 11.900012016296387
836 0.015000000596046448 0.009444444440305233 1.5882353782653809 12.40001392364502
837 0.010500000789761543 0.010555555112659931 0.9947369694709778 11.400010108947754
838 0.01100000087171793 0.009444444440305233 1.1647059917449951 13.100016593933105
839 0.007500000298023224 0.009999999776482582 0.7500000596046448 16.00002670288086
840 0.02500000223517418 0.010555555112659931 2.3684213161468506 0.5000025033950806
841 0.01600000075995922 0.009999999776482582 1.6000001430511475 11.100008964538574
842 0.018000001087784767 0.009444444440305233 1.905882477760315 11.600010871887207
843 0.025499999523162842 0.009444444440305233 2.700000047683716 10.400006294250488
844 0.02250000089406967 0.009999999776482582 2.250000238418579 17.10003089904785
845 0.02199999988079071 0.010555555112659931 2.0842106342315674 8.499999046325684
846 0.023500001057982445 0.010555555112659931 2.226315975189209 15.200024604797363
847 0.02800000086426735 0.010555555112659931 2.6526317596435547 5.099999904632568
848 0.012000000104308128 0.009999999776482582 1.2000000476837158 16.9000301361084
849 0.02199999988079071 0.010555555112659931 2.0842106342315674 13.900019645690918
850 0.012500000186264515 0.009444444440305233 1.3235294818878174 20.200042724609375
851 0.014500000514090061 0.010555555112659931 1.373684287071228 13.600018501281738
852 0.013500001281499863 0.009444444440305233 1.4294118881225586 15.700026512145996
853 0.015500000678002834 0.009444444440305233 1.6411765813827515 13.100016593933105
854 0.015000000596046448 0.009999999776482582 1.5000001192092896 11.000008583068848
855 0.017000000923871994 0.009444444440305233 1.8000000715255737 13.300017356872559
856 0.011500000953674316 0.009999999776482582 1.1500000953674316 18.100034713745117
857 0.017000000923871994 0.009999999776482582 1.7000001668930054 13.800019264221191
858 0.01900000125169754 0.010555555112659931 1.8000001907348633 10.500006675720215
859 0.017500001937150955 0.009444444440305233 1.8529413938522339 18.00003433227539
860 0.017000000923871994 0.010555555112659931 1.610526442527771 12.40001392364502
861 0.01600000075995922 0.009999999776482582 1.6000001430511475 18.00003433227539
862 0.017500001937150955 0.009444444440305233 1.8529413938522339 13.500018119812012
863 0.01850000023841858 0.010555555112659931 1.752631664276123 4.000000953674316
864 0.017000000923871994 0.009999999776482582 1.7000001668930054 11.700011253356934
865 0.015500001609325409 0.009444444440305233 1.641176700592041 15.60002613067627
866 0.01250000111758709 0.009999999776482582 1.2500001192092896 14.800023078918457
867 0.014500001445412636 0.010555555112659931 1.3736844062805176 14.000020027160645
868 0.013000000268220901 0.009444444440305233 1.3764705657958984 13.900019645690918
869 0.014500000514090061 0.009999999776482582 1.4500000476837158 13.800019264221191
870 0.01900000125169754 0.010555555112659931 1.8000001907348633 19.900041580200195
871 0.01900000125169754 0.010555555112659931 1.8000001907348633 5.999999046325684
872 0.012000000104308128 0.010555555112659931 1.136842131614685 17.70003318786621
873 0.016499999910593033 0.009999999776482582 1.649999976158142 15.00002384185791
874 0.020500000566244125 0.009999999776482582 2.0500001907348633 15.500025749206543
875 1.0 0.9961110949516296 1.003904104232788 -94.89912414550781
876 0.013000000268220901 0.009444444440305233 1.3764705657958984 15.90002727508545
877 0.014500000514090061 0.009444444440305233 1.5352941751480103 10.500006675720215
878 0.021000001579523087 0.009999999776482582 2.1000001430511475 9.300002098083496
879 0.009999999776482582 0.010555555112659931 0.9473684430122375 15.400025367736816
880 0.014000000432133675 0.010555555112659931 1.3263158798217773 12.000012397766113
881 0.013000000268220901 0.010555555112659931 1.231579065322876 12.200013160705566
882 0.018000001087784767 0.009444444440305233 1.905882477760315 14.40002155303955
883 1.0 0.9972222447395325 1.0027854442596436 -94.89912414550781
884 0.021000001579523087 0.010555555112659931 1.9894739389419556 6.399998664855957
885 0.007500000298023224 0.009999999776482582 0.7500000596046448 12.10001277923584
886 0.0195000022649765 0.009999999776482582 1.950000286102295 13.000016212463379
887 0.018000001087784767 0.009444444440305233 1.905882477760315 16.400028228759766
888 0.012500000186264515 0.009444444440305233 1.3235294818878174 18.90003776550293
889 0.01850000023841858 0.009444444440305233 1.958823561668396 16.100027084350586
890 0.0195000022649765 0.009999999776482582 1.950000286102295 15.30002498626709
891 0.01600000075995922 0.009444444440305233 1.694117784500122 8.29999828338623
892 0.014000000432133675 0.010555555112659931 1.3263158798217773 15.60002613067627
893 0.016499999910593033 0.009444444440305233 1.7470588684082031 17.800033569335938
894 0.021000001579523087 0.009444444440305233 2.223529577255249 8.099997520446777
895 0.012000000104308128 0.010555555112659931 1.136842131614685 14.300021171569824
896 0.01850000023841858 0.009444444440305233 1.958823561668396 5.799999237060547
897 0.018000001087784767 0.009444444440305233 1.905882477760315 9.600003242492676
898 0.013000000268220901 0.010555555112659931 1.231579065322876 20.60004425048828
899 0.014000000432133675 0.009999999776482582 1.4000000953674316 11.80001163482666
900 0.010500000789761543 0.009999999776482582 1.0500000715255737 14.40002155303955
901 0.01900000125169754 0.010555555112659931 1.8000001907348633 0.5000025033950806
902 0.00950000062584877 0.009999999776482582 0.9500001072883606 18.90003776550293
903 0.01900000125169754 0.009999999776482582 1.9000002145767212 14.40002155303955
904 0.00950000062584877 0.009999999776482582 0.9500001072883606 15.00002384185791
905 0.00950000062584877 0.009444444440305233 1.0058823823928833 11.900012016296387
906 0.009000000543892384 0.009444444440305233 0.9529412388801575 18.200035095214844
907 0.009999999776482582 0.009999999776482582 1.0 12.500014305114746
908 0.013500000350177288 0.009999999776482582 1.350000023841858 11.400010108947754
909 0.020500000566244125 0.009444444440305233 2.170588254928589 16.30002784729004
910 0.012000000104308128 0.009999999776482582 1.2000000476837158 14.000020027160645
911 0.017500001937150955 0.010555555112659931 1.6578949689865112 18.00003433227539
912 0.02200000174343586 0.009444444440305233 2.3294119834899902 13.800019264221191
913 0.016499999910593033 0.009444444440305233 1.7470588684082031 20.500043869018555
914 0.012000000104308128 0.009999999776482582 1.2000000476837158 10.300005912780762
915 0.015000000596046448 0.009444444440305233 1.5882353782653809 11.80001163482666
916 0.020500000566244125 0.010555555112659931 1.9421054124832153 10.900008201599121
917 0.014500001445412636 0.009999999776482582 1.4500001668930054 15.500025749206543
918 0.013000000268220901 0.010555555112659931 1.231579065322876 13.800019264221191
919 0.017000000923871994 0.009444444440305233 1.8000000715255737 12.10001277923584
920 0.015500000678002834 0.009444444440305233 1.6411765813827515 14.600022315979004
921 0.013000000268220901 0.010555555112659931 1.231579065322876 12.500014305114746
922 0.01850000023841858 0.010555555112659931 1.752631664276123 22.000049591064453
923 0.013000000268220901 0.009444444440305233 1.3764705657958984 13.600018501281738
924 0.017000000923871994 0.009444444440305233 1.8000000715255737 23.50005531311035
925 0.021500002592802048 0.009444444440305233 2.276470899581909 6.999998092651367
926 0.013000000268220901 0.009444444440305233 1.3764705657958984 18.30003547668457
927 0.019500000402331352 0.009999999776482582 1.9500000476837158 8.699999809265137
928 0.02800000086426735 0.009444444440305233 2.9647059440612793 19.000038146972656
929 0.013000000268220901 0.009999999776482582 1.3000000715255737 10.700007438659668
930 0.015500001609325409 0.009999999776482582 1.5500001907348633 13.000016212463379
931 0.011500000953674316 0.009444444440305233 1.2176471948623657 6.399998664855957
932 0.017000000923871994 0.009444444440305233 1.8000000715255737 12.600014686584473
933 0.009000000543892384 0.009999999776482582 0.9000000953674316 12.40001392364502
934 0.017000000923871994 0.009999999776482582 1.7000001668930054 15.400025367736816
935 0.014500000514090061 0.010555555112659931 1.373684287071228 18.700037002563477
936 0.018000001087784767 0.009999999776482582 1.8000001907348633 15.90002727508545
937 0.006500000134110451 0.009444444440305233 0.6882352828979492 0.200002521276474
938 0.0195000022649765 0.009444444440305233 2.0647060871124268 17.500032424926758
939 0.016499999910593033 0.009999999776482582 1.649999976158142 2.1000027656555176
940 0.014500000514090061 0.010555555112659931 1.373684287071228 4.500000476837158
941 0.012000000104308128 0.009444444440305233 1.2705882787704468 5.6999993324279785
942 0.019500000402331352 0.009999999776482582 1.9500000476837158 17.000030517578125
943 0.023500001057982445 0.010555555112659931 2.226315975189209 16.60002899169922
944 0.01850000023841858 0.009999999776482582 1.850000023841858 9.50000286102295
945 0.019999999552965164 0.009444444440305233 2.1176469326019287 11.300009727478027
946 0.01600000075995922 0.009999999776482582 1.6000001430511475 18.400035858154297
947 0.017500001937150955 0.009999999776482582 1.750000238418579 13.800019264221191
948 0.024000000208616257 0.009999999776482582 2.4000000953674316 2.3000025749206543
949 0.015000000596046448 0.009999999776482582 1.5000001192092896 13.900019645690918
950 0.018000001087784767 0.010555555112659931 1.705263376235962 15.100024223327637
951 0.02199999988079071 0.010555555112659931 2.0842106342315674 12.500014305114746
952 0.0195000022649765 0.009444444440305233 2.0647060871124268 8.29999828338623
953 0.01600000075995922 0.009444444440305233 1.694117784500122 11.100008964538574
954 0.02199999988079071 0.010555555112659931 2.0842106342315674 17.000030517578125
955 0.01600000075995922 0.009444444440305233 1.694117784500122 10.400006294250488
956 0.013000000268220901 0.009444444440305233 1.3764705657958984 14.000020027160645
957 0.010500000789761543 0.010555555112659931 0.9947369694709778 11.80001163482666
958 0.012000000104308128 0.009444444440305233 1.2705882787704468 14.500021934509277
959 0.017000000923871994 0.010555555112659931 1.610526442527771 9.900004386901855
960 0.015500000678002834 0.010555555112659931 1.468421220779419 8.099997520446777
961 0.020500000566244125 0.009444444440305233 2.170588254928589 8.59999942779541
962 0.010500000789761543 0.009999999776482582 1.0500000715255737 15.00002384185791
963 0.02500000037252903 0.010555555112659931 2.3684210777282715 4.800000190734863
964 0.00950000062584877 0.009444444440305233 1.0058823823928833 11.400010108947754
965 0.014000000432133675 0.009444444440305233 1.4823529720306396 9.700003623962402
966 0.01600000075995922 0.009444444440305233 1.694117784500122 8.90000057220459
967 0.013500001281499863 0.009444444440305233 1.4294118881225586 4.700000286102295
968 0.014000000432133675 0.009444444440305233 1.4823529720306396 14.900023460388184
969 0.023000001907348633 0.010555555112659931 2.178947687149048 14.900023460388184
970 0.01900000125169754 0.010555555112659931 1.8000001907348633 11.300009727478027
971 0.01850000023841858 0.010555555112659931 1.752631664276123 18.400035858154297
972 0.015000000596046448 0.009999999776482582 1.5000001192092896 17.300031661987305
973 0.01600000075995922 0.009444444440305233 1.694117784500122 17.10003089904785
974 0.017000000923871994 0.009999999776482582 1.7000001668930054 17.300031661987305
975 0.013500001281499863 0.010555555112659931 1.2789475917816162 18.60003662109375
976 0.025499999523162842 0.010555555112659931 2.4157896041870117 14.600022315979004
977 0.016499999910593033 0.009444444440305233 1.7470588684082031 11.000008583068848
978 0.010500000789761543 0.009444444440305233 1.1117647886276245 10.400006294250488
979 0.01850000023841858 0.010555555112659931 1.752631664276123 12.40001392364502
980 0.007000000216066837 0.009444444440305233 0.7411764860153198 13.900019645690918
981 0.020500000566244125 0.009999999776482582 2.0500001907348633 18.30003547668457
982 0.021000001579523087 0.009999999776482582 2.1000001430511475 15.200024604797363
983 0.011500000953674316 0.009999999776482582 1.1500000953674316 14.000020027160645
984 0.014500001445412636 0.010555555112659931 1.3736844062805176 10.900008201599121
985 0.01600000075995922 0.009999999776482582 1.6000001430511475 13.600018501281738
986 0.01250000111758709 0.010555555112659931 1.1842106580734253 14.900023460388184
987 0.017000000923871994 0.009444444440305233 1.8000000715255737 11.80001163482666
988 0.020000001415610313 0.009444444440305233 2.117647171020508 9.400002479553223
989 0.011500000953674316 0.010555555112659931 1.089473843574524 11.50001049041748
990 0.013500001281499863 0.009999999776482582 1.3500001430511475 14.100020408630371
991 0.013000000268220901 0.009444444440305233 1.3764705657958984 10.000004768371582
992 0.012000000104308128 0.009444444440305233 1.2705882787704468 15.700026512145996
993 0.020500000566244125 0.009444444440305233 2.170588254928589 3.7000012397766113
994 0.015000000596046448 0.010555555112659931 1.4210526943206787 10.900008201599121
995 0.01600000075995922 0.009444444440305233 1.694117784500122 13.900019645690918
996 0.011500000953674316 0.010555555112659931 1.089473843574524 15.00002384185791
997 0.013500000350177288 0.009999999776482582 1.350000023841858 20.3000431060791
998 0.01600000075995922 0.009999999776482582 1.6000001430511475 17.900033950805664
999 0.015500001609325409 0.010555555112659931 1.468421220779419 11.600010871887207
1000 0.01600000075995922 0.009444444440305233 1.694117784500122 8.800000190734863
