1 0.013000000268220901 0.009444444440305233 1.3764705657958984 11.600010871887207
2 0.017500001937150955 0.010555555112659931 1.6578949689865112 16.200027465820312
3 0.010999999940395355 0.010555555112659931 1.0421053171157837 9.100001335144043
4 0.01100000087171793 0.010555555112659931 1.0421054363250732 12.000012397766113
5 0.02199999988079071 0.010555555112659931 2.0842106342315674 10.200005531311035
6 0.015000000596046448 0.009444444440305233 1.5882353782653809 10.300005912780762
7 0.02250000089406967 0.010555555112659931 2.1315791606903076 9.20000171661377
8 0.0195000022649765 0.010555555112659931 1.8473687171936035 9.700003623962402
9 0.013500001281499863 0.009999999776482582 1.3500001430511475 9.50000286102295
10 0.020500000566244125 0.009444444440305233 2.170588254928589 10.700007438659668
11 0.017500001937150955 0.010555555112659931 1.6578949689865112 11.600010871887207
12 0.02200000174343586 0.009999999776482582 2.200000286102295 11.700011253356934
13 0.018000001087784767 0.009444444440305233 1.905882477760315 7.899997711181641
14 0.016500001773238182 0.010555555112659931 1.5631581544876099 12.40001392364502
15 0.011500000953674316 0.010555555112659931 1.089473843574524 12.600014686584473
16 0.018000001087784767 0.009444444440305233 1.905882477760315 12.7000150680542
17 0.010500000789761543 0.009444444440305233 1.1117647886276245 9.50000286102295
18 0.014500000514090061 0.009444444440305233 1.5352941751480103 12.300013542175293
19 1.0 0.9155555367469788 1.0922330617904663 -94.89912414550781
20 0.014000000432133675 0.009444444440305233 1.4823529720306396 12.10001277923584
21 0.014500000514090061 0.009999999776482582 1.4500000476837158 9.20000171661377
22 0.02200000174343586 0.009999999776482582 2.200000286102295 5.399999618530273
23 0.014500000514090061 0.010555555112659931 1.373684287071228 11.600010871887207
24 0.011500000953674316 0.009444444440305233 1.2176471948623657 17.800033569335938
25 0.016499999910593033 0.009444444440305233 1.7470588684082031 9.50000286102295
26 0.01600000075995922 0.010555555112659931 1.5157896280288696 12.40001392364502
27 0.020000001415610313 0.010555555112659931 1.8947370052337646 9.50000286102295
28 0.013500001281499863 0.009999999776482582 1.3500001430511475 14.200020790100098
29 0.014000000432133675 0.009444444440305233 1.4823529720306396 10.200005531311035
30 0.010500000789761543 0.009444444440305233 1.1117647886276245 11.50001049041748
31 0.02199999988079071 0.009999999776482582 2.200000047683716 15.400025367736816
32 0.016499999910593033 0.010555555112659931 1.5631579160690308 10.300005912780762
33 0.018000001087784767 0.009444444440305233 1.905882477760315 11.400010108947754
34 0.018000001087784767 0.010555555112659931 1.705263376235962 11.600010871887207
35 0.015000000596046448 0.009999999776482582 1.5000001192092896 11.100008964538574
36 0.00950000062584877 0.009999999776482582 0.9500001072883606 15.60002613067627
37 0.024000000208616257 0.009444444440305233 2.5411765575408936 11.2000093460083
38 0.014500001445412636 0.010555555112659931 1.3736844062805176 11.900012016296387
39 0.014500000514090061 0.009999999776482582 1.4500000476837158 11.900012016296387
40 0.017500001937150955 0.009999999776482582 1.750000238418579 11.700011253356934
41 0.016499999910593033 0.009999999776482582 1.649999976158142 9.000000953674316
42 0.01600000075995922 0.009444444440305233 1.694117784500122 7.599997520446777
43 0.016500001773238182 0.010555555112659931 1.5631581544876099 12.40001392364502
44 0.023500001057982445 0.009999999776482582 2.3500001430511475 15.500025749206543
45 0.021500002592802048 0.009999999776482582 2.1500003337860107 10.100005149841309
46 0.015000000596046448 0.009999999776482582 1.5000001192092896 12.600014686584473
47 0.012000000104308128 0.010555555112659931 1.136842131614685 11.100008964538574
48 0.013000000268220901 0.009444444440305233 1.3764705657958984 15.90002727508545
49 0.015500000678002834 0.009999999776482582 1.5500000715255737 10.900008201599121
50 0.016499999910593033 0.010555555112659931 1.5631579160690308 13.600018501281738
51 0.010500000789761543 0.009444444440305233 1.1117647886276245 9.100001335144043
52 0.013000000268220901 0.009444444440305233 1.3764705657958984 14.200020790100098
53 0.009999999776482582 0.009444444440305233 1.0588234663009644 18.30003547668457
54 0.01850000023841858 0.009444444440305233 1.958823561668396 15.400025367736816
55 0.0195000022649765 0.009444444440305233 2.0647060871124268 12.800015449523926
56 0.014500000514090061 0.010555555112659931 1.373684287071228 11.100008964538574
57 0.010500000789761543 0.009444444440305233 1.1117647886276245 13.800019264221191
58 0.024500001221895218 0.009444444440305233 2.5941178798675537 9.300002098083496
59 0.010500000789761543 0.009999999776482582 1.0500000715255737 9.900004386901855
60 0.016499999910593033 0.010555555112659931 1.5631579160690308 10.200005531311035
61 0.01600000075995922 0.010555555112659931 1.5157896280288696 14.800023078918457
62 0.016499999910593033 0.009444444440305233 1.7470588684082031 12.40001392364502
63 0.014000000432133675 0.010555555112659931 1.3263158798217773 4.000000953674316
64 0.014500000514090061 0.010555555112659931 1.373684287071228 5.999999046325684
65 0.01250000111758709 0.009444444440305233 1.3235294818878174 9.600003242492676
66 0.010500000789761543 0.009444444440305233 1.1117647886276245 9.50000286102295
67 0.018000001087784767 0.009444444440305233 1.905882477760315 11.400010108947754
68 0.015000000596046448 0.009444444440305233 1.5882353782653809 10.300005912780762
69 0.016499999910593033 0.009444444440305233 1.7470588684082031 13.800019264221191
70 0.016499999910593033 0.010555555112659931 1.5631579160690308 11.700011253356934
71 0.014000000432133675 0.009444444440305233 1.4823529720306396 13.200016975402832
72 0.01250000111758709 0.009444444440305233 1.3235294818878174 14.000020027160645
73 0.011500000953674316 0.009444444440305233 1.2176471948623657 13.800019264221191
74 0.014500001445412636 0.009999999776482582 1.4500001668930054 8.59999942779541
75 0.016500001773238182 0.010555555112659931 1.5631581544876099 11.900012016296387
76 0.015500000678002834 0.009444444440305233 1.6411765813827515 15.30002498626709
77 0.017000000923871994 0.009999999776482582 1.7000001668930054 11.300009727478027
78 0.010000000707805157 0.009999999776482582 1.0000001192092896 10.500006675720215
79 0.015500000678002834 0.010555555112659931 1.468421220779419 5.6999993324279785
80 0.014500000514090061 0.009444444440305233 1.5352941751480103 10.800007820129395
81 0.00950000062584877 0.009444444440305233 1.0058823823928833 8.199997901916504
82 0.008500000461935997 0.009999999776482582 0.8500000834465027 8.90000057220459
83 0.014000000432133675 0.009999999776482582 1.4000000953674316 19.80004119873047
84 0.013500000350177288 0.009444444440305233 1.429411768913269 11.000008583068848
85 0.017500001937150955 0.010555555112659931 1.6578949689865112 12.500014305114746
86 0.010500000789761543 0.009444444440305233 1.1117647886276245 11.700011253356934
87 0.017500000074505806 0.009444444440305233 1.8529411554336548 12.000012397766113
88 0.01850000023841858 0.010555555112659931 1.752631664276123 11.900012016296387
89 0.010000000707805157 0.010555555112659931 0.9473685026168823 12.10001277923584
90 0.011500000953674316 0.009999999776482582 1.1500000953674316 8.59999942779541
91 0.013000000268220901 0.010555555112659931 1.231579065322876 12.600014686584473
92 0.010500000789761543 0.010555555112659931 0.9947369694709778 11.400010108947754
93 1.0 1.0 1.0 -94.89912414550781
94 0.019999999552965164 0.009444444440305233 2.1176469326019287 11.50001049041748
95 0.017000000923871994 0.009999999776482582 1.7000001668930054 11.700011253356934
96 0.017500001937150955 0.009444444440305233 1.8529413938522339 8.499999046325684
97 0.017000000923871994 0.010555555112659931 1.610526442527771 7.799997329711914
98 0.014000000432133675 0.009999999776482582 1.4000000953674316 13.300017356872559
99 0.009000000543892384 0.009444444440305233 0.9529412388801575 9.600003242492676
100 0.010500000789761543 0.009999999776482582 1.0500000715255737 11.400010108947754
101 0.017500001937150955 0.009999999776482582 1.750000238418579 10.000004768371582
102 0.006500000134110451 0.009444444440305233 0.6882352828979492 12.500014305114746
103 0.015500000678002834 0.009999999776482582 1.5500000715255737 20.3000431060791
104 0.019500000402331352 0.010555555112659931 1.8473684787750244 13.800019264221191
105 0.00800000037997961 0.009999999776482582 0.8000000715255737 7.699997425079346
106 0.017999999225139618 0.009444444440305233 1.9058822393417358 8.59999942779541
107 0.013500000350177288 0.009999999776482582 1.350000023841858 17.500032424926758
108 0.020500000566244125 0.009999999776482582 2.0500001907348633 7.0999979972839355
109 0.010999999940395355 0.009999999776482582 1.100000023841858 7.999997138977051
110 0.017000000923871994 0.009444444440305233 1.8000000715255737 13.100016593933105
111 0.012000000104308128 0.009444444440305233 1.2705882787704468 13.500018119812012
112 0.021500002592802048 0.010555555112659931 2.0368423461914062 9.20000171661377
113 0.00950000062584877 0.009444444440305233 1.0058823823928833 11.300009727478027
114 0.018000001087784767 0.010555555112659931 1.705263376235962 9.600003242492676
115 0.008500000461935997 0.009444444440305233 0.9000000357627869 9.20000171661377
116 0.020500000566244125 0.009444444440305233 2.170588254928589 0.6000025272369385
117 0.013500000350177288 0.010555555112659931 1.2789474725723267 10.500006675720215
118 0.011500000953674316 0.009999999776482582 1.1500000953674316 11.80001163482666
119 0.016499999910593033 0.010555555112659931 1.5631579160690308 7.299997806549072
120 0.023500001057982445 0.010555555112659931 2.226315975189209 4.900000095367432
121 0.014000000432133675 0.009444444440305233 1.4823529720306396 19.400039672851562
122 0.0195000022649765 0.009444444440305233 2.0647060871124268 7.199997901916504
123 0.013500000350177288 0.010555555112659931 1.2789474725723267 10.500006675720215
124 0.01900000125169754 0.010555555112659931 1.8000001907348633 12.900015830993652
125 0.014000000432133675 0.009444444440305233 1.4823529720306396 9.50000286102295
126 0.017000000923871994 0.009444444440305233 1.8000000715255737 7.699997425079346
127 0.013000000268220901 0.009999999776482582 1.3000000715255737 9.50000286102295
128 0.01600000075995922 0.009999999776482582 1.6000001430511475 20.700044631958008
129 0.013500001281499863 0.009444444440305233 1.4294118881225586 12.300013542175293
130 0.01250000111758709 0.010555555112659931 1.1842106580734253 19.000038146972656
131 0.01850000023841858 0.009444444440305233 1.958823561668396 10.600007057189941
132 0.011500000953674316 0.010555555112659931 1.089473843574524 10.400006294250488
133 0.015000000596046448 0.009999999776482582 1.5000001192092896 18.700037002563477
134 0.014000000432133675 0.009444444440305233 1.4823529720306396 9.800004005432129
135 0.018000001087784767 0.009444444440305233 1.905882477760315 13.900019645690918
136 0.014000000432133675 0.010555555112659931 1.3263158798217773 12.300013542175293
137 0.01850000023841858 0.009999999776482582 1.850000023841858 10.800007820129395
138 0.015000000596046448 0.009999999776482582 1.5000001192092896 8.29999828338623
139 0.015000000596046448 0.009444444440305233 1.5882353782653809 14.200020790100098
140 0.023500001057982445 0.009999999776482582 2.3500001430511475 8.399998664855957
141 0.016499999910593033 0.009444444440305233 1.7470588684082031 9.400002479553223
142 0.014500001445412636 0.010555555112659931 1.3736844062805176 16.00002670288086
143 0.013500000350177288 0.009444444440305233 1.429411768913269 12.40001392364502
144 0.014000000432133675 0.009999999776482582 1.4000000953674316 9.900004386901855
145 0.015500000678002834 0.009999999776482582 1.5500000715255737 11.400010108947754
146 0.016499999910593033 0.009444444440305233 1.7470588684082031 11.100008964538574
147 0.010999999940395355 0.009999999776482582 1.100000023841858 13.600018501281738
148 0.01850000023841858 0.009444444440305233 1.958823561668396 19.700040817260742
149 0.018000001087784767 0.009999999776482582 1.8000001907348633 12.300013542175293
150 0.015000000596046448 0.009999999776482582 1.5000001192092896 10.900008201599121
151 0.017000000923871994 0.010555555112659931 1.610526442527771 10.000004768371582
152 0.013000000268220901 0.009444444440305233 1.3764705657958984 6.299998760223389
153 0.020000001415610313 0.009999999776482582 2.000000238418579 14.100020408630371
154 0.02200000174343586 0.009999999776482582 2.200000286102295 14.500021934509277
155 0.009000000543892384 0.009444444440305233 0.9529412388801575 9.20000171661377
156 0.018000001087784767 0.009444444440305233 1.905882477760315 19.80004119873047
157 0.0195000022649765 0.009444444440305233 2.0647060871124268 11.600010871887207
158 0.01250000111758709 0.010555555112659931 1.1842106580734253 10.600007057189941
159 0.01250000111758709 0.010555555112659931 1.1842106580734253 7.599997520446777
160 0.01850000023841858 0.010555555112659931 1.752631664276123 9.700003623962402
161 0.017000000923871994 0.009444444440305233 1.8000000715255737 9.700003623962402
162 0.010999999940395355 0.009444444440305233 1.1647058725357056 12.600014686584473
163 0.010999999940395355 0.009444444440305233 1.1647058725357056 22.200050354003906
164 0.015500001609325409 0.009999999776482582 1.5500001907348633 13.500018119812012
165 0.013000000268220901 0.009444444440305233 1.3764705657958984 11.100008964538574
166 0.010500000789761543 0.009444444440305233 1.1117647886276245 19.000038146972656
167 0.014500000514090061 0.010555555112659931 1.373684287071228 10.300005912780762
168 0.01600000075995922 0.009444444440305233 1.694117784500122 8.499999046325684
169 0.014500000514090061 0.010555555112659931 1.373684287071228 12.600014686584473
170 0.012500000186264515 0.010555555112659931 1.1842105388641357 13.500018119812012
171 0.014500000514090061 0.010555555112659931 1.373684287071228 13.400017738342285
172 0.010000000707805157 0.010555555112659931 0.9473685026168823 8.29999828338623
173 0.010500000789761543 0.009999999776482582 1.0500000715255737 13.700018882751465
174 0.0215000007301569 0.009999999776482582 2.1500000953674316 9.100001335144043
175 0.017500001937150955 0.009444444440305233 1.8529413938522339 16.100027084350586
176 0.021000001579523087 0.009444444440305233 2.223529577255249 4.600000381469727
177 0.014500000514090061 0.010555555112659931 1.373684287071228 9.400002479553223
178 0.024500001221895218 0.009444444440305233 2.5941178798675537 11.000008583068848
179 0.018000001087784767 0.010555555112659931 1.705263376235962 12.200013160705566
180 0.01900000125169754 0.009444444440305233 2.0117647647857666 12.10001277923584
181 0.011500000953674316 0.009444444440305233 1.2176471948623657 10.800007820129395
182 0.015500000678002834 0.009999999776482582 1.5500000715255737 14.000020027160645
183 0.013000000268220901 0.009444444440305233 1.3764705657958984 16.100027084350586
184 0.01600000075995922 0.009444444440305233 1.694117784500122 15.00002384185791
185 0.018000001087784767 0.010555555112659931 1.705263376235962 5.099999904632568
186 0.01850000023841858 0.009999999776482582 1.850000023841858 10.000004768371582
187 0.011500000953674316 0.009444444440305233 1.2176471948623657 12.600014686584473
188 0.01900000125169754 0.010555555112659931 1.8000001907348633 13.400017738342285
189 0.012500000186264515 0.009444444440305233 1.3235294818878174 13.300017356872559
190 0.012000000104308128 0.009999999776482582 1.2000000476837158 9.600003242492676
191 0.01600000075995922 0.009999999776482582 1.6000001430511475 7.799997329711914
192 0.015500000678002834 0.010555555112659931 1.468421220779419 10.400006294250488
193 0.012000000104308128 0.009999999776482582 1.2000000476837158 10.200005531311035
194 0.012500000186264515 0.009999999776482582 1.25 6.699998378753662
195 0.018000001087784767 0.010555555112659931 1.705263376235962 9.900004386901855
196 0.018000001087784767 0.009444444440305233 1.905882477760315 6.599998474121094
197 0.013500000350177288 0.009444444440305233 1.429411768913269 11.300009727478027
198 0.01600000075995922 0.010555555112659931 1.5157896280288696 10.200005531311035
199 0.014000000432133675 0.009444444440305233 1.4823529720306396 12.800015449523926
200 0.012000000104308128 0.010555555112659931 1.136842131614685 8.29999828338623
201 0.01100000087171793 0.009999999776482582 1.1000001430511475 11.300009727478027
202 0.012000000104308128 0.009999999776482582 1.2000000476837158 15.100024223327637
203 0.017500001937150955 0.009444444440305233 1.8529413938522339 9.100001335144043
204 0.021500002592802048 0.009444444440305233 2.276470899581909 9.50000286102295
205 0.012500000186264515 0.009999999776482582 1.25 9.50000286102295
206 0.013000000268220901 0.009999999776482582 1.3000000715255737 12.000012397766113
207 0.011500000953674316 0.010555555112659931 1.089473843574524 9.600003242492676
208 0.016499999910593033 0.009444444440305233 1.7470588684082031 15.400025367736816
209 0.01850000023841858 0.010555555112659931 1.752631664276123 18.400035858154297
210 0.006500000134110451 0.009444444440305233 0.6882352828979492 8.499999046325684
211 0.014000000432133675 0.009999999776482582 1.4000000953674316 12.200013160705566
212 0.017000000923871994 0.009999999776482582 1.7000001668930054 9.600003242492676
213 0.016499999910593033 0.009999999776482582 1.649999976158142 13.200016975402832
214 0.016499999910593033 0.009999999776482582 1.649999976158142 13.600018501281738
215 0.01850000023841858 0.010555555112659931 1.752631664276123 7.399997711181641
216 0.018000001087784767 0.010555555112659931 1.705263376235962 9.900004386901855
217 0.015500001609325409 0.010555555112659931 1.468421220779419 15.700026512145996
218 0.01850000023841858 0.009999999776482582 1.850000023841858 4.500000476837158
219 0.017500001937150955 0.010555555112659931 1.6578949689865112 15.60002613067627
220 0.02250000089406967 0.009444444440305233 2.3823530673980713 14.100020408630371
221 0.017500001937150955 0.010555555112659931 1.6578949689865112 10.200005531311035
222 0.020500000566244125 0.010555555112659931 1.9421054124832153 9.700003623962402
223 0.014500000514090061 0.009444444440305233 1.5352941751480103 15.500025749206543
224 0.017000000923871994 0.010555555112659931 1.610526442527771 11.80001163482666
225 0.014000000432133675 0.009444444440305233 1.4823529720306396 6.499998569488525
226 0.0195000022649765 0.009999999776482582 1.950000286102295 12.300013542175293
227 0.015500000678002834 0.009444444440305233 1.6411765813827515 14.40002155303955
228 0.020000001415610313 0.009444444440305233 2.117647171020508 10.200005531311035
229 0.019500000402331352 0.009999999776482582 1.9500000476837158 9.400002479553223
230 0.013500000350177288 0.009999999776482582 1.350000023841858 8.29999828338623
231 0.017000000923871994 0.009999999776482582 1.7000001668930054 10.900008201599121
232 0.013000000268220901 0.009444444440305233 1.3764705657958984 10.200005531311035
233 0.021000001579523087 0.009999999776482582 2.1000001430511475 9.20000171661377
234 0.02200000174343586 0.010555555112659931 2.0842108726501465 9.20000171661377
235 0.017500001937150955 0.010555555112659931 1.6578949689865112 10.200005531311035
236 0.013500000350177288 0.010555555112659931 1.2789474725723267 7.999997138977051
237 0.016499999910593033 0.010555555112659931 1.5631579160690308 17.200031280517578
238 0.006500000134110451 0.009444444440305233 0.6882352828979492 18.200035095214844
239 0.017000000923871994 0.009999999776482582 1.7000001668930054 14.200020790100098
240 0.013000000268220901 0.010555555112659931 1.231579065322876 11.2000093460083
241 0.01850000023841858 0.009444444440305233 1.958823561668396 14.900023460388184
242 0.023500001057982445 0.009999999776482582 2.3500001430511475 4.600000381469727
243 0.01250000111758709 0.009444444440305233 1.3235294818878174 12.800015449523926
244 0.012000000104308128 0.009999999776482582 1.2000000476837158 10.100005149841309
245 0.014500000514090061 0.009999999776482582 1.4500000476837158 10.500006675720215
246 0.014500001445412636 0.009444444440305233 1.5352942943572998 9.000000953674316
247 0.00950000062584877 0.009444444440305233 1.0058823823928833 13.600018501281738
248 1.0 0.9733333587646484 1.0273972749710083 -94.89912414550781
249 0.020000001415610313 0.009999999776482582 2.000000238418579 11.600010871887207
250 0.011500000953674316 0.010555555112659931 1.089473843574524 12.800015449523926
251 0.015000000596046448 0.009999999776482582 1.5000001192092896 12.10001277923584
252 0.015500000678002834 0.010555555112659931 1.468421220779419 9.800004005432129
253 0.02199999988079071 0.009444444440305233 2.329411745071411 11.600010871887207
254 0.010500000789761543 0.009444444440305233 1.1117647886276245 15.400025367736816
255 0.016499999910593033 0.010555555112659931 1.5631579160690308 12.000012397766113
256 0.017000000923871994 0.009999999776482582 1.7000001668930054 9.800004005432129
257 0.013000000268220901 0.010555555112659931 1.231579065322876 11.600010871887207
258 0.012000000104308128 0.010555555112659931 1.136842131614685 9.50000286102295
259 0.015500000678002834 0.009444444440305233 1.6411765813827515 17.900033950805664
260 0.014500000514090061 0.010555555112659931 1.373684287071228 2.1000027656555176
261 0.01850000023841858 0.009444444440305233 1.958823561668396 11.300009727478027
262 0.0215000007301569 0.010555555112659931 2.0368423461914062 13.400017738342285
263 0.015500000678002834 0.009444444440305233 1.6411765813827515 15.60002613067627
264 0.01850000023841858 0.010555555112659931 1.752631664276123 12.500014305114746
265 0.010000000707805157 0.009444444440305233 1.058823585510254 6.999998092651367
266 0.017000000923871994 0.009444444440305233 1.8000000715255737 12.7000150680542
267 0.01600000075995922 0.009444444440305233 1.694117784500122 9.700003623962402
268 0.007500000298023224 0.009999999776482582 0.7500000596046448 11.80001163482666
269 0.015500000678002834 0.009999999776482582 1.5500000715255737 8.29999828338623
270 0.01600000075995922 0.010555555112659931 1.5157896280288696 11.100008964538574
271 0.020000001415610313 0.010555555112659931 1.8947370052337646 12.300013542175293
272 0.01250000111758709 0.009999999776482582 1.2500001192092896 11.600010871887207
273 0.018000001087784767 0.010555555112659931 1.705263376235962 11.300009727478027
274 0.018000001087784767 0.009444444440305233 1.905882477760315 5.999999046325684
275 0.014500000514090061 0.009444444440305233 1.5352941751480103 7.899997234344482
276 0.017000000923871994 0.010555555112659931 1.610526442527771 12.40001392364502
277 0.016499999910593033 0.010555555112659931 1.5631579160690308 11.80001163482666
278 0.018000001087784767 0.009444444440305233 1.905882477760315 13.500018119812012
279 0.024000000208616257 0.009444444440305233 2.5411765575408936 10.700007438659668
280 0.01600000075995922 0.009999999776482582 1.6000001430511475 10.600007057189941
281 0.011500000953674316 0.009444444440305233 1.2176471948623657 13.900019645690918
282 0.014500000514090061 0.010555555112659931 1.373684287071228 10.600007057189941
283 0.01600000075995922 0.010555555112659931 1.5157896280288696 11.000008583068848
284 0.017000000923871994 0.009999999776482582 1.7000001668930054 16.400028228759766
285 0.013500001281499863 0.010555555112659931 1.2789475917816162 10.300005912780762
286 0.017000000923871994 0.009999999776482582 1.7000001668930054 15.700026512145996
287 0.013000000268220901 0.009444444440305233 1.3764705657958984 6.899998188018799
288 0.009999999776482582 0.009999999776482582 1.0 9.800004005432129
289 0.014000000432133675 0.010555555112659931 1.3263158798217773 10.100005149841309
290 0.024000000208616257 0.010555555112659931 2.27368426322937 13.700018882751465
291 0.023000001907348633 0.009444444440305233 2.4352943897247314 7.799997329711914
292 0.00950000062584877 0.010555555112659931 0.9000000953674316 12.900015830993652
293 0.01600000075995922 0.009999999776482582 1.6000001430511475 9.20000171661377
294 0.01100000087171793 0.009444444440305233 1.1647059917449951 16.100027084350586
295 0.014000000432133675 0.009444444440305233 1.4823529720306396 9.700003623962402
296 0.01600000075995922 0.010555555112659931 1.5157896280288696 14.70002269744873
297 0.007500000298023224 0.009999999776482582 0.7500000596046448 13.000016212463379
298 0.01600000075995922 0.009444444440305233 1.694117784500122 11.100008964538574
299 0.020500000566244125 0.009444444440305233 2.170588254928589 13.700018882751465
300 0.01850000023841858 0.009999999776482582 1.850000023841858 12.200013160705566
301 0.01250000111758709 0.009999999776482582 1.2500001192092896 8.29999828338623
302 0.01600000075995922 0.010555555112659931 1.5157896280288696 11.600010871887207
303 0.021500002592802048 0.009999999776482582 2.1500003337860107 12.300013542175293
304 0.02199999988079071 0.009999999776482582 2.200000047683716 8.699999809265137
305 0.014000000432133675 0.009444444440305233 1.4823529720306396 13.000016212463379
306 0.0195000022649765 0.010555555112659931 1.8473687171936035 11.400010108947754
307 0.013500001281499863 0.009999999776482582 1.3500001430511475 15.800026893615723
308 0.00950000062584877 0.009999999776482582 0.9500001072883606 10.900008201599121
309 0.013000000268220901 0.010555555112659931 1.231579065322876 9.700003623962402
310 0.015000000596046448 0.009444444440305233 1.5882353782653809 12.40001392364502
311 0.020500000566244125 0.010555555112659931 1.9421054124832153 9.600003242492676
312 0.01900000125169754 0.009999999776482582 1.9000002145767212 12.000012397766113
313 0.013000000268220901 0.009999999776482582 1.3000000715255737 12.200013160705566
314 0.009999999776482582 0.010555555112659931 0.9473684430122375 6.999998092651367
315 0.02250000089406967 0.009444444440305233 2.3823530673980713 12.40001392364502
316 0.017000000923871994 0.009444444440305233 1.8000000715255737 9.100001335144043
317 0.014000000432133675 0.009444444440305233 1.4823529720306396 8.099997520446777
318 0.017000000923871994 0.009444444440305233 1.8000000715255737 13.100016593933105
319 0.02500000037252903 0.009444444440305233 2.6470589637756348 9.000000953674316
320 0.015000000596046448 0.009999999776482582 1.5000001192092896 15.60002613067627
321 0.021000001579523087 0.009999999776482582 2.1000001430511475 5.499999523162842
322 0.0195000022649765 0.009999999776482582 1.950000286102295 1.7000027894973755
323 0.00950000062584877 0.009444444440305233 1.0058823823928833 10.000004768371582
324 0.009999999776482582 0.010555555112659931 0.9473684430122375 13.600018501281738
325 0.017500001937150955 0.009999999776482582 1.750000238418579 1.9000028371810913
326 0.017500001937150955 0.009999999776482582 1.750000238418579 10.100005149841309
327 0.027000000700354576 0.009999999776482582 2.700000047683716 11.700011253356934
328 0.015500000678002834 0.009999999776482582 1.5500000715255737 13.100016593933105
329 0.020500000566244125 0.009999999776482582 2.0500001907348633 10.700007438659668
330 0.01250000111758709 0.009999999776482582 1.2500001192092896 11.900012016296387
331 0.0195000022649765 0.010555555112659931 1.8473687171936035 11.400010108947754
332 0.015500000678002834 0.010555555112659931 1.468421220779419 14.300021171569824
333 0.017500001937150955 0.009444444440305233 1.8529413938522339 12.200013160705566
334 0.013000000268220901 0.009444444440305233 1.3764705657958984 10.300005912780762
335 0.024000000208616257 0.009444444440305233 2.5411765575408936 13.900019645690918
336 0.014000000432133675 0.010555555112659931 1.3263158798217773 10.000004768371582
337 0.01900000125169754 0.010555555112659931 1.8000001907348633 5.199999809265137
338 0.01850000023841858 0.009444444440305233 1.958823561668396 7.399997711181641
339 0.02250000089406967 0.009444444440305233 2.3823530673980713 10.300005912780762
340 0.01250000111758709 0.010555555112659931 1.1842106580734253 5.199999809265137
341 0.021500002592802048 0.009999999776482582 2.1500003337860107 4.900000095367432
342 0.017500001937150955 0.009999999776482582 1.750000238418579 5.099999904632568
343 0.016499999910593033 0.010555555112659931 1.5631579160690308 12.10001277923584
344 0.012000000104308128 0.010555555112659931 1.136842131614685 9.300002098083496
345 0.01900000125169754 0.009999999776482582 1.9000002145767212 11.2000093460083
346 0.014500001445412636 0.009444444440305233 1.5352942943572998 11.700011253356934
347 0.014500000514090061 0.009444444440305233 1.5352941751480103 9.700003623962402
348 0.0195000022649765 0.009444444440305233 2.0647060871124268 15.00002384185791
349 0.017000000923871994 0.009444444440305233 1.8000000715255737 10.900008201599121
350 0.0215000007301569 0.009999999776482582 2.1500000953674316 12.000012397766113
351 0.021000001579523087 0.009444444440305233 2.223529577255249 11.600010871887207
352 0.02250000089406967 0.009444444440305233 2.3823530673980713 20.700044631958008
353 0.01900000125169754 0.010555555112659931 1.8000001907348633 15.00002384185791
354 0.008500000461935997 0.010555555112659931 0.8052632212638855 12.10001277923584
355 0.016500001773238182 0.010555555112659931 1.5631581544876099 8.59999942779541
356 0.011500000953674316 0.010555555112659931 1.089473843574524 12.40001392364502
357 0.00950000062584877 0.010555555112659931 0.9000000953674316 20.000041961669922
358 0.0195000022649765 0.010555555112659931 1.8473687171936035 7.799997329711914
359 0.021000001579523087 0.009999999776482582 2.1000001430511475 9.20000171661377
360 0.015000000596046448 0.009444444440305233 1.5882353782653809 2.3000025749206543
361 0.011500000953674316 0.009444444440305233 1.2176471948623657 12.200013160705566
362 0.016499999910593033 0.010555555112659931 1.5631579160690308 12.300013542175293
363 0.00950000062584877 0.009444444440305233 1.0058823823928833 13.400017738342285
364 0.007000000216066837 0.009444444440305233 0.7411764860153198 11.300009727478027
365 0.018000001087784767 0.009444444440305233 1.905882477760315 20.200042724609375
366 0.010500000789761543 0.010555555112659931 0.9947369694709778 10.500006675720215
367 0.018000001087784767 0.009444444440305233 1.905882477760315 10.700007438659668
368 0.013500000350177288 0.010555555112659931 1.2789474725723267 17.200031280517578
369 0.012000000104308128 0.009999999776482582 1.2000000476837158 6.7999982833862305
370 0.015500000678002834 0.009999999776482582 1.5500000715255737 9.900004386901855
371 0.01900000125169754 0.009444444440305233 2.0117647647857666 12.300013542175293
372 0.024000000208616257 0.009444444440305233 2.5411765575408936 16.200027465820312
373 0.01600000075995922 0.009444444440305233 1.694117784500122 7.399997711181641
374 0.015500000678002834 0.010555555112659931 1.468421220779419 11.2000093460083
375 0.017000000923871994 0.009999999776482582 1.7000001668930054 12.600014686584473
376 0.027499999850988388 0.010555555112659931 2.6052632331848145 20.3000431060791
377 0.02250000089406967 0.009444444440305233 2.3823530673980713 11.80001163482666
378 0.015500000678002834 0.009999999776482582 1.5500000715255737 10.100005149841309
379 0.010999999940395355 0.009444444440305233 1.1647058725357056 10.900008201599121
380 0.012000000104308128 0.010555555112659931 1.136842131614685 13.400017738342285
381 0.01900000125169754 0.009999999776482582 1.9000002145767212 13.500018119812012
382 0.01900000125169754 0.010555555112659931 1.8000001907348633 8.399998664855957
383 0.015000000596046448 0.009444444440305233 1.5882353782653809 11.000008583068848
384 0.017500001937150955 0.010555555112659931 1.6578949689865112 11.100008964538574
385 0.010999999940395355 0.009999999776482582 1.100000023841858 13.900019645690918
386 0.014500000514090061 0.009444444440305233 1.5352941751480103 10.700007438659668
387 0.018000001087784767 0.010555555112659931 1.705263376235962 6.999998092651367
388 0.017500001937150955 0.009999999776482582 1.750000238418579 14.000020027160645
389 0.010500000789761543 0.009999999776482582 1.0500000715255737 9.100001335144043
390 0.01900000125169754 0.009999999776482582 1.9000002145767212 7.899997234344482
391 0.021000001579523087 0.010555555112659931 1.9894739389419556 18.00003433227539
392 0.015500000678002834 0.010555555112659931 1.468421220779419 8.29999828338623
393 0.010500000789761543 0.010555555112659931 0.9947369694709778 11.50001049041748
394 0.01250000111758709 0.009444444440305233 1.3235294818878174 10.300005912780762
395 0.01850000023841858 0.010555555112659931 1.752631664276123 5.199999809265137
396 0.020500000566244125 0.009444444440305233 2.170588254928589 18.100034713745117
397 0.019999999552965164 0.009444444440305233 2.1176469326019287 19.000038146972656
398 0.01900000125169754 0.009444444440305233 2.0117647647857666 14.200020790100098
399 0.013000000268220901 0.010555555112659931 1.231579065322876 11.50001049041748
400 0.011500000953674316 0.009999999776482582 1.1500000953674316 9.300002098083496
401 0.020500000566244125 0.010555555112659931 1.9421054124832153 14.40002155303955
402 0.02250000089406967 0.009999999776482582 2.250000238418579 9.20000171661377
403 0.01900000125169754 0.009444444440305233 2.0117647647857666 10.700007438659668
404 0.011500000953674316 0.009444444440305233 1.2176471948623657 10.300005912780762
405 0.012000000104308128 0.009444444440305233 1.2705882787704468 9.400002479553223
406 0.014000000432133675 0.010555555112659931 1.3263158798217773 14.200020790100098
407 0.020000001415610313 0.009444444440305233 2.117647171020508 14.70002269744873
408 0.014000000432133675 0.009444444440305233 1.4823529720306396 11.600010871887207
409 0.014500000514090061 0.009444444440305233 1.5352941751480103 11.50001049041748
410 0.01600000075995922 0.009444444440305233 1.694117784500122 10.800007820129395
411 0.0195000022649765 0.009444444440305233 2.0647060871124268 16.30002784729004
412 0.026000000536441803 0.009999999776482582 2.6000001430511475 9.20000171661377
413 0.01850000023841858 0.009444444440305233 1.958823561668396 11.2000093460083
414 0.016499999910593033 0.010555555112659931 1.5631579160690308 13.500018119812012
415 0.016499999910593033 0.009444444440305233 1.7470588684082031 7.0999979972839355
416 0.03150000050663948 0.009444444440305233 3.335294246673584 12.000012397766113
417 0.011500000953674316 0.009444444440305233 1.2176471948623657 12.000012397766113
418 0.016499999910593033 0.010555555112659931 1.5631579160690308 4.3000006675720215
419 0.018000001087784767 0.009444444440305233 1.905882477760315 18.00003433227539
420 0.008500000461935997 0.009444444440305233 0.9000000357627869 10.500006675720215
421 0.012000000104308128 0.009444444440305233 1.2705882787704468 7.699997425079346
422 0.017500001937150955 0.009444444440305233 1.8529413938522339 11.600010871887207
423 0.017500001937150955 0.009999999776482582 1.750000238418579 5.799999237060547
424 0.024000000208616257 0.010555555112659931 2.27368426322937 17.000030517578125
425 0.0195000022649765 0.010555555112659931 1.8473687171936035 11.600010871887207
426 0.012000000104308128 0.009999999776482582 1.2000000476837158 11.700011253356934
427 0.015000000596046448 0.009999999776482582 1.5000001192092896 8.099997520446777
428 0.016499999910593033 0.009444444440305233 1.7470588684082031 11.100008964538574
429 0.02199999988079071 0.009444444440305233 2.329411745071411 12.40001392364502
430 0.020000001415610313 0.009444444440305233 2.117647171020508 14.40002155303955
431 0.016499999910593033 0.009999999776482582 1.649999976158142 11.2000093460083
432 0.017000000923871994 0.009999999776482582 1.7000001668930054 7.599997520446777
433 0.014000000432133675 0.010555555112659931 1.3263158798217773 9.900004386901855
434 0.018000001087784767 0.009444444440305233 1.905882477760315 16.60002899169922
435 0.018000001087784767 0.010555555112659931 1.705263376235962 8.099997520446777
436 0.017000000923871994 0.009444444440305233 1.8000000715255737 6.7999982833862305
437 0.016499999910593033 0.009444444440305233 1.7470588684082031 12.800015449523926
438 0.006500000134110451 0.009444444440305233 0.6882352828979492 10.000004768371582
439 0.021000001579523087 0.009444444440305233 2.223529577255249 10.300005912780762
440 0.013500000350177288 0.009444444440305233 1.429411768913269 6.699998378753662
441 0.00950000062584877 0.009999999776482582 0.9500001072883606 12.200013160705566
442 0.024500001221895218 0.009444444440305233 2.5941178798675537 13.400017738342285
443 0.016500001773238182 0.010555555112659931 1.5631581544876099 10.900008201599121
444 0.018000001087784767 0.009999999776482582 1.8000001907348633 7.199997901916504
445 0.023500001057982445 0.009444444440305233 2.4882354736328125 6.7999982833862305
446 1.0 1.0 1.0 -94.89912414550781
447 0.020500000566244125 0.009444444440305233 2.170588254928589 8.699999809265137
448 0.025499999523162842 0.009999999776482582 2.549999952316284 3.000001907348633
449 0.026000000536441803 0.010555555112659931 2.463158130645752 3.4000015258789062
450 1.0 0.8899999856948853 1.1235954761505127 -94.89912414550781
451 0.014000000432133675 0.010555555112659931 1.3263158798217773 4.500000476837158
452 0.01600000075995922 0.009444444440305233 1.694117784500122 13.300017356872559
453 0.0195000022649765 0.009999999776482582 1.950000286102295 12.300013542175293
454 0.00950000062584877 0.009444444440305233 1.0058823823928833 13.100016593933105
455 0.010999999940395355 0.009999999776482582 1.100000023841858 9.000000953674316
456 0.015500000678002834 0.009999999776482582 1.5500000715255737 10.600007057189941
457 0.020500000566244125 0.009999999776482582 2.0500001907348633 9.800004005432129
458 0.015000000596046448 0.009999999776482582 1.5000001192092896 5.6999993324279785
459 0.012000000104308128 0.009444444440305233 1.2705882787704468 16.200027465820312
460 0.014000000432133675 0.009999999776482582 1.4000000953674316 10.400006294250488
461 0.023000001907348633 0.009999999776482582 2.3000001907348633 13.400017738342285
462 0.012500000186264515 0.009999999776482582 1.25 11.600010871887207
463 0.026500001549720764 0.010555555112659931 2.510526657104492 4.500000476837158
464 0.014000000432133675 0.009999999776482582 1.4000000953674316 13.600018501281738
465 0.01900000125169754 0.009999999776482582 1.9000002145767212 11.600010871887207
466 0.0195000022649765 0.010555555112659931 1.8473687171936035 13.200016975402832
467 0.020000001415610313 0.010555555112659931 1.8947370052337646 12.40001392364502
468 0.011500000953674316 0.009444444440305233 1.2176471948623657 12.7000150680542
469 0.017000000923871994 0.009999999776482582 1.7000001668930054 8.59999942779541
470 0.017500001937150955 0.010555555112659931 1.6578949689865112 16.700029373168945
471 0.016499999910593033 0.009999999776482582 1.649999976158142 10.900008201599121
472 0.027000002562999725 0.009444444440305233 2.858823776245117 4.40000057220459
473 0.01900000125169754 0.009999999776482582 1.9000002145767212 13.400017738342285
474 0.015000000596046448 0.009444444440305233 1.5882353782653809 10.100005149841309
475 0.014500000514090061 0.009999999776482582 1.4500000476837158 12.300013542175293
476 0.018000001087784767 0.009999999776482582 1.8000001907348633 12.7000150680542
477 0.018000001087784767 0.010555555112659931 1.705263376235962 12.000012397766113
478 0.01900000125169754 0.010555555112659931 1.8000001907348633 16.100027084350586
479 0.017500001937150955 0.009999999776482582 1.750000238418579 10.900008201599121
480 0.016499999910593033 0.009444444440305233 1.7470588684082031 4.200000762939453
481 0.016499999910593033 0.009999999776482582 1.649999976158142 8.699999809265137
482 0.014500000514090061 0.009444444440305233 1.5352941751480103 10.900008201599121
483 0.014500000514090061 0.009999999776482582 1.4500000476837158 14.100020408630371
484 0.01600000075995922 0.009444444440305233 1.694117784500122 14.200020790100098
485 0.011500000953674316 0.010555555112659931 1.089473843574524 12.800015449523926
486 0.011500000953674316 0.009444444440305233 1.2176471948623657 10.000004768371582
487 0.021000001579523087 0.009999999776482582 2.1000001430511475 14.000020027160645
488 0.014500000514090061 0.010555555112659931 1.373684287071228 8.800000190734863
489 0.014000000432133675 0.010555555112659931 1.3263158798217773 9.100001335144043
490 0.015000000596046448 0.009444444440305233 1.5882353782653809 9.800004005432129
491 0.015000000596046448 0.010555555112659931 1.4210526943206787 6.999998092651367
492 0.026000000536441803 0.009999999776482582 2.6000001430511475 15.700026512145996
493 0.01850000023841858 0.009444444440305233 1.958823561668396 5.199999809265137
494 0.023000001907348633 0.010555555112659931 2.178947687149048 16.700029373168945
495 0.0195000022649765 0.009444444440305233 2.0647060871124268 12.900015830993652
496 0.020500000566244125 0.009999999776482582 2.0500001907348633 4.40000057220459
497 0.021000001579523087 0.009999999776482582 2.1000001430511475 10.600007057189941
498 0.02500000223517418 0.009444444440305233 2.6470589637756348 5.099999904632568
499 0.015500000678002834 0.009999999776482582 1.5500000715255737 8.099997520446777
500 0.017000000923871994 0.009999999776482582 1.7000001668930054 7.499997615814209
501 0.015000000596046448 0.009999999776482582 1.5000001192092896 17.900033950805664
502 0.017500001937150955 0.009999999776482582 1.750000238418579 10.800007820129395
503 0.017500001937150955 0.010555555112659931 1.6578949689865112 8.800000190734863
504 0.01900000125169754 0.010555555112659931 1.8000001907348633 20.800045013427734
505 0.016499999910593033 0.009999999776482582 1.649999976158142 9.100001335144043
506 0.015000000596046448 0.009999999776482582 1.5000001192092896 12.10001277923584
507 0.013500001281499863 0.010555555112659931 1.2789475917816162 8.699999809265137
508 0.012500000186264515 0.009999999776482582 1.25 2.800002098083496
509 0.01600000075995922 0.009999999776482582 1.6000001430511475 5.59999942779541
510 0.009999999776482582 0.009444444440305233 1.0588234663009644 15.500025749206543
511 0.017000000923871994 0.009999999776482582 1.7000001668930054 7.799997329711914
512 0.020000001415610313 0.009999999776482582 2.000000238418579 5.799999237060547
513 0.02500000037252903 0.010555555112659931 2.3684210777282715 16.100027084350586
514 0.01850000023841858 0.009999999776482582 1.850000023841858 15.90002727508545
515 0.015000000596046448 0.009444444440305233 1.5882353782653809 12.40001392364502
516 0.015000000596046448 0.009444444440305233 1.5882353782653809 7.699997425079346
517 0.016499999910593033 0.009444444440305233 1.7470588684082031 17.900033950805664
518 0.018000001087784767 0.009999999776482582 1.8000001907348633 12.40001392364502
519 0.01600000075995922 0.009999999776482582 1.6000001430511475 14.100020408630371
520 0.013500000350177288 0.010555555112659931 1.2789474725723267 11.50001049041748
521 0.012500000186264515 0.009444444440305233 1.3235294818878174 13.000016212463379
522 0.017000000923871994 0.009999999776482582 1.7000001668930054 7.999997138977051
523 0.01900000125169754 0.009999999776482582 1.9000002145767212 13.100016593933105
524 0.013500001281499863 0.009444444440305233 1.4294118881225586 8.90000057220459
525 0.01900000125169754 0.009999999776482582 1.9000002145767212 10.300005912780762
526 0.016499999910593033 0.009444444440305233 1.7470588684082031 13.300017356872559
527 0.013500000350177288 0.009444444440305233 1.429411768913269 10.700007438659668
528 0.020000001415610313 0.010555555112659931 1.8947370052337646 13.300017356872559
529 0.017500001937150955 0.009444444440305233 1.8529413938522339 13.500018119812012
530 0.01900000125169754 0.009444444440305233 2.0117647647857666 12.7000150680542
531 0.02199999988079071 0.010555555112659931 2.0842106342315674 7.999997138977051
532 0.026500001549720764 0.009444444440305233 2.805882453918457 9.50000286102295
533 0.01600000075995922 0.009444444440305233 1.694117784500122 10.300005912780762
534 0.020500000566244125 0.009444444440305233 2.170588254928589 13.900019645690918
535 0.017000000923871994 0.009999999776482582 1.7000001668930054 10.000004768371582
536 0.010500000789761543 0.009444444440305233 1.1117647886276245 10.700007438659668
537 0.020500000566244125 0.009444444440305233 2.170588254928589 13.200016975402832
538 0.02199999988079071 0.010555555112659931 2.0842106342315674 11.000008583068848
539 0.013500001281499863 0.010555555112659931 1.2789475917816162 10.800007820129395
540 0.009000000543892384 0.009999999776482582 0.9000000953674316 16.700029373168945
541 0.021000001579523087 0.009444444440305233 2.223529577255249 18.200035095214844
542 0.018000001087784767 0.009444444440305233 1.905882477760315 12.900015830993652
543 0.019500000402331352 0.009444444440305233 2.0647058486938477 3.7000012397766113
544 0.01900000125169754 0.009999999776482582 1.9000002145767212 6.699998378753662
545 0.010500000789761543 0.009999999776482582 1.0500000715255737 12.000012397766113
546 0.012000000104308128 0.010555555112659931 1.136842131614685 9.50000286102295
547 0.013500000350177288 0.009444444440305233 1.429411768913269 13.900019645690918
548 0.020000001415610313 0.009444444440305233 2.117647171020508 9.300002098083496
549 0.02250000089406967 0.009999999776482582 2.250000238418579 10.300005912780762
550 0.021000001579523087 0.009444444440305233 2.223529577255249 14.900023460388184
551 0.01250000111758709 0.009999999776482582 1.2500001192092896 7.499997615814209
552 0.018000001087784767 0.010555555112659931 1.705263376235962 0.6000025272369385
553 0.014500000514090061 0.009999999776482582 1.4500000476837158 7.199997901916504
554 0.01900000125169754 0.009444444440305233 2.0117647647857666 9.000000953674316
555 0.020500000566244125 0.009444444440305233 2.170588254928589 13.200016975402832
556 0.021000001579523087 0.009444444440305233 2.223529577255249 10.100005149841309
557 0.015500000678002834 0.009999999776482582 1.5500000715255737 11.100008964538574
558 0.01600000075995922 0.010555555112659931 1.5157896280288696 9.300002098083496
559 0.017500001937150955 0.009444444440305233 1.8529413938522339 8.800000190734863
560 0.01600000075995922 0.010555555112659931 1.5157896280288696 11.50001049041748
561 0.01600000075995922 0.009444444440305233 1.694117784500122 7.999997615814209
562 0.006500000134110451 0.009999999776482582 0.6500000357627869 10.700007438659668
563 0.020500000566244125 0.009999999776482582 2.0500001907348633 7.899997234344482
564 0.01100000087171793 0.009999999776482582 1.1000001430511475 10.400006294250488
565 0.013000000268220901 0.010555555112659931 1.231579065322876 9.800004005432129
566 0.0215000007301569 0.009444444440305233 2.27647066116333 12.300013542175293
567 0.015000000596046448 0.009999999776482582 1.5000001192092896 8.699999809265137
568 0.00950000062584877 0.009999999776482582 0.9500001072883606 7.0999979972839355
569 0.021000001579523087 0.010555555112659931 1.9894739389419556 10.100005149841309
570 0.0195000022649765 0.010555555112659931 1.8473687171936035 10.400006294250488
571 0.013500001281499863 0.009444444440305233 1.4294118881225586 16.00002670288086
572 0.027000000700354576 0.009999999776482582 2.700000047683716 10.300005912780762
573 0.01850000023841858 0.009999999776482582 1.850000023841858 9.900004386901855
574 0.021000001579523087 0.009444444440305233 2.223529577255249 14.200020790100098
575 0.021500002592802048 0.009999999776482582 2.1500003337860107 13.800019264221191
576 0.012000000104308128 0.009444444440305233 1.2705882787704468 7.499997615814209
577 0.00950000062584877 0.009444444440305233 1.0058823823928833 14.000020027160645
578 0.015000000596046448 0.009999999776482582 1.5000001192092896 14.300021171569824
579 0.021000001579523087 0.009444444440305233 2.223529577255249 9.700003623962402
580 0.01100000087171793 0.009999999776482582 1.1000001430511475 11.600010871887207
581 0.0195000022649765 0.009444444440305233 2.0647060871124268 12.800015449523926
582 0.006000000052154064 0.009444444440305233 0.6352941393852234 10.700007438659668
583 1.0 0.8472222089767456 1.1803278923034668 -94.89912414550781
584 0.021500002592802048 0.010555555112659931 2.0368423461914062 2.3000025749206543
585 0.014000000432133675 0.009999999776482582 1.4000000953674316 11.700011253356934
586 0.013500000350177288 0.009444444440305233 1.429411768913269 13.800019264221191
587 0.013500001281499863 0.009999999776482582 1.3500001430511475 10.200005531311035
588 0.008500000461935997 0.009999999776482582 0.8500000834465027 11.000008583068848
589 0.02199999988079071 0.010555555112659931 2.0842106342315674 19.100038528442383
590 0.019999999552965164 0.009999999776482582 2.0 12.500014305114746
591 0.012000000104308128 0.009999999776482582 1.2000000476837158 13.000016212463379
592 0.015000000596046448 0.009999999776482582 1.5000001192092896 8.499999046325684
593 0.01850000023841858 0.010555555112659931 1.752631664276123 13.300017356872559
594 0.018000001087784767 0.010555555112659931 1.705263376235962 6.999998092651367
595 0.01850000023841858 0.010555555112659931 1.752631664276123 8.499999046325684
596 0.010000000707805157 0.009444444440305233 1.058823585510254 9.50000286102295
597 0.011500000953674316 0.010555555112659931 1.089473843574524 11.50001049041748
598 0.0195000022649765 0.009444444440305233 2.0647060871124268 9.300002098083496
599 0.01900000125169754 0.009999999776482582 1.9000002145767212 8.399998664855957
600 0.012000000104308128 0.010555555112659931 1.136842131614685 9.900004386901855
601 0.017999999225139618 0.010555555112659931 1.7052631378173828 10.500006675720215
602 0.021500002592802048 0.010555555112659931 2.0368423461914062 10.700007438659668
603 0.01250000111758709 0.010555555112659931 1.1842106580734253 15.500025749206543
604 0.01600000075995922 0.009444444440305233 1.694117784500122 6.7999982833862305
605 0.014500001445412636 0.009444444440305233 1.5352942943572998 20.10004234313965
606 0.02199999988079071 0.009999999776482582 2.200000047683716 8.499999046325684
607 0.014000000432133675 0.010555555112659931 1.3263158798217773 11.700011253356934
608 0.016499999910593033 0.010555555112659931 1.5631579160690308 12.900015830993652
609 0.016499999910593033 0.009999999776482582 1.649999976158142 12.10001277923584
610 0.021000001579523087 0.010555555112659931 1.9894739389419556 15.400025367736816
611 0.014500001445412636 0.010555555112659931 1.3736844062805176 7.199997901916504
612 0.013500000350177288 0.009999999776482582 1.350000023841858 11.600010871887207
613 0.01850000023841858 0.009444444440305233 1.958823561668396 15.400025367736816
614 0.0215000007301569 0.009999999776482582 2.1500000953674316 10.200005531311035
615 0.013500001281499863 0.010555555112659931 1.2789475917816162 12.10001277923584
616 0.010500000789761543 0.010555555112659931 0.9947369694709778 7.799997329711914
617 0.017500001937150955 0.009999999776482582 1.750000238418579 9.600003242492676
618 0.016499999910593033 0.010555555112659931 1.5631579160690308 9.400002479553223
619 0.0195000022649765 0.009444444440305233 2.0647060871124268 16.800029754638672
620 0.017500001937150955 0.009444444440305233 1.8529413938522339 7.199997901916504
621 0.01900000125169754 0.009444444440305233 2.0117647647857666 10.800007820129395
622 0.013500000350177288 0.009999999776482582 1.350000023841858 12.200013160705566
623 0.01900000125169754 0.009999999776482582 1.9000002145767212 13.200016975402832
624 0.00950000062584877 0.009444444440305233 1.0058823823928833 12.300013542175293
625 0.007000000216066837 0.009999999776482582 0.7000000476837158 11.700011253356934
626 0.02550000138580799 0.010555555112659931 2.4157896041870117 0.200002521276474
627 0.02199999988079071 0.009999999776482582 2.200000047683716 13.000016212463379
628 0.018000001087784767 0.009999999776482582 1.8000001907348633 8.29999828338623
629 0.01600000075995922 0.009444444440305233 1.694117784500122 12.000012397766113
630 0.013500000350177288 0.009444444440305233 1.429411768913269 10.200005531311035
631 0.016499999910593033 0.010555555112659931 1.5631579160690308 9.300002098083496
632 0.00950000062584877 0.009444444440305233 1.0058823823928833 13.200016975402832
633 0.018000001087784767 0.009999999776482582 1.8000001907348633 14.40002155303955
634 0.017000000923871994 0.009444444440305233 1.8000000715255737 15.200024604797363
635 0.015500000678002834 0.009999999776482582 1.5500000715255737 12.600014686584473
636 0.021500002592802048 0.010555555112659931 2.0368423461914062 12.40001392364502
637 0.018000001087784767 0.009444444440305233 1.905882477760315 13.700018882751465
638 0.023500001057982445 0.009999999776482582 2.3500001430511475 11.700011253356934
639 0.01600000075995922 0.009444444440305233 1.694117784500122 19.400039672851562
640 0.017500001937150955 0.009444444440305233 1.8529413938522339 8.29999828338623
641 0.010500000789761543 0.009444444440305233 1.1117647886276245 12.10001277923584
642 0.015000000596046448 0.010555555112659931 1.4210526943206787 9.300002098083496
643 0.015000000596046448 0.010555555112659931 1.4210526943206787 10.300005912780762
644 0.017000000923871994 0.009999999776482582 1.7000001668930054 14.300021171569824
645 0.013500000350177288 0.009999999776482582 1.350000023841858 11.50001049041748
646 0.009000000543892384 0.009999999776482582 0.9000000953674316 13.000016212463379
647 0.019999999552965164 0.009444444440305233 2.1176469326019287 5.099999904632568
648 0.013500001281499863 0.009444444440305233 1.4294118881225586 11.80001163482666
649 0.010500000789761543 0.009444444440305233 1.1117647886276245 13.800019264221191
650 0.01900000125169754 0.009999999776482582 1.9000002145767212 10.400006294250488
651 0.00950000062584877 0.009999999776482582 0.9500001072883606 6.7999982833862305
652 0.01600000075995922 0.009999999776482582 1.6000001430511475 13.900019645690918
653 0.023000000044703484 0.009999999776482582 2.299999952316284 12.600014686584473
654 0.014500000514090061 0.009444444440305233 1.5352941751480103 14.900023460388184
655 0.01600000075995922 0.010555555112659931 1.5157896280288696 12.40001392364502
656 0.014000000432133675 0.009999999776482582 1.4000000953674316 9.700003623962402
657 0.012000000104308128 0.010555555112659931 1.136842131614685 12.10001277923584
658 0.011500000953674316 0.009444444440305233 1.2176471948623657 13.000016212463379
659 0.020000001415610313 0.009444444440305233 2.117647171020508 10.300005912780762
660 1.0 0.6766666769981384 1.4778324365615845 -94.89912414550781
661 0.01600000075995922 0.009999999776482582 1.6000001430511475 10.400006294250488
662 0.018000001087784767 0.009999999776482582 1.8000001907348633 9.900004386901855
663 0.021500002592802048 0.009999999776482582 2.1500003337860107 11.400010108947754
664 0.021000001579523087 0.010555555112659931 1.9894739389419556 12.40001392364502
665 0.018000001087784767 0.009444444440305233 1.905882477760315 11.700011253356934
666 0.016499999910593033 0.009999999776482582 1.649999976158142 16.500028610229492
667 0.01850000023841858 0.010555555112659931 1.752631664276123 11.000008583068848
668 0.023500001057982445 0.010555555112659931 2.226315975189209 6.999998092651367
669 0.009000000543892384 0.010555555112659931 0.852631688117981 12.10001277923584
670 0.015000000596046448 0.010555555112659931 1.4210526943206787 13.000016212463379
671 0.011500000953674316 0.009444444440305233 1.2176471948623657 11.400010108947754
672 0.00950000062584877 0.010555555112659931 0.9000000953674316 9.700003623962402
673 0.013500000350177288 0.009999999776482582 1.350000023841858 11.700011253356934
674 0.01850000023841858 0.009999999776482582 1.850000023841858 9.700003623962402
675 0.01600000075995922 0.010555555112659931 1.5157896280288696 5.0
676 0.017500001937150955 0.009999999776482582 1.750000238418579 11.600010871887207
677 0.016499999910593033 0.009444444440305233 1.7470588684082031 11.100008964538574
678 0.015500001609325409 0.009999999776482582 1.5500001907348633 15.100024223327637
679 0.011500000953674316 0.010555555112659931 1.089473843574524 11.000008583068848
680 0.015000000596046448 0.009999999776482582 1.5000001192092896 10.300005912780762
681 0.01600000075995922 0.009444444440305233 1.694117784500122 12.200013160705566
682 0.011500000953674316 0.009444444440305233 1.2176471948623657 9.20000171661377
683 0.016499999910593033 0.010555555112659931 1.5631579160690308 11.100008964538574
684 0.01900000125169754 0.010555555112659931 1.8000001907348633 8.199997901916504
685 0.01900000125169754 0.010555555112659931 1.8000001907348633 1.8000028133392334
686 0.017000000923871994 0.009999999776482582 1.7000001668930054 8.59999942779541
687 0.014500000514090061 0.010555555112659931 1.373684287071228 14.900023460388184
688 0.01600000075995922 0.009999999776482582 1.6000001430511475 14.300021171569824
689 0.01250000111758709 0.010555555112659931 1.1842106580734253 6.699998378753662
690 0.014000000432133675 0.010555555112659931 1.3263158798217773 5.899999141693115
691 0.011500000953674316 0.009999999776482582 1.1500000953674316 13.900019645690918
692 0.02500000037252903 0.009999999776482582 2.5 7.199997901916504
693 0.017500001937150955 0.009444444440305233 1.8529413938522339 14.70002269744873
694 0.00950000062584877 0.009444444440305233 1.0058823823928833 12.200013160705566
695 0.015500000678002834 0.009999999776482582 1.5500000715255737 10.300005912780762
696 0.015000000596046448 0.009999999776482582 1.5000001192092896 10.400006294250488
697 0.01900000125169754 0.009444444440305233 2.0117647647857666 9.100001335144043
698 0.015000000596046448 0.009444444440305233 1.5882353782653809 12.300013542175293
699 0.013000000268220901 0.009444444440305233 1.3764705657958984 11.50001049041748
700 0.01900000125169754 0.009444444440305233 2.0117647647857666 7.899997234344482
701 0.015500000678002834 0.009444444440305233 1.6411765813827515 11.700011253356934
702 0.017500001937150955 0.010555555112659931 1.6578949689865112 12.40001392364502
703 0.017000000923871994 0.009999999776482582 1.7000001668930054 10.100005149841309
704 0.013500001281499863 0.009444444440305233 1.4294118881225586 11.600010871887207
705 0.015000000596046448 0.009444444440305233 1.5882353782653809 11.100008964538574
706 0.014500001445412636 0.010555555112659931 1.3736844062805176 10.600007057189941
707 0.006500000134110451 0.010555555112659931 0.615789532661438 10.700007438659668
708 0.015500000678002834 0.009444444440305233 1.6411765813827515 10.000004768371582
709 0.014000000432133675 0.009999999776482582 1.4000000953674316 11.900012016296387
710 0.021000001579523087 0.010555555112659931 1.9894739389419556 13.500018119812012
711 0.017000000923871994 0.009444444440305233 1.8000000715255737 16.700029373168945
712 0.013000000268220901 0.009444444440305233 1.3764705657958984 18.400035858154297
713 0.020000001415610313 0.010555555112659931 1.8947370052337646 11.900012016296387
714 0.00950000062584877 0.009444444440305233 1.0058823823928833 9.50000286102295
715 0.024000000208616257 0.009444444440305233 2.5411765575408936 10.600007057189941
716 0.02199999988079071 0.009444444440305233 2.329411745071411 10.900008201599121
717 0.02200000174343586 0.010555555112659931 2.0842108726501465 3.100001811981201
718 0.025499999523162842 0.010555555112659931 2.4157896041870117 1.9000028371810913
719 0.014500000514090061 0.009444444440305233 1.5352941751480103 10.700007438659668
720 0.020000001415610313 0.009999999776482582 2.000000238418579 14.600022315979004
721 0.026500001549720764 0.009444444440305233 2.805882453918457 3.000001907348633
722 0.0195000022649765 0.009444444440305233 2.0647060871124268 10.200005531311035
723 0.01250000111758709 0.009999999776482582 1.2500001192092896 14.900023460388184
724 0.010500000789761543 0.010555555112659931 0.9947369694709778 7.899997234344482
725 0.016499999910593033 0.009444444440305233 1.7470588684082031 10.100005149841309
726 0.01900000125169754 0.009444444440305233 2.0117647647857666 10.900008201599121
727 0.020500000566244125 0.010555555112659931 1.9421054124832153 3.300001621246338
728 0.015500000678002834 0.009444444440305233 1.6411765813827515 14.40002155303955
729 0.008999999612569809 0.009444444440305233 0.9529411196708679 11.700011253356934
730 0.015500001609325409 0.010555555112659931 1.468421220779419 9.700003623962402
731 0.016499999910593033 0.009444444440305233 1.7470588684082031 9.700003623962402
732 0.011500000953674316 0.009444444440305233 1.2176471948623657 14.500021934509277
733 0.009999999776482582 0.010555555112659931 0.9473684430122375 11.700011253356934
734 0.024000000208616257 0.009444444440305233 2.5411765575408936 10.700007438659668
735 0.011500000953674316 0.009444444440305233 1.2176471948623657 11.2000093460083
736 0.027499999850988388 0.010555555112659931 2.6052632331848145 12.200013160705566
737 0.01900000125169754 0.010555555112659931 1.8000001907348633 11.2000093460083
738 0.01900000125169754 0.009999999776482582 1.9000002145767212 14.300021171569824
739 0.018000001087784767 0.009444444440305233 1.905882477760315 7.899997234344482
740 0.03350000083446503 0.009999999776482582 3.3500001430511475 15.00002384185791
741 0.024500001221895218 0.009999999776482582 2.450000286102295 2.6000022888183594
742 0.016499999910593033 0.009444444440305233 1.7470588684082031 12.900015830993652
743 0.009000000543892384 0.009444444440305233 0.9529412388801575 13.600018501281738
744 0.01250000111758709 0.010555555112659931 1.1842106580734253 9.700003623962402
745 0.012000000104308128 0.009444444440305233 1.2705882787704468 14.800023078918457
746 0.021000001579523087 0.010555555112659931 1.9894739389419556 10.000004768371582
747 0.02200000174343586 0.009444444440305233 2.3294119834899902 10.700007438659668
748 0.010999999940395355 0.010555555112659931 1.0421053171157837 13.900019645690918
749 0.018000001087784767 0.009444444440305233 1.905882477760315 12.600014686584473
750 0.018000001087784767 0.009999999776482582 1.8000001907348633 8.499999046325684
751 0.017500001937150955 0.010555555112659931 1.6578949689865112 12.800015449523926
752 0.021000001579523087 0.009999999776482582 2.1000001430511475 19.50004005432129
753 0.013000001199543476 0.010555555112659931 1.231579065322876 13.000016212463379
754 0.014000000432133675 0.009999999776482582 1.4000000953674316 12.200013160705566
755 0.013000000268220901 0.009444444440305233 1.3764705657958984 11.000008583068848
756 0.013000000268220901 0.009444444440305233 1.3764705657958984 10.800007820129395
757 0.014500000514090061 0.010555555112659931 1.373684287071228 9.800004005432129
758 0.013500000350177288 0.009999999776482582 1.350000023841858 12.900015830993652
759 0.017000000923871994 0.009999999776482582 1.7000001668930054 8.699999809265137
760 0.015000000596046448 0.009999999776482582 1.5000001192092896 8.399998664855957
761 0.020000001415610313 0.009444444440305233 2.117647171020508 7.999997138977051
762 0.02250000089406967 0.010555555112659931 2.1315791606903076 12.900015830993652
763 0.017500001937150955 0.009999999776482582 1.750000238418579 12.10001277923584
764 0.017500001937150955 0.009444444440305233 1.8529413938522339 11.700011253356934
765 0.017000000923871994 0.009999999776482582 1.7000001668930054 16.200027465820312
766 0.017000000923871994 0.009999999776482582 1.7000001668930054 11.300009727478027
767 0.009000000543892384 0.010555555112659931 0.852631688117981 19.400039672851562
768 0.020500000566244125 0.009999999776482582 2.0500001907348633 8.59999942779541
769 0.0195000022649765 0.009999999776482582 1.950000286102295 12.300013542175293
770 0.013000000268220901 0.010555555112659931 1.231579065322876 8.699999809265137
771 0.006500000134110451 0.009444444440305233 0.6882352828979492 12.300013542175293
772 0.017500001937150955 0.010555555112659931 1.6578949689865112 8.699999809265137
773 0.014500000514090061 0.009444444440305233 1.5352941751480103 10.500006675720215
774 0.015500000678002834 0.009444444440305233 1.6411765813827515 9.900004386901855
775 0.015000000596046448 0.010555555112659931 1.4210526943206787 9.100001335144043
776 0.012000000104308128 0.009999999776482582 1.2000000476837158 12.800015449523926
777 0.019999999552965164 0.009999999776482582 2.0 10.800007820129395
778 0.014500001445412636 0.009444444440305233 1.5352942943572998 12.600014686584473
779 0.01600000075995922 0.009999999776482582 1.6000001430511475 20.200042724609375
780 0.01250000111758709 0.009444444440305233 1.3235294818878174 16.00002670288086
781 0.015500000678002834 0.009999999776482582 1.5500000715255737 9.900004386901855
782 0.012000000104308128 0.009444444440305233 1.2705882787704468 7.799997329711914
783 0.014500001445412636 0.010555555112659931 1.3736844062805176 12.300013542175293
784 0.01250000111758709 0.010555555112659931 1.1842106580734253 10.600007057189941
785 0.014500001445412636 0.010555555112659931 1.3736844062805176 11.900012016296387
786 0.015500001609325409 0.009999999776482582 1.5500001907348633 13.200016975402832
787 0.01850000023841858 0.009444444440305233 1.958823561668396 2.7000021934509277
788 0.010000000707805157 0.010555555112659931 0.9473685026168823 10.400006294250488
789 0.00800000037997961 0.009999999776482582 0.8000000715255737 8.399998664855957
790 0.025499999523162842 0.009444444440305233 2.700000047683716 11.400010108947754
791 0.021000001579523087 0.009444444440305233 2.223529577255249 11.100008964538574
792 0.018000001087784767 0.009444444440305233 1.905882477760315 17.300031661987305
793 0.015000000596046448 0.009444444440305233 1.5882353782653809 22.200050354003906
794 0.019500000402331352 0.009999999776482582 1.9500000476837158 14.40002155303955
795 0.01250000111758709 0.010555555112659931 1.1842106580734253 12.40001392364502
796 0.013500001281499863 0.009444444440305233 1.4294118881225586 7.699997425079346
797 0.013500001281499863 0.009444444440305233 1.4294118881225586 16.9000301361084
798 0.010999999940395355 0.009444444440305233 1.1647058725357056 10.100005149841309
799 0.017500001937150955 0.009999999776482582 1.750000238418579 12.600014686584473
800 0.014500000514090061 0.009444444440305233 1.5352941751480103 21.50004768371582
801 0.017000000923871994 0.009999999776482582 1.7000001668930054 8.800000190734863
802 0.013000000268220901 0.009444444440305233 1.3764705657958984 11.000008583068848
803 0.013000000268220901 0.009999999776482582 1.3000000715255737 12.7000150680542
804 0.015500000678002834 0.010555555112659931 1.468421220779419 13.500018119812012
805 0.008500000461935997 0.009444444440305233 0.9000000357627869 10.400006294250488
806 0.017500001937150955 0.009444444440305233 1.8529413938522339 15.700026512145996
807 0.012000000104308128 0.010555555112659931 1.136842131614685 13.800019264221191
808 0.013000000268220901 0.009999999776482582 1.3000000715255737 12.900015830993652
809 0.0215000007301569 0.010555555112659931 2.0368423461914062 11.80001163482666
810 0.013000000268220901 0.009999999776482582 1.3000000715255737 9.700003623962402
811 0.015500000678002834 0.009444444440305233 1.6411765813827515 10.400006294250488
812 0.017500001937150955 0.009444444440305233 1.8529413938522339 16.200027465820312
813 0.015000000596046448 0.009444444440305233 1.5882353782653809 22.000049591064453
814 0.01850000023841858 0.009444444440305233 1.958823561668396 4.500000476837158
815 0.014000000432133675 0.009444444440305233 1.4823529720306396 11.300009727478027
816 0.01600000075995922 0.009999999776482582 1.6000001430511475 11.300009727478027
817 0.0195000022649765 0.010555555112659931 1.8473687171936035 13.900019645690918
818 0.0195000022649765 0.010555555112659931 1.8473687171936035 12.900015830993652
819 0.008500000461935997 0.009444444440305233 0.9000000357627869 12.200013160705566
820 0.010999999940395355 0.009999999776482582 1.100000023841858 13.300017356872559
821 0.016499999910593033 0.010555555112659931 1.5631579160690308 11.000008583068848
822 0.020500000566244125 0.009444444440305233 2.170588254928589 10.800007820129395
823 0.011500000953674316 0.009444444440305233 1.2176471948623657 13.000016212463379
824 0.013500000350177288 0.009444444440305233 1.429411768913269 9.700003623962402
825 0.015000000596046448 0.010555555112659931 1.4210526943206787 10.100005149841309
826 0.017500001937150955 0.010555555112659931 1.6578949689865112 13.400017738342285
827 0.007500000298023224 0.009444444440305233 0.7941176891326904 11.900012016296387
828 0.012000000104308128 0.010555555112659931 1.136842131614685 10.700007438659668
829 0.024500001221895218 0.010555555112659931 2.3210527896881104 10.700007438659668
830 0.0215000007301569 0.010555555112659931 2.0368423461914062 6.399998664855957
831 0.015500000678002834 0.010555555112659931 1.468421220779419 12.600014686584473
832 0.008500000461935997 0.009444444440305233 0.9000000357627869 10.400006294250488
833 0.011500000953674316 0.009999999776482582 1.1500000953674316 12.600014686584473
834 0.014000000432133675 0.009444444440305233 1.4823529720306396 6.499998569488525
835 0.009999999776482582 0.010555555112659931 0.9473684430122375 7.699997425079346
836 0.014000000432133675 0.009444444440305233 1.4823529720306396 9.700003623962402
837 0.014000000432133675 0.009999999776482582 1.4000000953674316 9.400002479553223
838 0.015000000596046448 0.009444444440305233 1.5882353782653809 12.7000150680542
839 0.017000000923871994 0.010555555112659931 1.610526442527771 15.200024604797363
840 0.023500001057982445 0.009444444440305233 2.4882354736328125 9.600003242492676
841 0.015000000596046448 0.009999999776482582 1.5000001192092896 8.800000190734863
842 0.013000000268220901 0.010555555112659931 1.231579065322876 11.80001163482666
843 0.01900000125169754 0.009444444440305233 2.0117647647857666 7.899997234344482
844 0.00800000037997961 0.009444444440305233 0.847058892250061 12.900015830993652
845 0.01250000111758709 0.009444444440305233 1.3235294818878174 5.399999618530273
846 0.024500001221895218 0.009444444440305233 2.5941178798675537 12.7000150680542
847 1.0 0.9661111235618591 1.0350775718688965 -94.89912414550781
848 0.015500000678002834 0.009999999776482582 1.5500000715255737 12.800015449523926
849 0.020000001415610313 0.010555555112659931 1.8947370052337646 9.800004005432129
850 0.023000001907348633 0.010555555112659931 2.178947687149048 17.500032424926758
851 0.020000001415610313 0.010555555112659931 1.8947370052337646 11.000008583068848
852 0.017000000923871994 0.010555555112659931 1.610526442527771 11.100008964538574
853 0.013000000268220901 0.009444444440305233 1.3764705657958984 9.700003623962402
854 0.014500000514090061 0.010555555112659931 1.373684287071228 11.2000093460083
855 0.014000000432133675 0.009999999776482582 1.4000000953674316 12.000012397766113
856 0.015000000596046448 0.010555555112659931 1.4210526943206787 13.700018882751465
857 0.0195000022649765 0.009444444440305233 2.0647060871124268 13.900019645690918
858 0.021000001579523087 0.009999999776482582 2.1000001430511475 10.300005912780762
859 0.009000000543892384 0.009444444440305233 0.9529412388801575 15.500025749206543
860 0.0215000007301569 0.009444444440305233 2.27647066116333 9.400002479553223
861 0.015000000596046448 0.009444444440305233 1.5882353782653809 12.500014305114746
862 0.010500000789761543 0.009444444440305233 1.1117647886276245 9.400002479553223
863 0.012000000104308128 0.010555555112659931 1.136842131614685 7.299997806549072
864 0.021000001579523087 0.009444444440305233 2.223529577255249 13.000016212463379
865 0.013000000268220901 0.009999999776482582 1.3000000715255737 10.800007820129395
866 0.018000001087784767 0.009999999776482582 1.8000001907348633 11.100008964538574
867 0.017500001937150955 0.009444444440305233 1.8529413938522339 13.700018882751465
868 0.009999999776482582 0.009999999776482582 1.0 13.400017738342285
869 0.015500000678002834 0.009999999776482582 1.5500000715255737 15.200024604797363
870 0.017000000923871994 0.009999999776482582 1.7000001668930054 17.900033950805664
871 0.013500000350177288 0.009999999776482582 1.350000023841858 5.399999618530273
872 0.009999999776482582 0.009444444440305233 1.0588234663009644 13.500018119812012
873 0.013500000350177288 0.009999999776482582 1.350000023841858 11.80001163482666
874 0.014500001445412636 0.010555555112659931 1.3736844062805176 15.400025367736816
875 0.010500000789761543 0.010555555112659931 0.9947369694709778 5.399999618530273
876 0.010999999940395355 0.010555555112659931 1.0421053171157837 13.000016212463379
877 0.015500000678002834 0.009444444440305233 1.6411765813827515 13.100016593933105
878 0.013000000268220901 0.009444444440305233 1.3764705657958984 11.50001049041748
879 0.016500001773238182 0.009444444440305233 1.7470589876174927 9.900004386901855
880 0.0215000007301569 0.010555555112659931 2.0368423461914062 11.2000093460083
881 0.008500000461935997 0.009999999776482582 0.8500000834465027 12.300013542175293
882 0.020500000566244125 0.009999999776482582 2.0500001907348633 5.799999237060547
883 1.0 0.9994444251060486 1.0005558729171753 -94.89912414550781
884 0.030500002205371857 0.009999999776482582 3.0500001907348633 2.1000027656555176
885 0.011500000953674316 0.009444444440305233 1.2176471948623657 11.2000093460083
886 0.015000000596046448 0.009444444440305233 1.5882353782653809 6.999998092651367
887 0.012000000104308128 0.010555555112659931 1.136842131614685 11.700011253356934
888 0.017000000923871994 0.010555555112659931 1.610526442527771 12.000012397766113
889 0.023000001907348633 0.009999999776482582 2.3000001907348633 14.500021934509277
890 0.018000001087784767 0.009444444440305233 1.905882477760315 11.80001163482666
891 0.011500000953674316 0.009444444440305233 1.2176471948623657 8.399998664855957
892 0.01900000125169754 0.009999999776482582 1.9000002145767212 15.30002498626709
893 0.013000000268220901 0.010555555112659931 1.231579065322876 13.700018882751465
894 0.01850000023841858 0.010555555112659931 1.752631664276123 8.29999828338623
895 0.012000000104308128 0.009444444440305233 1.2705882787704468 9.900004386901855
896 0.02250000089406967 0.010555555112659931 2.1315791606903076 7.599997520446777
897 0.010999999940395355 0.009444444440305233 1.1647058725357056 7.999997615814209
898 0.014500000514090061 0.009999999776482582 1.4500000476837158 18.800037384033203
899 0.014000000432133675 0.009999999776482582 1.4000000953674316 10.000004768371582
900 0.012000000104308128 0.009444444440305233 1.2705882787704468 9.800004005432129
901 0.01850000023841858 0.009444444440305233 1.958823561668396 6.999998092651367
902 0.017000000923871994 0.009999999776482582 1.7000001668930054 13.200016975402832
903 0.017500001937150955 0.009444444440305233 1.8529413938522339 9.400002479553223
904 0.016499999910593033 0.010555555112659931 1.5631579160690308 7.899997234344482
905 0.010999999940395355 0.009444444440305233 1.1647058725357056 9.300002098083496
906 0.016499999910593033 0.009444444440305233 1.7470588684082031 16.500028610229492
907 0.015000000596046448 0.009444444440305233 1.5882353782653809 10.300005912780762
908 0.01900000125169754 0.010555555112659931 1.8000001907348633 8.399998664855957
909 0.010999999940395355 0.009444444440305233 1.1647058725357056 12.200013160705566
910 0.020500000566244125 0.009999999776482582 2.0500001907348633 13.700018882751465
911 0.01850000023841858 0.009999999776482582 1.850000023841858 13.500018119812012
912 0.0195000022649765 0.009999999776482582 1.950000286102295 9.900004386901855
913 0.012000000104308128 0.009444444440305233 1.2705882787704468 13.200016975402832
914 0.013500000350177288 0.009444444440305233 1.429411768913269 9.50000286102295
915 0.0195000022649765 0.009999999776482582 1.950000286102295 15.00002384185791
916 0.014000000432133675 0.010555555112659931 1.3263158798217773 11.400010108947754
917 0.021500002592802048 0.009444444440305233 2.276470899581909 10.600007057189941
918 0.023000001907348633 0.009444444440305233 2.4352943897247314 12.7000150680542
919 0.013500001281499863 0.009444444440305233 1.4294118881225586 9.400002479553223
920 0.020000001415610313 0.010555555112659931 1.8947370052337646 14.300021171569824
921 0.017000000923871994 0.009444444440305233 1.8000000715255737 9.900004386901855
922 0.007500000298023224 0.010555555112659931 0.7105263471603394 19.80004119873047
923 0.013500000350177288 0.009444444440305233 1.429411768913269 11.2000093460083
924 0.017500001937150955 0.009444444440305233 1.8529413938522339 19.100038528442383
925 0.020500000566244125 0.010555555112659931 1.9421054124832153 2.000002861022949
926 0.02199999988079071 0.009444444440305233 2.329411745071411 14.70002269744873
927 0.01900000125169754 0.009444444440305233 2.0117647647857666 12.200013160705566
928 0.02199999988079071 0.009444444440305233 2.329411745071411 14.100020408630371
929 0.0044999998062849045 0.009444444440305233 0.47647055983543396 7.299997806549072
930 0.021000001579523087 0.010555555112659931 1.9894739389419556 9.700003623962402
931 0.019999999552965164 0.009999999776482582 2.0 10.200005531311035
932 0.014500000514090061 0.010555555112659931 1.373684287071228 10.000004768371582
933 0.010500000789761543 0.010555555112659931 0.9947369694709778 11.50001049041748
934 0.02250000089406967 0.009999999776482582 2.250000238418579 11.400010108947754
935 0.011500000953674316 0.009444444440305233 1.2176471948623657 19.900041580200195
936 0.01850000023841858 0.009999999776482582 1.850000023841858 17.500032424926758
937 0.010999999940395355 0.010555555112659931 1.0421053171157837 4.100000858306885
938 0.0195000022649765 0.009999999776482582 1.950000286102295 13.300017356872559
939 1.0 0.9038888812065125 1.1063306331634521 -94.89912414550781
940 0.011500000953674316 0.009444444440305233 1.2176471948623657 9.400002479553223
941 0.01600000075995922 0.009999999776482582 1.6000001430511475 6.299998760223389
942 0.015500000678002834 0.010555555112659931 1.468421220779419 13.700018882751465
943 0.013000000268220901 0.009444444440305233 1.3764705657958984 9.400002479553223
944 0.023500001057982445 0.009999999776482582 2.3500001430511475 9.20000171661377
945 0.015500001609325409 0.010555555112659931 1.468421220779419 11.50001049041748
946 0.0215000007301569 0.009999999776482582 2.1500000953674316 15.60002613067627
947 0.013500000350177288 0.009444444440305233 1.429411768913269 10.900008201599121
948 0.9990000128746033 0.7716666460037231 1.294600486755371 -94.89912414550781
949 0.01850000023841858 0.009444444440305233 1.958823561668396 11.000008583068848
950 0.015000000596046448 0.009999999776482582 1.5000001192092896 11.80001163482666
951 0.020000001415610313 0.009999999776482582 2.000000238418579 7.599997520446777
952 0.01900000125169754 0.010555555112659931 1.8000001907348633 11.50001049041748
953 0.019999999552965164 0.009444444440305233 2.1176469326019287 9.900004386901855
954 0.024500001221895218 0.009999999776482582 2.450000286102295 13.600018501281738
955 0.017500001937150955 0.009444444440305233 1.8529413938522339 10.200005531311035
956 0.015000000596046448 0.009444444440305233 1.5882353782653809 14.70002269744873
957 0.0215000007301569 0.009999999776482582 2.1500000953674316 4.800000190734863
958 0.016499999910593033 0.009444444440305233 1.7470588684082031 10.300005912780762
959 0.007500000298023224 0.009999999776482582 0.7500000596046448 6.099998950958252
960 0.020500000566244125 0.009444444440305233 2.170588254928589 10.600007057189941
961 0.026000000536441803 0.010555555112659931 2.463158130645752 7.999997138977051
962 0.016499999910593033 0.009444444440305233 1.7470588684082031 14.40002155303955
963 0.01900000125169754 0.009444444440305233 2.0117647647857666 6.099998950958252
964 0.014000000432133675 0.009444444440305233 1.4823529720306396 8.199997901916504
965 0.017500001937150955 0.009444444440305233 1.8529413938522339 7.799997329711914
966 0.011500000953674316 0.009999999776482582 1.1500000953674316 5.099999904632568
967 0.013000000268220901 0.009999999776482582 1.3000000715255737 8.29999828338623
968 0.016499999910593033 0.009999999776482582 1.649999976158142 10.600007057189941
969 0.02200000174343586 0.009444444440305233 2.3294119834899902 13.200016975402832
970 0.015000000596046448 0.009999999776482582 1.5000001192092896 8.499999046325684
971 0.018000001087784767 0.009444444440305233 1.905882477760315 18.700037002563477
972 0.01850000023841858 0.009999999776482582 1.850000023841858 11.600010871887207
973 0.013500000350177288 0.010555555112659931 1.2789474725723267 14.300021171569824
974 0.014000000432133675 0.010555555112659931 1.3263158798217773 14.800023078918457
975 0.020500000566244125 0.009999999776482582 2.0500001907348633 16.00002670288086
976 0.00800000037997961 0.009999999776482582 0.8000000715255737 11.50001049041748
977 0.00800000037997961 0.009444444440305233 0.847058892250061 6.19999885559082
978 0.018000001087784767 0.010555555112659931 1.705263376235962 9.20000171661377
979 0.01850000023841858 0.009444444440305233 1.958823561668396 16.200027465820312
980 0.020500000566244125 0.010555555112659931 1.9421054124832153 12.7000150680542
981 0.017500001937150955 0.009999999776482582 1.750000238418579 17.900033950805664
982 0.015500000678002834 0.010555555112659931 1.468421220779419 13.300017356872559
983 0.009999999776482582 0.009444444440305233 1.0588234663009644 9.300002098083496
984 0.011500000953674316 0.009999999776482582 1.1500000953674316 12.500014305114746
985 0.01900000125169754 0.009444444440305233 2.0117647647857666 10.300005912780762
986 0.01900000125169754 0.010555555112659931 1.8000001907348633 12.300013542175293
987 0.011500000953674316 0.009999999776482582 1.1500000953674316 9.600003242492676
988 0.018000001087784767 0.009444444440305233 1.905882477760315 10.400006294250488
989 0.01850000023841858 0.009444444440305233 1.958823561668396 9.600003242492676
990 0.016499999910593033 0.010555555112659931 1.5631579160690308 8.699999809265137
991 0.017000000923871994 0.009444444440305233 1.8000000715255737 12.200013160705566
992 0.014000000432133675 0.009444444440305233 1.4823529720306396 14.900023460388184
993 0.017500001937150955 0.009999999776482582 1.750000238418579 6.299998760223389
994 0.014000000432133675 0.009444444440305233 1.4823529720306396 9.50000286102295
995 0.009000000543892384 0.009444444440305233 0.9529412388801575 11.000008583068848
996 0.0325000025331974 0.009444444440305233 3.441176652908325 16.100027084350586
997 0.015500000678002834 0.009999999776482582 1.5500000715255737 15.800026893615723
998 0.016499999910593033 0.009444444440305233 1.7470588684082031 14.300021171569824
999 0.006500000134110451 0.009444444440305233 0.6882352828979492 7.299997806549072
1000 0.015000000596046448 0.010555555112659931 1.4210526943206787 8.29999828338623
