1 0.014500001445412636 0.009999999776482582 1.4500001668930054 20.500043869018555
2 0.014500000514090061 0.009999999776482582 1.4500000476837158 22.000049591064453
3 0.010999999940395355 0.009444444440305233 1.1647058725357056 15.30002498626709
4 0.012000000104308128 0.009999999776482582 1.2000000476837158 19.300039291381836
5 0.013500001281499863 0.009444444440305233 1.4294118881225586 14.70002269744873
6 0.008999999612569809 0.009444444440305233 0.9529411196708679 16.30002784729004
7 0.011500000953674316 0.010555555112659931 1.089473843574524 13.900019645690918
8 0.0215000007301569 0.010555555112659931 2.0368423461914062 14.000020027160645
9 1.0 0.9383333325386047 1.0657193660736084 -94.89912414550781
10 0.016499999910593033 0.009444444440305233 1.7470588684082031 15.400025367736816
11 0.013500000350177288 0.009999999776482582 1.350000023841858 20.90004539489746
12 0.015000000596046448 0.010555555112659931 1.4210526943206787 20.000041961669922
13 0.014000000432133675 0.009444444440305233 1.4823529720306396 10.700007438659668
14 0.020000001415610313 0.009999999776482582 2.000000238418579 21.800048828125
15 0.011500000953674316 0.009444444440305233 1.2176471948623657 18.00003433227539
16 0.014000000432133675 0.010555555112659931 1.3263158798217773 15.100024223327637
17 0.01850000023841858 0.010555555112659931 1.752631664276123 12.600014686584473
18 0.010999999940395355 0.010555555112659931 1.0421053171157837 20.700044631958008
19 0.021500002592802048 0.009999999776482582 2.1500003337860107 1.5000027418136597
20 0.01250000111758709 0.010555555112659931 1.1842106580734253 16.400028228759766
21 0.010000000707805157 0.009999999776482582 1.0000001192092896 12.7000150680542
22 0.013500000350177288 0.009444444440305233 1.429411768913269 13.900019645690918
23 0.011500000953674316 0.009444444440305233 1.2176471948623657 19.000038146972656
24 0.019999999552965164 0.009999999776482582 2.0 17.40003204345703
25 0.012500000186264515 0.009999999776482582 1.25 10.500006675720215
26 0.016499999910593033 0.009999999776482582 1.649999976158142 21.700048446655273
27 0.015000000596046448 0.009999999776482582 1.5000001192092896 15.500025749206543
28 0.01850000023841858 0.010555555112659931 1.752631664276123 18.400035858154297
29 0.014500000514090061 0.009999999776482582 1.4500000476837158 20.200042724609375
30 0.018000001087784767 0.010555555112659931 1.705263376235962 17.10003089904785
31 0.013500001281499863 0.009444444440305233 1.4294118881225586 21.300046920776367
32 0.013000000268220901 0.009999999776482582 1.3000000715255737 14.800023078918457
33 0.010500000789761543 0.009444444440305233 1.1117647886276245 19.300039291381836
34 0.011500000953674316 0.009444444440305233 1.2176471948623657 18.500036239624023
35 0.017000000923871994 0.009444444440305233 1.8000000715255737 21.400047302246094
36 0.015500001609325409 0.009444444440305233 1.641176700592041 22.000049591064453
37 0.015000000596046448 0.010555555112659931 1.4210526943206787 19.20003890991211
38 0.01250000111758709 0.009444444440305233 1.3235294818878174 17.70003318786621
39 0.009999999776482582 0.009444444440305233 1.0588234663009644 14.300021171569824
40 0.012000000104308128 0.009444444440305233 1.2705882787704468 16.30002784729004
41 0.01900000125169754 0.009444444440305233 2.0117647647857666 14.300021171569824
42 0.017000000923871994 0.009444444440305233 1.8000000715255737 14.70002269744873
43 0.0215000007301569 0.009999999776482582 2.1500000953674316 17.10003089904785
44 0.014000000432133675 0.009999999776482582 1.4000000953674316 17.900033950805664
45 0.016499999910593033 0.010555555112659931 1.5631579160690308 16.700029373168945
46 0.00800000037997961 0.009999999776482582 0.8000000715255737 11.300009727478027
47 0.007000000216066837 0.010555555112659931 0.6631579399108887 13.000016212463379
48 0.016499999910593033 0.009999999776482582 1.649999976158142 19.20003890991211
49 0.00950000062584877 0.009999999776482582 0.9500001072883606 15.100024223327637
50 0.017000000923871994 0.009999999776482582 1.7000001668930054 18.400035858154297
51 0.016499999910593033 0.009444444440305233 1.7470588684082031 18.800037384033203
52 0.024500001221895218 0.010555555112659931 2.3210527896881104 21.900049209594727
53 0.013500001281499863 0.010555555112659931 1.2789475917816162 17.200031280517578
54 0.017500001937150955 0.009444444440305233 1.8529413938522339 15.200024604797363
55 0.017500001937150955 0.009999999776482582 1.750000238418579 22.300050735473633
56 0.021000001579523087 0.009999999776482582 2.1000001430511475 18.00003433227539
57 0.009999999776482582 0.009444444440305233 1.0588234663009644 21.600048065185547
58 0.020500000566244125 0.010555555112659931 1.9421054124832153 15.60002613067627
59 0.014500000514090061 0.009444444440305233 1.5352941751480103 17.600032806396484
60 0.013000000268220901 0.009444444440305233 1.3764705657958984 8.099997520446777
61 0.020500000566244125 0.010555555112659931 1.9421054124832153 21.100046157836914
62 0.01250000111758709 0.009444444440305233 1.3235294818878174 16.500028610229492
63 0.020000001415610313 0.010555555112659931 1.8947370052337646 4.800000190734863
64 0.017500001937150955 0.009444444440305233 1.8529413938522339 7.899997234344482
65 0.01850000023841858 0.009444444440305233 1.958823561668396 22.200050354003906
66 0.013500001281499863 0.010555555112659931 1.2789475917816162 12.000012397766113
67 0.01600000075995922 0.009999999776482582 1.6000001430511475 16.700029373168945
68 0.015500000678002834 0.010555555112659931 1.468421220779419 18.700037002563477
69 0.018000001087784767 0.009999999776482582 1.8000001907348633 20.500043869018555
70 0.014500000514090061 0.009999999776482582 1.4500000476837158 21.50004768371582
71 0.01100000087171793 0.009999999776482582 1.1000001430511475 22.200050354003906
72 0.010999999940395355 0.009999999776482582 1.100000023841858 26.50006675720215
73 0.014500000514090061 0.010555555112659931 1.373684287071228 21.000045776367188
74 0.019999999552965164 0.010555555112659931 1.894736886024475 14.40002155303955
75 0.009000000543892384 0.009444444440305233 0.9529412388801575 17.600032806396484
76 0.024000000208616257 0.009999999776482582 2.4000000953674316 20.90004539489746
77 0.013500000350177288 0.009999999776482582 1.350000023841858 16.800029754638672
78 0.00950000062584877 0.009444444440305233 1.0058823823928833 13.600018501281738
79 0.014000000432133675 0.009444444440305233 1.4823529720306396 12.000012397766113
80 0.013000000268220901 0.010555555112659931 1.231579065322876 20.10004234313965
81 0.0195000022649765 0.009999999776482582 1.950000286102295 11.900012016296387
82 0.015500000678002834 0.009999999776482582 1.5500000715255737 18.700037002563477
83 0.017000000923871994 0.009444444440305233 1.8000000715255737 30.000080108642578
84 0.016499999910593033 0.009999999776482582 1.649999976158142 15.800026893615723
85 0.010999999940395355 0.009444444440305233 1.1647058725357056 19.50004005432129
86 0.01600000075995922 0.009444444440305233 1.694117784500122 19.900041580200195
87 0.02250000089406967 0.009444444440305233 2.3823530673980713 21.20004653930664
88 0.010000000707805157 0.010555555112659931 0.9473685026168823 17.300031661987305
89 0.012000000104308128 0.009444444440305233 1.2705882787704468 22.300050735473633
90 0.014500000514090061 0.009444444440305233 1.5352941751480103 14.800023078918457
91 0.023000001907348633 0.009444444440305233 2.4352943897247314 18.800037384033203
92 0.015500000678002834 0.010555555112659931 1.468421220779419 21.000045776367188
93 0.006500000134110451 0.009999999776482582 0.6500000357627869 0.3000025153160095
94 0.01600000075995922 0.009999999776482582 1.6000001430511475 17.900033950805664
95 0.017000000923871994 0.009444444440305233 1.8000000715255737 14.70002269744873
96 0.01850000023841858 0.009444444440305233 1.958823561668396 6.7999982833862305
97 0.01850000023841858 0.009444444440305233 1.958823561668396 13.400017738342285
98 0.014500000514090061 0.010555555112659931 1.373684287071228 18.90003776550293
99 0.015500000678002834 0.010555555112659931 1.468421220779419 18.100034713745117
100 0.016499999910593033 0.010555555112659931 1.5631579160690308 19.50004005432129
101 0.008500000461935997 0.009999999776482582 0.8500000834465027 17.600032806396484
102 0.015000000596046448 0.009999999776482582 1.5000001192092896 21.20004653930664
103 0.020500000566244125 0.010555555112659931 1.9421054124832153 17.800033569335938
104 0.012000000104308128 0.010555555112659931 1.136842131614685 22.000049591064453
105 0.011500000953674316 0.010555555112659931 1.089473843574524 15.60002613067627
106 0.010000000707805157 0.009444444440305233 1.058823585510254 15.500025749206543
107 0.0195000022649765 0.009999999776482582 1.950000286102295 24.200057983398438
108 0.017500001937150955 0.010555555112659931 1.6578949689865112 9.400002479553223
109 0.01850000023841858 0.009444444440305233 1.958823561668396 15.100024223327637
110 0.015000000596046448 0.009999999776482582 1.5000001192092896 16.800029754638672
111 0.014000000432133675 0.009444444440305233 1.4823529720306396 16.00002670288086
112 0.014500001445412636 0.009999999776482582 1.4500001668930054 11.400010108947754
113 0.014500001445412636 0.010555555112659931 1.3736844062805176 16.700029373168945
114 0.014500001445412636 0.010555555112659931 1.3736844062805176 15.30002498626709
115 0.020000001415610313 0.009999999776482582 2.000000238418579 15.500025749206543
116 0.016499999910593033 0.009999999776482582 1.649999976158142 6.899998188018799
117 0.01100000087171793 0.009999999776482582 1.1000001430511475 14.100020408630371
118 0.015000000596046448 0.009999999776482582 1.5000001192092896 20.700044631958008
119 0.02199999988079071 0.009999999776482582 2.200000047683716 10.800007820129395
120 0.008500000461935997 0.009444444440305233 0.9000000357627869 10.900008201599121
121 0.014500000514090061 0.009444444440305233 1.5352941751480103 15.500025749206543
122 0.010000000707805157 0.009444444440305233 1.058823585510254 10.800007820129395
123 0.016500001773238182 0.010555555112659931 1.5631581544876099 17.000030517578125
124 0.014000000432133675 0.009999999776482582 1.4000000953674316 20.10004234313965
125 0.01900000125169754 0.010555555112659931 1.8000001907348633 14.40002155303955
126 0.01600000075995922 0.009444444440305233 1.694117784500122 11.300009727478027
127 0.009000000543892384 0.010555555112659931 0.852631688117981 17.800033569335938
128 0.01100000087171793 0.009999999776482582 1.1000001430511475 19.700040817260742
129 0.009000000543892384 0.009999999776482582 0.9000000953674316 22.600051879882812
130 0.015000000596046448 0.009999999776482582 1.5000001192092896 20.000041961669922
131 0.015500000678002834 0.010555555112659931 1.468421220779419 20.700044631958008
132 0.017500001937150955 0.009999999776482582 1.750000238418579 21.000045776367188
133 0.014500001445412636 0.009999999776482582 1.4500001668930054 18.700037002563477
134 0.01600000075995922 0.009444444440305233 1.694117784500122 18.60003662109375
135 0.012500000186264515 0.009999999776482582 1.25 20.90004539489746
136 0.011500000953674316 0.009444444440305233 1.2176471948623657 17.70003318786621
137 0.015000000596046448 0.009444444440305233 1.5882353782653809 18.700037002563477
138 0.01900000125169754 0.009444444440305233 2.0117647647857666 15.60002613067627
139 0.017000000923871994 0.010555555112659931 1.610526442527771 23.200054168701172
140 0.013000000268220901 0.009444444440305233 1.3764705657958984 14.40002155303955
141 0.014500000514090061 0.010555555112659931 1.373684287071228 17.800033569335938
142 0.018000001087784767 0.010555555112659931 1.705263376235962 20.400043487548828
143 0.014500000514090061 0.009999999776482582 1.4500000476837158 15.700026512145996
144 0.011500000953674316 0.009444444440305233 1.2176471948623657 16.400028228759766
145 0.0195000022649765 0.009444444440305233 2.0647060871124268 18.30003547668457
146 0.01250000111758709 0.009999999776482582 1.2500001192092896 16.200027465820312
147 0.013000000268220901 0.009444444440305233 1.3764705657958984 22.900053024291992
148 0.01600000075995922 0.009444444440305233 1.694117784500122 27.200069427490234
149 0.014000000432133675 0.010555555112659931 1.3263158798217773 18.200035095214844
150 0.017500000074505806 0.009444444440305233 1.8529411554336548 11.100008964538574
151 0.01900000125169754 0.009444444440305233 2.0117647647857666 15.90002727508545
152 0.010999999940395355 0.009444444440305233 1.1647058725357056 9.20000171661377
153 0.013000000268220901 0.009999999776482582 1.3000000715255737 14.900023460388184
154 0.017000000923871994 0.009999999776482582 1.7000001668930054 15.500025749206543
155 0.00950000062584877 0.009444444440305233 1.0058823823928833 15.30002498626709
156 0.011500000953674316 0.009444444440305233 1.2176471948623657 17.300031661987305
157 0.015500000678002834 0.009999999776482582 1.5500000715255737 20.800045013427734
158 0.009000000543892384 0.009999999776482582 0.9000000953674316 18.00003433227539
159 0.014500001445412636 0.009444444440305233 1.5352942943572998 5.199999809265137
160 0.016499999910593033 0.009444444440305233 1.7470588684082031 15.30002498626709
161 0.014500001445412636 0.009444444440305233 1.5352942943572998 9.100001335144043
162 0.01250000111758709 0.010555555112659931 1.1842106580734253 20.800045013427734
163 0.014000000432133675 0.010555555112659931 1.3263158798217773 23.80005645751953
164 0.013500001281499863 0.010555555112659931 1.2789475917816162 17.500032424926758
165 0.016499999910593033 0.009999999776482582 1.649999976158142 16.00002670288086
166 0.015000000596046448 0.009999999776482582 1.5000001192092896 20.3000431060791
167 0.01100000087171793 0.010555555112659931 1.0421054363250732 17.000030517578125
168 0.016499999910593033 0.009999999776482582 1.649999976158142 14.100020408630371
169 0.017000000923871994 0.009999999776482582 1.7000001668930054 17.70003318786621
170 0.01900000125169754 0.009444444440305233 2.0117647647857666 16.700029373168945
171 0.008500000461935997 0.009444444440305233 0.9000000357627869 15.500025749206543
172 0.013000000268220901 0.009999999776482582 1.3000000715255737 17.10003089904785
173 0.0195000022649765 0.009999999776482582 1.950000286102295 15.800026893615723
174 0.014500000514090061 0.009999999776482582 1.4500000476837158 13.100016593933105
175 0.014000000432133675 0.009444444440305233 1.4823529720306396 21.100046157836914
176 0.025499999523162842 0.010555555112659931 2.4157896041870117 4.000000953674316
177 0.01250000111758709 0.009444444440305233 1.3235294818878174 15.00002384185791
178 0.015500000678002834 0.009444444440305233 1.6411765813827515 16.800029754638672
179 0.013000000268220901 0.010555555112659931 1.231579065322876 18.100034713745117
180 0.016499999910593033 0.009444444440305233 1.7470588684082031 15.00002384185791
181 0.016499999910593033 0.010555555112659931 1.5631579160690308 17.300031661987305
182 0.01600000075995922 0.009999999776482582 1.6000001430511475 20.200042724609375
183 0.013000000268220901 0.009444444440305233 1.3764705657958984 15.200024604797363
184 0.017500001937150955 0.010555555112659931 1.6578949689865112 24.200057983398438
185 0.012000000104308128 0.009444444440305233 1.2705882787704468 11.900012016296387
186 0.012000000104308128 0.009999999776482582 1.2000000476837158 11.80001163482666
187 0.018000001087784767 0.009444444440305233 1.905882477760315 20.200042724609375
188 0.015000000596046448 0.009999999776482582 1.5000001192092896 13.600018501281738
189 0.018000001087784767 0.010555555112659931 1.705263376235962 23.400054931640625
190 0.019999999552965164 0.009999999776482582 2.0 13.400017738342285
191 0.016499999910593033 0.009444444440305233 1.7470588684082031 15.400025367736816
192 0.016499999910593033 0.009444444440305233 1.7470588684082031 14.300021171569824
193 0.010500000789761543 0.009444444440305233 1.1117647886276245 17.300031661987305
194 0.01600000075995922 0.009444444440305233 1.694117784500122 12.900015830993652
195 0.015500000678002834 0.010555555112659931 1.468421220779419 19.400039672851562
196 0.013000000268220901 0.009999999776482582 1.3000000715255737 9.900004386901855
197 0.011500000953674316 0.009444444440305233 1.2176471948623657 15.400025367736816
198 0.013500000350177288 0.010555555112659931 1.2789474725723267 20.800045013427734
199 0.014000000432133675 0.010555555112659931 1.3263158798217773 16.100027084350586
200 0.01600000075995922 0.009999999776482582 1.6000001430511475 17.500032424926758
201 0.007500000298023224 0.009999999776482582 0.7500000596046448 14.900023460388184
202 0.017000000923871994 0.009444444440305233 1.8000000715255737 22.200050354003906
203 0.011500000953674316 0.009444444440305233 1.2176471948623657 15.30002498626709
204 0.020000001415610313 0.010555555112659931 1.8947370052337646 15.800026893615723
205 0.010000000707805157 0.009444444440305233 1.058823585510254 15.400025367736816
206 0.01600000075995922 0.009444444440305233 1.694117784500122 16.500028610229492
207 0.02199999988079071 0.010555555112659931 2.0842106342315674 16.400028228759766
208 0.014500000514090061 0.009999999776482582 1.4500000476837158 14.40002155303955
209 0.020000001415610313 0.009999999776482582 2.000000238418579 26.20006561279297
210 0.014000000432133675 0.010555555112659931 1.3263158798217773 13.000016212463379
211 0.016499999910593033 0.009444444440305233 1.7470588684082031 14.800023078918457
212 0.017500001937150955 0.009999999776482582 1.750000238418579 13.000016212463379
213 0.016499999910593033 0.009444444440305233 1.7470588684082031 20.000041961669922
214 0.014000000432133675 0.009444444440305233 1.4823529720306396 15.500025749206543
215 0.019999999552965164 0.009999999776482582 2.0 14.600022315979004
216 0.01250000111758709 0.010555555112659931 1.1842106580734253 16.60002899169922
217 0.011500000953674316 0.009444444440305233 1.2176471948623657 20.800045013427734
218 0.014500000514090061 0.010555555112659931 1.373684287071228 15.00002384185791
219 0.01850000023841858 0.010555555112659931 1.752631664276123 17.70003318786621
220 0.015500000678002834 0.010555555112659931 1.468421220779419 15.100024223327637
221 0.013500000350177288 0.009999999776482582 1.350000023841858 15.00002384185791
222 0.010500000789761543 0.009444444440305233 1.1117647886276245 16.400028228759766
223 0.015000000596046448 0.009444444440305233 1.5882353782653809 16.400028228759766
224 0.015000000596046448 0.009444444440305233 1.5882353782653809 20.700044631958008
225 0.011500000953674316 0.010555555112659931 1.089473843574524 12.500014305114746
226 0.016499999910593033 0.009999999776482582 1.649999976158142 17.800033569335938
227 0.013000000268220901 0.009999999776482582 1.3000000715255737 19.300039291381836
228 0.018000001087784767 0.009999999776482582 1.8000001907348633 14.600022315979004
229 0.021000001579523087 0.009444444440305233 2.223529577255249 15.60002613067627
230 0.018000001087784767 0.009444444440305233 1.905882477760315 14.800023078918457
231 0.013500000350177288 0.010555555112659931 1.2789474725723267 15.30002498626709
232 0.017000000923871994 0.009444444440305233 1.8000000715255737 15.100024223327637
233 0.016499999910593033 0.009999999776482582 1.649999976158142 14.000020027160645
234 0.01850000023841858 0.009999999776482582 1.850000023841858 11.80001163482666
235 0.014000000432133675 0.010555555112659931 1.3263158798217773 14.70002269744873
236 0.012500000186264515 0.009444444440305233 1.3235294818878174 11.700011253356934
237 0.020000001415610313 0.009999999776482582 2.000000238418579 24.40005874633789
238 0.02200000174343586 0.009444444440305233 2.3294119834899902 25.700063705444336
239 0.013500000350177288 0.009999999776482582 1.350000023841858 19.900041580200195
240 0.014000000432133675 0.010555555112659931 1.3263158798217773 17.200031280517578
241 0.010500000789761543 0.009444444440305233 1.1117647886276245 15.700026512145996
242 0.015000000596046448 0.009444444440305233 1.5882353782653809 7.899997234344482
243 0.016499999910593033 0.009444444440305233 1.7470588684082031 21.300046920776367
244 0.017000000923871994 0.009444444440305233 1.8000000715255737 16.100027084350586
245 0.016499999910593033 0.009999999776482582 1.649999976158142 14.900023460388184
246 0.02200000174343586 0.010555555112659931 2.0842108726501465 9.300002098083496
247 0.01600000075995922 0.009999999776482582 1.6000001430511475 27.200069427490234
248 1.0 0.9238888621330261 1.082381248474121 -94.89912414550781
249 0.017500001937150955 0.009999999776482582 1.750000238418579 19.300039291381836
250 0.014500000514090061 0.010555555112659931 1.373684287071228 19.80004119873047
251 0.013000000268220901 0.009999999776482582 1.3000000715255737 11.600010871887207
252 0.010500000789761543 0.009444444440305233 1.1117647886276245 14.100020408630371
253 0.017000000923871994 0.009444444440305233 1.8000000715255737 17.200031280517578
254 0.014000000432133675 0.009444444440305233 1.4823529720306396 16.100027084350586
255 0.018000001087784767 0.009444444440305233 1.905882477760315 17.40003204345703
256 0.021000001579523087 0.010555555112659931 1.9894739389419556 13.800019264221191
257 0.011500000953674316 0.009999999776482582 1.1500000953674316 18.500036239624023
258 0.012000000104308128 0.009444444440305233 1.2705882787704468 14.000020027160645
259 0.017000000923871994 0.009999999776482582 1.7000001668930054 26.800067901611328
260 0.014500000514090061 0.009444444440305233 1.5352941751480103 8.699999809265137
261 0.018000001087784767 0.009999999776482582 1.8000001907348633 16.700029373168945
262 0.010500000789761543 0.009999999776482582 1.0500000715255737 14.300021171569824
263 0.015000000596046448 0.009444444440305233 1.5882353782653809 21.300046920776367
264 0.015000000596046448 0.009444444440305233 1.5882353782653809 19.400039672851562
265 0.012000000104308128 0.009999999776482582 1.2000000476837158 9.000000953674316
266 0.010999999940395355 0.010555555112659931 1.0421053171157837 17.10003089904785
267 0.014000000432133675 0.009444444440305233 1.4823529720306396 9.800004005432129
268 0.013500001281499863 0.009444444440305233 1.4294118881225586 17.40003204345703
269 0.014000000432133675 0.010555555112659931 1.3263158798217773 13.400017738342285
270 0.00950000062584877 0.009444444440305233 1.0058823823928833 16.700029373168945
271 0.011500000953674316 0.009444444440305233 1.2176471948623657 19.50004005432129
272 0.013500000350177288 0.009444444440305233 1.429411768913269 19.80004119873047
273 0.014500001445412636 0.009444444440305233 1.5352942943572998 17.300031661987305
274 0.013000000268220901 0.009999999776482582 1.3000000715255737 11.900012016296387
275 0.01250000111758709 0.010555555112659931 1.1842106580734253 11.600010871887207
276 0.013500000350177288 0.009999999776482582 1.350000023841858 13.600018501281738
277 0.008500000461935997 0.010555555112659931 0.8052632212638855 17.300031661987305
278 0.015500000678002834 0.009999999776482582 1.5500000715255737 18.400035858154297
279 0.02200000174343586 0.010555555112659931 2.0842108726501465 15.400025367736816
280 0.011500000953674316 0.010555555112659931 1.089473843574524 16.30002784729004
281 0.015500000678002834 0.009444444440305233 1.6411765813827515 21.400047302246094
282 0.017500001937150955 0.009999999776482582 1.750000238418579 12.7000150680542
283 0.00800000037997961 0.009444444440305233 0.847058892250061 11.300009727478027
284 0.013000000268220901 0.009444444440305233 1.3764705657958984 17.200031280517578
285 0.01850000023841858 0.010555555112659931 1.752631664276123 15.90002727508545
286 0.013500000350177288 0.009999999776482582 1.350000023841858 23.400054931640625
287 0.008500000461935997 0.009999999776482582 0.8500000834465027 17.10003089904785
288 0.00950000062584877 0.009444444440305233 1.0058823823928833 18.700037002563477
289 0.016499999910593033 0.009444444440305233 1.7470588684082031 16.60002899169922
290 0.01250000111758709 0.010555555112659931 1.1842106580734253 14.500021934509277
291 0.017000000923871994 0.009444444440305233 1.8000000715255737 10.600007057189941
292 0.014000000432133675 0.009444444440305233 1.4823529720306396 17.70003318786621
293 0.01600000075995922 0.009999999776482582 1.6000001430511475 12.200013160705566
294 0.014000000432133675 0.009999999776482582 1.4000000953674316 23.400054931640625
295 0.00800000037997961 0.009444444440305233 0.847058892250061 17.600032806396484
296 0.017500001937150955 0.009999999776482582 1.750000238418579 18.30003547668457
297 0.016499999910593033 0.009999999776482582 1.649999976158142 26.900068283081055
298 0.018000001087784767 0.009999999776482582 1.8000001907348633 19.80004119873047
299 0.017000000923871994 0.009444444440305233 1.8000000715255737 17.70003318786621
300 0.01600000075995922 0.009444444440305233 1.694117784500122 16.700029373168945
301 0.018000001087784767 0.009999999776482582 1.8000001907348633 12.10001277923584
302 0.013000000268220901 0.009444444440305233 1.3764705657958984 18.60003662109375
303 0.01600000075995922 0.009444444440305233 1.694117784500122 16.00002670288086
304 0.02250000089406967 0.009999999776482582 2.250000238418579 11.50001049041748
305 0.010999999940395355 0.009444444440305233 1.1647058725357056 18.100034713745117
306 0.014000000432133675 0.009444444440305233 1.4823529720306396 21.800048828125
307 0.010000000707805157 0.009444444440305233 1.058823585510254 21.000045776367188
308 0.016499999910593033 0.010555555112659931 1.5631579160690308 16.100027084350586
309 0.010999999940395355 0.010555555112659931 1.0421053171157837 17.800033569335938
310 0.014500000514090061 0.009999999776482582 1.4500000476837158 17.70003318786621
311 0.013000000268220901 0.009444444440305233 1.3764705657958984 13.700018882751465
312 0.010999999940395355 0.009444444440305233 1.1647058725357056 21.900049209594727
313 0.015000000596046448 0.010555555112659931 1.4210526943206787 20.10004234313965
314 0.015000000596046448 0.009999999776482582 1.5000001192092896 12.40001392364502
315 0.015000000596046448 0.010555555112659931 1.4210526943206787 17.900033950805664
316 0.018000001087784767 0.009999999776482582 1.8000001907348633 15.30002498626709
317 0.010000000707805157 0.009999999776482582 1.0000001192092896 18.200035095214844
318 0.014000000432133675 0.010555555112659931 1.3263158798217773 15.90002727508545
319 0.013000000268220901 0.010555555112659931 1.231579065322876 17.500032424926758
320 0.013000000268220901 0.009999999776482582 1.3000000715255737 19.900041580200195
321 0.5485000014305115 0.29777777194976807 1.841977596282959 0.10000251978635788
322 0.020500000566244125 0.009999999776482582 2.0500001907348633 3.600001335144043
323 0.007000000216066837 0.009444444440305233 0.7411764860153198 15.90002727508545
324 0.013500001281499863 0.010555555112659931 1.2789475917816162 18.60003662109375
325 0.013000000268220901 0.009999999776482582 1.3000000715255737 10.200005531311035
326 0.013000000268220901 0.009444444440305233 1.3764705657958984 13.600018501281738
327 0.01600000075995922 0.009444444440305233 1.694117784500122 12.000012397766113
328 0.010999999940395355 0.009444444440305233 1.1647058725357056 21.900049209594727
329 0.017000000923871994 0.009999999776482582 1.7000001668930054 17.10003089904785
330 0.01900000125169754 0.010555555112659931 1.8000001907348633 17.70003318786621
331 0.015500000678002834 0.009444444440305233 1.6411765813827515 17.800033569335938
332 0.005500000435858965 0.009999999776482582 0.5500000715255737 18.200035095214844
333 0.014000000432133675 0.010555555112659931 1.3263158798217773 17.70003318786621
334 0.009000000543892384 0.009999999776482582 0.9000000953674316 14.100020408630371
335 0.01900000125169754 0.009999999776482582 1.9000002145767212 19.400039672851562
336 0.015000000596046448 0.009444444440305233 1.5882353782653809 12.40001392364502
337 0.013500000350177288 0.009999999776482582 1.350000023841858 13.200016975402832
338 0.01600000075995922 0.009999999776482582 1.6000001430511475 13.400017738342285
339 0.017500001937150955 0.010555555112659931 1.6578949689865112 16.500028610229492
340 0.014500001445412636 0.009999999776482582 1.4500001668930054 18.00003433227539
341 0.015500000678002834 0.009999999776482582 1.5500000715255737 3.8000011444091797
342 0.01850000023841858 0.009444444440305233 1.958823561668396 10.000004768371582
343 0.015500000678002834 0.009999999776482582 1.5500000715255737 18.60003662109375
344 0.018000001087784767 0.009444444440305233 1.905882477760315 18.700037002563477
345 0.013500000350177288 0.009444444440305233 1.429411768913269 14.600022315979004
346 0.010000000707805157 0.009444444440305233 1.058823585510254 17.70003318786621
347 0.012500000186264515 0.009999999776482582 1.25 17.500032424926758
348 0.014000000432133675 0.010555555112659931 1.3263158798217773 14.500021934509277
349 0.015000000596046448 0.010555555112659931 1.4210526943206787 15.700026512145996
350 0.015500000678002834 0.009999999776482582 1.5500000715255737 12.10001277923584
351 0.015000000596046448 0.009999999776482582 1.5000001192092896 14.70002269744873
352 0.014000000432133675 0.010555555112659931 1.3263158798217773 19.000038146972656
353 0.015500000678002834 0.009444444440305233 1.6411765813827515 19.000038146972656
354 0.015500000678002834 0.009999999776482582 1.5500000715255737 19.300039291381836
355 0.013000000268220901 0.010555555112659931 1.231579065322876 14.40002155303955
356 0.013500000350177288 0.009444444440305233 1.429411768913269 17.70003318786621
357 0.013000000268220901 0.009444444440305233 1.3764705657958984 21.700048446655273
358 0.0195000022649765 0.009999999776482582 1.950000286102295 13.700018882751465
359 0.020500000566244125 0.009444444440305233 2.170588254928589 10.200005531311035
360 0.00950000062584877 0.009444444440305233 1.0058823823928833 5.199999809265137
361 0.0195000022649765 0.009444444440305233 2.0647060871124268 19.700040817260742
362 0.010500000789761543 0.009999999776482582 1.0500000715255737 22.70005226135254
363 0.010500000789761543 0.009444444440305233 1.1117647886276245 17.300031661987305
364 0.015000000596046448 0.010555555112659931 1.4210526943206787 19.700040817260742
365 0.010999999940395355 0.009999999776482582 1.100000023841858 17.900033950805664
366 0.015500000678002834 0.010555555112659931 1.468421220779419 16.700029373168945
367 0.014000000432133675 0.009444444440305233 1.4823529720306396 15.900026321411133
368 0.012000000104308128 0.009444444440305233 1.2705882787704468 16.700029373168945
369 0.010999999940395355 0.010555555112659931 1.0421053171157837 17.900033950805664
370 0.01250000111758709 0.009444444440305233 1.3235294818878174 14.500021934509277
371 0.018000001087784767 0.009444444440305233 1.905882477760315 18.00003433227539
372 0.013500000350177288 0.009444444440305233 1.429411768913269 23.600055694580078
373 0.01600000075995922 0.009444444440305233 1.694117784500122 17.000030517578125
374 0.015000000596046448 0.009999999776482582 1.5000001192092896 18.60003662109375
375 0.014500000514090061 0.010555555112659931 1.373684287071228 18.200035095214844
376 0.011500000953674316 0.009999999776482582 1.1500000953674316 20.60004425048828
377 0.017500001937150955 0.010555555112659931 1.6578949689865112 9.300002098083496
378 0.007500000298023224 0.009444444440305233 0.7941176891326904 16.100027084350586
379 0.009999999776482582 0.009999999776482582 1.0 16.30002784729004
380 0.016499999910593033 0.009444444440305233 1.7470588684082031 16.60002899169922
381 0.006000000052154064 0.009444444440305233 0.6352941393852234 21.900049209594727
382 0.01850000023841858 0.009999999776482582 1.850000023841858 7.599997520446777
383 0.01900000125169754 0.009999999776482582 1.9000002145767212 18.800037384033203
384 0.01900000125169754 0.010555555112659931 1.8000001907348633 16.100027084350586
385 0.00950000062584877 0.009444444440305233 1.0058823823928833 23.00005340576172
386 0.00800000037997961 0.009444444440305233 0.847058892250061 15.60002613067627
387 0.015000000596046448 0.009444444440305233 1.5882353782653809 13.400017738342285
388 0.017500001937150955 0.009444444440305233 1.8529413938522339 16.800029754638672
389 0.010999999940395355 0.009444444440305233 1.1647058725357056 14.900023460388184
390 0.008500000461935997 0.009444444440305233 0.9000000357627869 9.100001335144043
391 0.017500001937150955 0.009444444440305233 1.8529413938522339 18.400035858154297
392 0.017500000074505806 0.009444444440305233 1.8529411554336548 12.300013542175293
393 0.013500000350177288 0.010555555112659931 1.2789474725723267 20.60004425048828
394 0.018000001087784767 0.009444444440305233 1.905882477760315 16.60002899169922
395 0.016499999910593033 0.009444444440305233 1.7470588684082031 7.699997425079346
396 0.013500000350177288 0.010555555112659931 1.2789474725723267 17.800033569335938
397 0.00800000037997961 0.009444444440305233 0.847058892250061 24.300058364868164
398 0.012000000104308128 0.009999999776482582 1.2000000476837158 14.000020027160645
399 0.017000000923871994 0.009999999776482582 1.7000001668930054 15.90002727508545
400 0.016499999910593033 0.009444444440305233 1.7470588684082031 18.400035858154297
401 0.023500001057982445 0.009444444440305233 2.4882354736328125 18.800037384033203
402 0.02250000089406967 0.009444444440305233 2.3823530673980713 15.800026893615723
403 0.013000000268220901 0.009999999776482582 1.3000000715255737 16.400028228759766
404 0.014000000432133675 0.009444444440305233 1.4823529720306396 9.20000171661377
405 0.011500000953674316 0.009999999776482582 1.1500000953674316 11.900012016296387
406 0.024000000208616257 0.009444444440305233 2.5411765575408936 18.800037384033203
407 0.01600000075995922 0.009444444440305233 1.694117784500122 10.000004768371582
408 0.014500001445412636 0.010555555112659931 1.3736844062805176 22.900053024291992
409 0.013000000268220901 0.009999999776482582 1.3000000715255737 16.800029754638672
410 0.014500000514090061 0.009444444440305233 1.5352941751480103 15.800026893615723
411 0.014000000432133675 0.009999999776482582 1.4000000953674316 21.000045776367188
412 0.01600000075995922 0.010555555112659931 1.5157896280288696 13.200016975402832
413 0.0195000022649765 0.010555555112659931 1.8473687171936035 1.7000027894973755
414 0.02550000138580799 0.010555555112659931 2.4157896041870117 21.000045776367188
415 0.01900000125169754 0.009999999776482582 1.9000002145767212 12.200013160705566
416 0.015500000678002834 0.009999999776482582 1.5500000715255737 15.500025749206543
417 0.01250000111758709 0.010555555112659931 1.1842106580734253 17.000030517578125
418 0.005000000353902578 0.009444444440305233 0.529411792755127 6.699998378753662
419 0.020000001415610313 0.009444444440305233 2.117647171020508 21.100046157836914
420 0.014500001445412636 0.009999999776482582 1.4500001668930054 16.100027084350586
421 0.020500000566244125 0.009444444440305233 2.170588254928589 11.2000093460083
422 0.024000000208616257 0.009444444440305233 2.5411765575408936 17.800033569335938
423 0.012000000104308128 0.009999999776482582 1.2000000476837158 13.100016593933105
424 0.019500000402331352 0.009444444440305233 2.0647058486938477 24.10005760192871
425 0.014000000432133675 0.010555555112659931 1.3263158798217773 19.80004119873047
426 0.014500000514090061 0.009444444440305233 1.5352941751480103 15.30002498626709
427 0.015500000678002834 0.009444444440305233 1.6411765813827515 10.800007820129395
428 0.016499999910593033 0.009999999776482582 1.649999976158142 16.700029373168945
429 0.009999999776482582 0.009999999776482582 1.0 16.9000301361084
430 0.014000000432133675 0.009444444440305233 1.4823529720306396 19.900041580200195
431 0.01600000075995922 0.009444444440305233 1.694117784500122 16.700029373168945
432 0.015000000596046448 0.009444444440305233 1.5882353782653809 11.000008583068848
433 0.010500000789761543 0.009444444440305233 1.1117647886276245 14.900023460388184
434 0.013500000350177288 0.009444444440305233 1.429411768913269 19.100038528442383
435 0.013000000268220901 0.009444444440305233 1.3764705657958984 12.7000150680542
436 0.013000000268220901 0.009999999776482582 1.3000000715255737 8.199997901916504
437 0.01850000023841858 0.009444444440305233 1.958823561668396 17.40003204345703
438 0.0195000022649765 0.009999999776482582 1.950000286102295 19.80004119873047
439 0.014000000432133675 0.009444444440305233 1.4823529720306396 15.500025749206543
440 0.015500001609325409 0.010555555112659931 1.468421220779419 13.700018882751465
441 0.015000000596046448 0.009999999776482582 1.5000001192092896 20.500043869018555
442 0.010500000789761543 0.009444444440305233 1.1117647886276245 16.500028610229492
443 0.01600000075995922 0.009444444440305233 1.694117784500122 21.900049209594727
444 0.00800000037997961 0.009999999776482582 0.8000000715255737 11.600010871887207
445 0.012000000104308128 0.009444444440305233 1.2705882787704468 13.500018119812012
446 1.0 0.9316666722297668 1.0733453035354614 -94.89912414550781
447 0.017500001937150955 0.009444444440305233 1.8529413938522339 17.000030517578125
448 0.023000001907348633 0.009444444440305233 2.4352943897247314 3.100001811981201
449 0.015000000596046448 0.009444444440305233 1.5882353782653809 9.20000171661377
450 0.017500001937150955 0.010555555112659931 1.6578949689865112 2.3000025749206543
451 0.008500000461935997 0.009444444440305233 0.9000000357627869 11.700011253356934
452 0.015000000596046448 0.009444444440305233 1.5882353782653809 17.500032424926758
453 0.019999999552965164 0.010555555112659931 1.894736886024475 19.700040817260742
454 0.011500000953674316 0.009999999776482582 1.1500000953674316 19.100038528442383
455 0.011500000953674316 0.009999999776482582 1.1500000953674316 16.00002670288086
456 0.016499999910593033 0.010555555112659931 1.5631579160690308 16.30002784729004
457 0.021500002592802048 0.010555555112659931 2.0368423461914062 13.200016975402832
458 0.017500001937150955 0.009444444440305233 1.8529413938522339 14.100020408630371
459 0.014000000432133675 0.010555555112659931 1.3263158798217773 22.000049591064453
460 0.017500001937150955 0.009999999776482582 1.750000238418579 21.700048446655273
461 0.013000000268220901 0.009444444440305233 1.3764705657958984 15.30002498626709
462 0.010999999940395355 0.009444444440305233 1.1647058725357056 20.400043487548828
463 0.017500000074505806 0.010555555112659931 1.6578948497772217 17.500032424926758
464 0.013500000350177288 0.009444444440305233 1.429411768913269 24.70005989074707
465 0.999000072479248 0.8277778029441833 1.2068456411361694 -94.89912414550781
466 0.011500000953674316 0.009444444440305233 1.2176471948623657 18.30003547668457
467 0.010500000789761543 0.010555555112659931 0.9947369694709778 16.100027084350586
468 0.013500000350177288 0.009999999776482582 1.350000023841858 18.400035858154297
469 0.010000000707805157 0.010555555112659931 0.9473685026168823 16.400028228759766
470 0.00950000062584877 0.009999999776482582 0.9500001072883606 14.300021171569824
471 0.012500000186264515 0.009444444440305233 1.3235294818878174 16.700029373168945
472 0.024000000208616257 0.010555555112659931 2.27368426322937 3.2000017166137695
473 0.010500000789761543 0.009999999776482582 1.0500000715255737 20.800045013427734
474 0.01600000075995922 0.009444444440305233 1.694117784500122 15.30002498626709
475 0.01600000075995922 0.010555555112659931 1.5157896280288696 20.3000431060791
476 0.020500000566244125 0.009444444440305233 2.170588254928589 21.100046157836914
477 0.015000000596046448 0.009999999776482582 1.5000001192092896 17.800033569335938
478 0.01100000087171793 0.009444444440305233 1.1647059917449951 22.800052642822266
479 0.01600000075995922 0.009999999776482582 1.6000001430511475 9.600003242492676
480 0.012000000104308128 0.009999999776482582 1.2000000476837158 10.400006294250488
481 0.011500000953674316 0.009444444440305233 1.2176471948623657 15.30002498626709
482 0.015500000678002834 0.009444444440305233 1.6411765813827515 16.700029373168945
483 0.010999999940395355 0.009444444440305233 1.1647058725357056 20.10004234313965
484 0.010500000789761543 0.010555555112659931 0.9947369694709778 15.400025367736816
485 0.015500001609325409 0.010555555112659931 1.468421220779419 17.900033950805664
486 0.010500000789761543 0.009444444440305233 1.1117647886276245 17.500032424926758
487 0.017500001937150955 0.009999999776482582 1.750000238418579 19.600040435791016
488 0.014500000514090061 0.009999999776482582 1.4500000476837158 16.00002670288086
489 0.007500000298023224 0.009999999776482582 0.7500000596046448 11.2000093460083
490 0.00950000062584877 0.009999999776482582 0.9500001072883606 15.700026512145996
491 0.015500000678002834 0.009444444440305233 1.6411765813827515 12.000012397766113
492 0.010000000707805157 0.009444444440305233 1.058823585510254 13.900019645690918
493 0.014500001445412636 0.009999999776482582 1.4500001668930054 12.300013542175293
494 0.018000001087784767 0.010555555112659931 1.705263376235962 23.200054168701172
495 0.016499999910593033 0.010555555112659931 1.5631579160690308 21.20004653930664
496 1.0 0.7672222256660461 1.303403377532959 -94.89912414550781
497 0.015000000596046448 0.009444444440305233 1.5882353782653809 14.900023460388184
498 0.020500000566244125 0.010555555112659931 1.9421054124832153 10.900008201599121
499 0.011500000953674316 0.009444444440305233 1.2176471948623657 14.40002155303955
500 0.011500000953674316 0.010555555112659931 1.089473843574524 13.100016593933105
501 0.017500001937150955 0.009444444440305233 1.8529413938522339 23.900056838989258
502 0.015500000678002834 0.009999999776482582 1.5500000715255737 20.000041961669922
503 0.010500000789761543 0.009444444440305233 1.1117647886276245 13.400017738342285
504 0.011500000953674316 0.010555555112659931 1.089473843574524 27.90007209777832
505 0.0195000022649765 0.009999999776482582 1.950000286102295 15.400025367736816
506 0.018000001087784767 0.010555555112659931 1.705263376235962 16.00002670288086
507 0.012000000104308128 0.009444444440305233 1.2705882787704468 14.900023460388184
508 0.012500000186264515 0.009444444440305233 1.3235294818878174 13.600018501281738
509 0.021000001579523087 0.010555555112659931 1.9894739389419556 16.60002899169922
510 0.01250000111758709 0.009444444440305233 1.3235294818878174 16.100027084350586
511 0.00950000062584877 0.009444444440305233 1.0058823823928833 19.000038146972656
512 0.015000000596046448 0.009444444440305233 1.5882353782653809 12.10001277923584
513 0.014500000514090061 0.010555555112659931 1.373684287071228 22.500051498413086
514 0.01600000075995922 0.009444444440305233 1.694117784500122 25.400062561035156
515 0.016500001773238182 0.009444444440305233 1.7470589876174927 22.40005111694336
516 0.013000000268220901 0.009444444440305233 1.3764705657958984 10.900008201599121
517 0.01600000075995922 0.009444444440305233 1.694117784500122 22.300050735473633
518 0.00950000062584877 0.009999999776482582 0.9500001072883606 19.000038146972656
519 0.017000000923871994 0.009444444440305233 1.8000000715255737 17.600032806396484
520 0.012500000186264515 0.010555555112659931 1.1842105388641357 14.40002155303955
521 0.017999999225139618 0.010555555112659931 1.7052631378173828 17.200031280517578
522 0.020000001415610313 0.010555555112659931 1.8947370052337646 12.500014305114746
523 0.020000001415610313 0.009999999776482582 2.000000238418579 12.40001392364502
524 0.017500001937150955 0.009999999776482582 1.750000238418579 14.300021171569824
525 0.017500001937150955 0.010555555112659931 1.6578949689865112 12.900015830993652
526 0.01600000075995922 0.009999999776482582 1.6000001430511475 21.800048828125
527 0.014500000514090061 0.009999999776482582 1.4500000476837158 16.00002670288086
528 0.017000000923871994 0.009999999776482582 1.7000001668930054 15.00002384185791
529 0.013500000350177288 0.009444444440305233 1.429411768913269 14.000020027160645
530 0.01850000023841858 0.010555555112659931 1.752631664276123 18.90003776550293
531 0.021000001579523087 0.009999999776482582 2.1000001430511475 11.700011253356934
532 0.007000000216066837 0.009444444440305233 0.7411764860153198 11.50001049041748
533 0.008500000461935997 0.010555555112659931 0.8052632212638855 13.900019645690918
534 0.013500000350177288 0.009444444440305233 1.429411768913269 20.400043487548828
535 0.023000001907348633 0.009999999776482582 2.3000001907348633 20.700044631958008
536 0.010500000789761543 0.009999999776482582 1.0500000715255737 19.100038528442383
537 0.015000000596046448 0.009444444440305233 1.5882353782653809 16.700029373168945
538 0.01900000125169754 0.010555555112659931 1.8000001907348633 16.200027465820312
539 0.014000000432133675 0.009444444440305233 1.4823529720306396 14.200020790100098
540 0.015000000596046448 0.009444444440305233 1.5882353782653809 24.600059509277344
541 0.00800000037997961 0.010555555112659931 0.7578948140144348 16.9000301361084
542 0.0195000022649765 0.009444444440305233 2.0647060871124268 19.400039672851562
543 0.014500000514090061 0.009444444440305233 1.5352941751480103 7.599997520446777
544 0.017000000923871994 0.009444444440305233 1.8000000715255737 5.299999713897705
545 0.01900000125169754 0.009444444440305233 2.0117647647857666 15.30002498626709
546 0.013000000268220901 0.010555555112659931 1.231579065322876 17.10003089904785
547 0.009000000543892384 0.010555555112659931 0.852631688117981 24.300058364868164
548 0.017500001937150955 0.009999999776482582 1.750000238418579 17.40003204345703
549 0.011500000953674316 0.009444444440305233 1.2176471948623657 17.000030517578125
550 0.017500001937150955 0.010555555112659931 1.6578949689865112 28.300073623657227
551 0.01600000075995922 0.009999999776482582 1.6000001430511475 9.50000286102295
552 0.015000000596046448 0.009444444440305233 1.5882353782653809 9.600003242492676
553 0.017000000923871994 0.009444444440305233 1.8000000715255737 14.900023460388184
554 0.015000000596046448 0.009444444440305233 1.5882353782653809 18.00003433227539
555 0.01900000125169754 0.010555555112659931 1.8000001907348633 20.3000431060791
556 0.013000000268220901 0.010555555112659931 1.231579065322876 15.400025367736816
557 0.011500000953674316 0.009999999776482582 1.1500000953674316 21.600048065185547
558 0.015500000678002834 0.010555555112659931 1.468421220779419 13.700018882751465
559 0.015000000596046448 0.009999999776482582 1.5000001192092896 11.80001163482666
560 0.004500000271946192 0.009999999776482582 0.4500000476837158 17.600032806396484
561 0.021500002592802048 0.009444444440305233 2.276470899581909 11.400010108947754
562 0.014500000514090061 0.009999999776482582 1.4500000476837158 19.100038528442383
563 0.014500001445412636 0.009444444440305233 1.5352942943572998 12.10001277923584
564 0.021500002592802048 0.009444444440305233 2.276470899581909 16.30002784729004
565 0.017000000923871994 0.009999999776482582 1.7000001668930054 18.800037384033203
566 0.014500000514090061 0.009444444440305233 1.5352941751480103 14.600022315979004
567 0.010999999940395355 0.009444444440305233 1.1647058725357056 15.30002498626709
568 0.014000000432133675 0.009444444440305233 1.4823529720306396 13.900019645690918
569 0.01250000111758709 0.010555555112659931 1.1842106580734253 17.40003204345703
570 0.010999999940395355 0.009999999776482582 1.100000023841858 17.800033569335938
571 0.017500001937150955 0.010555555112659931 1.6578949689865112 16.00002670288086
572 0.018000001087784767 0.010555555112659931 1.705263376235962 7.0999979972839355
573 0.012000000104308128 0.009444444440305233 1.2705882787704468 11.700011253356934
574 0.020000001415610313 0.010555555112659931 1.8947370052337646 20.700044631958008
575 0.015000000596046448 0.009999999776482582 1.5000001192092896 20.3000431060791
576 0.015500000678002834 0.009999999776482582 1.5500000715255737 14.200020790100098
577 0.008500000461935997 0.009999999776482582 0.8500000834465027 20.90004539489746
578 0.011500000953674316 0.009444444440305233 1.2176471948623657 18.100034713745117
579 0.020500000566244125 0.010555555112659931 1.9421054124832153 10.800007820129395
580 0.012000000104308128 0.009444444440305233 1.2705882787704468 16.500028610229492
581 0.014000000432133675 0.010555555112659931 1.3263158798217773 16.30002784729004
582 0.020500000566244125 0.009444444440305233 2.170588254928589 18.60003662109375
583 1.0 0.7205555438995361 1.3878180980682373 -94.89912414550781
584 0.013000000268220901 0.009444444440305233 1.3764705657958984 6.19999885559082
585 0.012000000104308128 0.009999999776482582 1.2000000476837158 16.30002784729004
586 0.020000001415610313 0.009999999776482582 2.000000238418579 19.000038146972656
587 0.0195000022649765 0.010555555112659931 1.8473687171936035 17.40003204345703
588 0.007500000298023224 0.009444444440305233 0.7941176891326904 20.800045013427734
589 0.018000001087784767 0.010555555112659931 1.705263376235962 17.600032806396484
590 0.01850000023841858 0.010555555112659931 1.752631664276123 14.800023078918457
591 0.014500000514090061 0.010555555112659931 1.373684287071228 20.90004539489746
592 0.01900000125169754 0.009999999776482582 1.9000002145767212 11.900012016296387
593 0.011500000953674316 0.009444444440305233 1.2176471948623657 23.50005531311035
594 0.017500001937150955 0.009999999776482582 1.750000238418579 9.300002098083496
595 0.010999999940395355 0.010555555112659931 1.0421053171157837 19.300039291381836
596 0.010500000789761543 0.009444444440305233 1.1117647886276245 16.700029373168945
597 0.013500001281499863 0.010555555112659931 1.2789475917816162 13.400017738342285
598 0.012000000104308128 0.009444444440305233 1.2705882787704468 19.700040817260742
599 0.017500001937150955 0.009999999776482582 1.750000238418579 16.00002670288086
600 0.010500000789761543 0.010555555112659931 0.9947369694709778 17.900033950805664
601 0.014500001445412636 0.009444444440305233 1.5352942943572998 20.500043869018555
602 0.020000001415610313 0.009999999776482582 2.000000238418579 17.600032806396484
603 0.014000000432133675 0.010555555112659931 1.3263158798217773 24.000057220458984
604 0.016500001773238182 0.009444444440305233 1.7470589876174927 12.7000150680542
605 0.012000000104308128 0.009444444440305233 1.2705882787704468 18.100034713745117
606 0.0195000022649765 0.010555555112659931 1.8473687171936035 11.100008964538574
607 0.013000000268220901 0.009444444440305233 1.3764705657958984 13.400017738342285
608 0.014500001445412636 0.010555555112659931 1.3736844062805176 21.50004768371582
609 0.013000000268220901 0.009444444440305233 1.3764705657958984 20.700044631958008
610 0.010999999940395355 0.009444444440305233 1.1647058725357056 19.000038146972656
611 0.013000000268220901 0.009999999776482582 1.3000000715255737 8.29999828338623
612 0.013000000268220901 0.009999999776482582 1.3000000715255737 20.500043869018555
613 0.021000001579523087 0.010555555112659931 1.9894739389419556 21.900049209594727
614 0.014000000432133675 0.010555555112659931 1.3263158798217773 11.000008583068848
615 0.01850000023841858 0.009999999776482582 1.850000023841858 16.700029373168945
616 0.015500000678002834 0.009999999776482582 1.5500000715255737 13.900019645690918
617 0.012000000104308128 0.009999999776482582 1.2000000476837158 16.400028228759766
618 0.009999999776482582 0.009444444440305233 1.0588234663009644 17.200031280517578
619 0.013500000350177288 0.009999999776482582 1.350000023841858 12.7000150680542
620 0.016499999910593033 0.009444444440305233 1.7470588684082031 8.499999046325684
621 0.010000000707805157 0.010555555112659931 0.9473685026168823 16.100027084350586
622 0.007000000216066837 0.009444444440305233 0.7411764860153198 17.300031661987305
623 0.018000001087784767 0.009444444440305233 1.905882477760315 19.50004005432129
624 0.012000000104308128 0.010555555112659931 1.136842131614685 20.10004234313965
625 0.021500002592802048 0.010555555112659931 2.0368423461914062 15.200024604797363
626 0.013500000350177288 0.009999999776482582 1.350000023841858 8.099997520446777
627 0.013000000268220901 0.009444444440305233 1.3764705657958984 21.400047302246094
628 0.013000000268220901 0.009999999776482582 1.3000000715255737 9.600003242492676
629 0.014000000432133675 0.009999999776482582 1.4000000953674316 12.800015449523926
630 0.016499999910593033 0.009444444440305233 1.7470588684082031 14.000020027160645
631 0.01900000125169754 0.010555555112659931 1.8000001907348633 13.900019645690918
632 0.02250000089406967 0.009444444440305233 2.3823530673980713 20.3000431060791
633 0.012000000104308128 0.009444444440305233 1.2705882787704468 22.300050735473633
634 0.013500000350177288 0.009444444440305233 1.429411768913269 24.000057220458984
635 0.013000000268220901 0.009999999776482582 1.3000000715255737 19.900041580200195
636 0.01600000075995922 0.009444444440305233 1.694117784500122 19.300039291381836
637 0.013000000268220901 0.009444444440305233 1.3764705657958984 21.000045776367188
638 0.01850000023841858 0.009444444440305233 1.958823561668396 15.800026893615723
639 0.009000000543892384 0.009999999776482582 0.9000000953674316 19.100038528442383
640 0.01250000111758709 0.009444444440305233 1.3235294818878174 13.500018119812012
641 0.010500000789761543 0.010555555112659931 0.9947369694709778 15.00002384185791
642 0.016499999910593033 0.010555555112659931 1.5631579160690308 15.500025749206543
643 0.00950000062584877 0.009444444440305233 1.0058823823928833 18.800037384033203
644 0.01600000075995922 0.009999999776482582 1.6000001430511475 24.300058364868164
645 0.015000000596046448 0.009444444440305233 1.5882353782653809 18.500036239624023
646 0.01250000111758709 0.010555555112659931 1.1842106580734253 12.500014305114746
647 0.015500000678002834 0.009999999776482582 1.5500000715255737 1.6000027656555176
648 0.016499999910593033 0.010555555112659931 1.5631579160690308 16.30002784729004
649 0.010999999940395355 0.009444444440305233 1.1647058725357056 21.50004768371582
650 0.012000000104308128 0.009444444440305233 1.2705882787704468 13.900019645690918
651 0.017000000923871994 0.009444444440305233 1.8000000715255737 17.200031280517578
652 0.013000000268220901 0.009444444440305233 1.3764705657958984 20.10004234313965
653 0.008500000461935997 0.009444444440305233 0.9000000357627869 17.70003318786621
654 0.01900000125169754 0.010555555112659931 1.8000001907348633 21.100046157836914
655 0.013500000350177288 0.009999999776482582 1.350000023841858 16.60002899169922
656 0.01600000075995922 0.009444444440305233 1.694117784500122 12.7000150680542
657 0.018000001087784767 0.010555555112659931 1.705263376235962 23.3000545501709
658 0.017500001937150955 0.009444444440305233 1.8529413938522339 18.800037384033203
659 0.01250000111758709 0.010555555112659931 1.1842106580734253 14.200020790100098
660 1.0 0.8027777671813965 1.245674729347229 -94.89912414550781
661 0.015000000596046448 0.009444444440305233 1.5882353782653809 17.40003204345703
662 0.00950000062584877 0.009444444440305233 1.0058823823928833 13.500018119812012
663 0.019500000402331352 0.010555555112659931 1.8473684787750244 16.500028610229492
664 0.01250000111758709 0.009999999776482582 1.2500001192092896 18.30003547668457
665 0.015500000678002834 0.009444444440305233 1.6411765813827515 16.500028610229492
666 0.015500000678002834 0.010555555112659931 1.468421220779419 25.30006217956543
667 0.014500000514090061 0.010555555112659931 1.373684287071228 14.200020790100098
668 0.01900000125169754 0.009999999776482582 1.9000002145767212 6.699998378753662
669 0.008999999612569809 0.009444444440305233 0.9529411196708679 16.30002784729004
670 0.012000000104308128 0.009444444440305233 1.2705882787704468 15.60002613067627
671 0.018000001087784767 0.009444444440305233 1.905882477760315 17.200031280517578
672 0.014000000432133675 0.010555555112659931 1.3263158798217773 17.70003318786621
673 0.013500001281499863 0.009999999776482582 1.3500001430511475 16.800029754638672
674 0.012500000186264515 0.010555555112659931 1.1842105388641357 15.700026512145996
675 0.01900000125169754 0.009999999776482582 1.9000002145767212 2.200002670288086
676 0.014000000432133675 0.009444444440305233 1.4823529720306396 17.200031280517578
677 0.012500000186264515 0.009999999776482582 1.25 18.60003662109375
678 0.011500000953674316 0.009444444440305233 1.2176471948623657 21.20004653930664
679 0.014500000514090061 0.010555555112659931 1.373684287071228 17.10003089904785
680 0.013000000268220901 0.009999999776482582 1.3000000715255737 14.600022315979004
681 0.009000000543892384 0.009999999776482582 0.9000000953674316 21.800048828125
682 0.008500000461935997 0.010555555112659931 0.8052632212638855 19.400039672851562
683 0.013000000268220901 0.010555555112659931 1.231579065322876 16.30002784729004
684 0.014500000514090061 0.009444444440305233 1.5352941751480103 15.200024604797363
685 0.018000001087784767 0.009999999776482582 1.8000001907348633 6.299998760223389
686 0.0195000022649765 0.009444444440305233 2.0647060871124268 12.200013160705566
687 0.015000000596046448 0.009444444440305233 1.5882353782653809 19.900041580200195
688 0.017500000074505806 0.009999999776482582 1.75 15.60002613067627
689 0.00950000062584877 0.009444444440305233 1.0058823823928833 14.200020790100098
690 0.014500000514090061 0.009999999776482582 1.4500000476837158 7.799997329711914
691 0.00950000062584877 0.009444444440305233 1.0058823823928833 20.60004425048828
692 0.02250000089406967 0.010555555112659931 2.1315791606903076 6.399998664855957
693 0.019500000402331352 0.009444444440305233 2.0647058486938477 15.60002613067627
694 0.010999999940395355 0.009444444440305233 1.1647058725357056 14.100020408630371
695 0.014000000432133675 0.009444444440305233 1.4823529720306396 12.300013542175293
696 0.01600000075995922 0.009444444440305233 1.694117784500122 16.60002899169922
697 0.020000001415610313 0.009444444440305233 2.117647171020508 13.500018119812012
698 0.018000001087784767 0.010555555112659931 1.705263376235962 19.100038528442383
699 0.010000000707805157 0.010555555112659931 0.9473685026168823 14.200020790100098
700 0.018000001087784767 0.009444444440305233 1.905882477760315 16.700029373168945
701 0.009000000543892384 0.009444444440305233 0.9529412388801575 13.000016212463379
702 0.00800000037997961 0.009999999776482582 0.8000000715255737 21.300046920776367
703 0.00950000062584877 0.009444444440305233 1.0058823823928833 17.500032424926758
704 0.009000000543892384 0.009999999776482582 0.9000000953674316 17.300031661987305
705 0.0195000022649765 0.010555555112659931 1.8473687171936035 17.200031280517578
706 0.019999999552965164 0.009444444440305233 2.1176469326019287 19.400039672851562
707 0.010999999940395355 0.010555555112659931 1.0421053171157837 17.200031280517578
708 0.021500002592802048 0.010555555112659931 2.0368423461914062 10.000004768371582
709 0.013500000350177288 0.009444444440305233 1.429411768913269 14.000020027160645
710 0.020500000566244125 0.009444444440305233 2.170588254928589 22.300050735473633
711 0.010999999940395355 0.009999999776482582 1.100000023841858 20.700044631958008
712 0.016499999910593033 0.010555555112659931 1.5631579160690308 16.9000301361084
713 0.020500000566244125 0.009999999776482582 2.0500001907348633 16.30002784729004
714 0.01850000023841858 0.009444444440305233 1.958823561668396 17.200031280517578
715 0.01850000023841858 0.009444444440305233 1.958823561668396 15.60002613067627
716 0.012000000104308128 0.009444444440305233 1.2705882787704468 18.100034713745117
717 0.008500000461935997 0.009444444440305233 0.9000000357627869 10.000004768371582
718 0.013000000268220901 0.009444444440305233 1.3764705657958984 14.100020408630371
719 0.014000000432133675 0.009999999776482582 1.4000000953674316 18.60003662109375
720 0.00950000062584877 0.009999999776482582 0.9500001072883606 21.300046920776367
721 0.007500000298023224 0.009999999776482582 0.7500000596046448 7.599997520446777
722 0.015500000678002834 0.010555555112659931 1.468421220779419 21.20004653930664
723 0.01600000075995922 0.009999999776482582 1.6000001430511475 20.200042724609375
724 0.010999999940395355 0.009444444440305233 1.1647058725357056 13.300017356872559
725 0.02199999988079071 0.009444444440305233 2.329411745071411 18.60003662109375
726 0.013000000268220901 0.009444444440305233 1.3764705657958984 16.60002899169922
727 0.0195000022649765 0.009999999776482582 1.950000286102295 10.900008201599121
728 0.020500000566244125 0.010555555112659931 1.9421054124832153 15.60002613067627
729 0.017500001937150955 0.009444444440305233 1.8529413938522339 16.60002899169922
730 0.01600000075995922 0.010555555112659931 1.5157896280288696 17.500032424926758
731 0.018000001087784767 0.009999999776482582 1.8000001907348633 16.400028228759766
732 0.0195000022649765 0.009999999776482582 1.950000286102295 22.500051498413086
733 0.00950000062584877 0.009444444440305233 1.0058823823928833 21.100046157836914
734 0.01600000075995922 0.009444444440305233 1.694117784500122 15.90002727508545
735 0.016499999910593033 0.009444444440305233 1.7470588684082031 18.60003662109375
736 0.01600000075995922 0.010555555112659931 1.5157896280288696 16.800029754638672
737 0.01600000075995922 0.010555555112659931 1.5157896280288696 19.20003890991211
738 0.020500000566244125 0.009999999776482582 2.0500001907348633 16.9000301361084
739 0.017500001937150955 0.009999999776482582 1.750000238418579 11.80001163482666
740 0.020500000566244125 0.009444444440305233 2.170588254928589 17.40003204345703
741 1.0 0.8638888597488403 1.1575562953948975 -94.89912414550781
742 0.016499999910593033 0.009444444440305233 1.7470588684082031 18.00003433227539
743 0.017500001937150955 0.009444444440305233 1.8529413938522339 24.500059127807617
744 0.020000001415610313 0.009444444440305233 2.117647171020508 18.60003662109375
745 0.024500001221895218 0.009444444440305233 2.5941178798675537 24.300058364868164
746 0.017000000923871994 0.009999999776482582 1.7000001668930054 16.60002899169922
747 0.017000000923871994 0.010555555112659931 1.610526442527771 16.500028610229492
748 0.012000000104308128 0.009444444440305233 1.2705882787704468 19.900041580200195
749 0.011500000953674316 0.009999999776482582 1.1500000953674316 14.900023460388184
750 0.011500000953674316 0.010555555112659931 1.089473843574524 14.900023460388184
751 0.013500000350177288 0.009444444440305233 1.429411768913269 20.400043487548828
752 0.01850000023841858 0.009999999776482582 1.850000023841858 19.50004005432129
753 0.02250000089406967 0.010555555112659931 2.1315791606903076 19.80004119873047
754 0.012000000104308128 0.009444444440305233 1.2705882787704468 17.500032424926758
755 0.011500000953674316 0.009444444440305233 1.2176471948623657 16.800029754638672
756 0.014500000514090061 0.009444444440305233 1.5352941751480103 16.30002784729004
757 0.018000001087784767 0.009444444440305233 1.905882477760315 17.800033569335938
758 0.011500000953674316 0.009444444440305233 1.2176471948623657 16.9000301361084
759 0.011500000953674316 0.009999999776482582 1.1500000953674316 12.300013542175293
760 0.012000000104308128 0.010555555112659931 1.136842131614685 13.800019264221191
761 0.011500000953674316 0.009444444440305233 1.2176471948623657 11.300009727478027
762 0.012000000104308128 0.009999999776482582 1.2000000476837158 17.300031661987305
763 0.017500001937150955 0.010555555112659931 1.6578949689865112 20.200042724609375
764 0.015500000678002834 0.009444444440305233 1.6411765813827515 19.700040817260742
765 0.010999999940395355 0.009999999776482582 1.100000023841858 17.600032806396484
766 0.020000001415610313 0.009444444440305233 2.117647171020508 17.800033569335938
767 0.015000000596046448 0.009999999776482582 1.5000001192092896 16.9000301361084
768 0.00950000062584877 0.009999999776482582 0.9500001072883606 14.100020408630371
769 0.010999999940395355 0.010555555112659931 1.0421053171157837 17.70003318786621
770 0.013500000350177288 0.009444444440305233 1.429411768913269 17.200031280517578
771 0.024000000208616257 0.009444444440305233 2.5411765575408936 20.000041961669922
772 0.01600000075995922 0.009999999776482582 1.6000001430511475 14.200020790100098
773 0.01250000111758709 0.010555555112659931 1.1842106580734253 16.9000301361084
774 0.013500000350177288 0.010555555112659931 1.2789474725723267 15.60002613067627
775 0.014000000432133675 0.009444444440305233 1.4823529720306396 9.100001335144043
776 0.017500001937150955 0.009444444440305233 1.8529413938522339 20.90004539489746
777 0.021000001579523087 0.009444444440305233 2.223529577255249 21.800048828125
778 0.01250000111758709 0.009444444440305233 1.3235294818878174 17.10003089904785
779 0.015000000596046448 0.009444444440305233 1.5882353782653809 19.700040817260742
780 0.019999999552965164 0.010555555112659931 1.894736886024475 17.500032424926758
781 0.011500000953674316 0.009444444440305233 1.2176471948623657 12.900015830993652
782 0.013000000268220901 0.009444444440305233 1.3764705657958984 12.7000150680542
783 0.009999999776482582 0.009444444440305233 1.0588234663009644 17.900033950805664
784 0.01600000075995922 0.009999999776482582 1.6000001430511475 16.800029754638672
785 0.014000000432133675 0.009444444440305233 1.4823529720306396 19.300039291381836
786 0.015500000678002834 0.009999999776482582 1.5500000715255737 14.900023460388184
787 0.00950000062584877 0.009999999776482582 0.9500001072883606 13.700018882751465
788 0.021500002592802048 0.009999999776482582 2.1500003337860107 17.900033950805664
789 0.015000000596046448 0.010555555112659931 1.4210526943206787 14.800023078918457
790 0.013000000268220901 0.010555555112659931 1.231579065322876 13.800019264221191
791 0.014000000432133675 0.010555555112659931 1.3263158798217773 16.400028228759766
792 1.0 0.9233333468437195 1.083032488822937 -94.89912414550781
793 0.017000000923871994 0.009999999776482582 1.7000001668930054 28.000072479248047
794 0.015500000678002834 0.009999999776482582 1.5500000715255737 20.500043869018555
795 0.013500001281499863 0.009444444440305233 1.4294118881225586 20.000041961669922
796 0.010000000707805157 0.009444444440305233 1.058823585510254 13.300017356872559
797 0.017500001937150955 0.009999999776482582 1.750000238418579 29.300077438354492
798 0.017000000923871994 0.010555555112659931 1.610526442527771 6.099998950958252
799 0.01850000023841858 0.010555555112659931 1.752631664276123 16.200027465820312
800 0.017500001937150955 0.010555555112659931 1.6578949689865112 30.600082397460938
801 0.010999999940395355 0.010555555112659931 1.0421053171157837 10.600007057189941
802 0.010000000707805157 0.009444444440305233 1.058823585510254 20.000041961669922
803 0.016499999910593033 0.009999999776482582 1.649999976158142 16.400028228759766
804 0.0195000022649765 0.009999999776482582 1.950000286102295 21.900049209594727
805 0.021000001579523087 0.010555555112659931 1.9894739389419556 20.200042724609375
806 0.012000000104308128 0.010555555112659931 1.136842131614685 22.70005226135254
807 0.02199999988079071 0.009444444440305233 2.329411745071411 20.60004425048828
808 0.014000000432133675 0.010555555112659931 1.3263158798217773 21.20004653930664
809 0.017000000923871994 0.009444444440305233 1.8000000715255737 16.800029754638672
810 0.009999999776482582 0.009444444440305233 1.0588234663009644 15.60002613067627
811 0.00950000062584877 0.009444444440305233 1.0058823823928833 19.000038146972656
812 0.013000000268220901 0.009444444440305233 1.3764705657958984 21.300046920776367
813 0.014000000432133675 0.009999999776482582 1.4000000953674316 20.700044631958008
814 0.013000000268220901 0.010555555112659931 1.231579065322876 6.699998378753662
815 0.017500001937150955 0.009444444440305233 1.8529413938522339 20.60004425048828
816 0.01600000075995922 0.010555555112659931 1.5157896280288696 17.300031661987305
817 0.011500000953674316 0.009999999776482582 1.1500000953674316 21.000045776367188
818 0.012000000104308128 0.010555555112659931 1.136842131614685 18.200035095214844
819 0.01250000111758709 0.009999999776482582 1.2500001192092896 15.800025939941406
820 0.019999999552965164 0.009999999776482582 2.0 21.300046920776367
821 0.01100000087171793 0.009999999776482582 1.1000001430511475 21.400047302246094
822 0.01600000075995922 0.010555555112659931 1.5157896280288696 19.50004005432129
823 0.0215000007301569 0.010555555112659931 2.0368423461914062 23.80005645751953
824 0.01600000075995922 0.010555555112659931 1.5157896280288696 14.200020790100098
825 0.01250000111758709 0.009999999776482582 1.2500001192092896 16.100027084350586
826 0.010000000707805157 0.009444444440305233 1.058823585510254 17.500032424926758
827 0.011500000953674316 0.009999999776482582 1.1500000953674316 17.600032806396484
828 0.014000000432133675 0.009444444440305233 1.4823529720306396 13.600018501281738
829 0.013000000268220901 0.009444444440305233 1.3764705657958984 15.30002498626709
830 0.02250000089406967 0.009444444440305233 2.3823530673980713 7.799997329711914
831 0.023000001907348633 0.010555555112659931 2.178947687149048 12.000012397766113
832 0.015000000596046448 0.009444444440305233 1.5882353782653809 16.400028228759766
833 0.015500000678002834 0.009999999776482582 1.5500000715255737 16.500028610229492
834 0.011500000953674316 0.009999999776482582 1.1500000953674316 12.800015449523926
835 0.015000000596046448 0.010555555112659931 1.4210526943206787 16.100027084350586
836 0.010999999940395355 0.009999999776482582 1.100000023841858 15.60002613067627
837 0.018000001087784767 0.009444444440305233 1.905882477760315 15.30002498626709
838 0.024000000208616257 0.009444444440305233 2.5411765575408936 17.200031280517578
839 0.013000000268220901 0.009444444440305233 1.3764705657958984 17.300031661987305
840 0.017500001937150955 0.009999999776482582 1.750000238418579 4.200000762939453
841 0.013500001281499863 0.009444444440305233 1.4294118881225586 15.400025367736816
842 0.01900000125169754 0.009444444440305233 2.0117647647857666 16.30002784729004
843 0.014000000432133675 0.009444444440305233 1.4823529720306396 13.200016975402832
844 0.011500000953674316 0.009444444440305233 1.2176471948623657 19.700040817260742
845 0.021000001579523087 0.010555555112659931 1.9894739389419556 2.800002098083496
846 0.015000000596046448 0.009444444440305233 1.5882353782653809 23.600055694580078
847 0.012000000104308128 0.010555555112659931 1.136842131614685 8.699999809265137
848 0.009999999776482582 0.009444444440305233 1.0588234663009644 16.100027084350586
849 0.01900000125169754 0.009999999776482582 1.9000002145767212 15.800026893615723
850 0.009000000543892384 0.010555555112659931 0.852631688117981 20.700044631958008
851 0.014000000432133675 0.009444444440305233 1.4823529720306396 16.400028228759766
852 0.010500000789761543 0.010555555112659931 0.9947369694709778 17.600032806396484
853 0.010500000789761543 0.009444444440305233 1.1117647886276245 16.00002670288086
854 0.014000000432133675 0.009444444440305233 1.4823529720306396 18.90003776550293
855 0.021500002592802048 0.009444444440305233 2.276470899581909 20.90004539489746
856 0.018000001087784767 0.009444444440305233 1.905882477760315 18.200035095214844
857 0.012000000104308128 0.009444444440305233 1.2705882787704468 16.9000301361084
858 0.0195000022649765 0.009999999776482582 1.950000286102295 15.400025367736816
859 0.012000000104308128 0.009444444440305233 1.2705882787704468 21.20004653930664
860 0.013000000268220901 0.009444444440305233 1.3764705657958984 15.500025749206543
861 0.017000000923871994 0.010555555112659931 1.610526442527771 24.70005989074707
862 0.014000000432133675 0.009444444440305233 1.4823529720306396 19.000038146972656
863 0.01250000111758709 0.009999999776482582 1.2500001192092896 11.900012016296387
864 0.013500000350177288 0.009444444440305233 1.429411768913269 20.800045013427734
865 0.015000000596046448 0.010555555112659931 1.4210526943206787 20.10004234313965
866 0.012500000186264515 0.009444444440305233 1.3235294818878174 16.60002899169922
867 0.020500000566244125 0.010555555112659931 1.9421054124832153 2.4000024795532227
868 0.014000000432133675 0.009999999776482582 1.4000000953674316 18.400035858154297
869 0.011500000953674316 0.009444444440305233 1.2176471948623657 16.9000301361084
870 0.023000001907348633 0.010555555112659931 2.178947687149048 19.900041580200195
871 0.014500000514090061 0.009999999776482582 1.4500000476837158 16.200027465820312
872 0.013500000350177288 0.009444444440305233 1.429411768913269 22.900053024291992
873 0.013000000268220901 0.009999999776482582 1.3000000715255737 11.80001163482666
874 0.016499999910593033 0.009444444440305233 1.7470588684082031 21.000045776367188
875 0.017500001937150955 0.009999999776482582 1.750000238418579 8.099997520446777
876 0.01900000125169754 0.009999999776482582 1.9000002145767212 16.60002899169922
877 0.015000000596046448 0.009444444440305233 1.5882353782653809 21.20004653930664
878 0.013500000350177288 0.009444444440305233 1.429411768913269 8.699999809265137
879 0.012000000104308128 0.010555555112659931 1.136842131614685 16.700029373168945
880 0.017500001937150955 0.009444444440305233 1.8529413938522339 18.700037002563477
881 0.009999999776482582 0.009999999776482582 1.0 19.80004119873047
882 0.020500000566244125 0.009999999776482582 2.0500001907348633 7.199997901916504
883 1.0 0.980555534362793 1.0198301076889038 -94.89912414550781
884 0.01900000125169754 0.009444444440305233 2.0117647647857666 2.500002384185791
885 0.01900000125169754 0.009444444440305233 2.0117647647857666 19.000038146972656
886 0.021000001579523087 0.009444444440305233 2.223529577255249 17.10003089904785
887 0.02250000089406967 0.010555555112659931 2.1315791606903076 18.100034713745117
888 0.011500000953674316 0.009999999776482582 1.1500000953674316 18.00003433227539
889 0.00800000037997961 0.010555555112659931 0.7578948140144348 23.00005340576172
890 0.010500000789761543 0.009444444440305233 1.1117647886276245 17.800033569335938
891 0.010500000789761543 0.009999999776482582 1.0500000715255737 10.300005912780762
892 0.012000000104308128 0.010555555112659931 1.136842131614685 21.100046157836914
893 0.020500000566244125 0.009999999776482582 2.0500001907348633 19.80004119873047
894 0.013500000350177288 0.010555555112659931 1.2789474725723267 14.70002269744873
895 0.01850000023841858 0.009444444440305233 1.958823561668396 12.600014686584473
896 0.010500000789761543 0.009444444440305233 1.1117647886276245 14.800023078918457
897 0.014500001445412636 0.009444444440305233 1.5352942943572998 12.7000150680542
898 0.012000000104308128 0.009444444440305233 1.2705882787704468 15.30002498626709
899 0.014500000514090061 0.009444444440305233 1.5352941751480103 13.800019264221191
900 0.007500000298023224 0.009999999776482582 0.7500000596046448 18.00003433227539
901 0.018000001087784767 0.010555555112659931 1.705263376235962 5.59999942779541
902 0.017500001937150955 0.010555555112659931 1.6578949689865112 18.60003662109375
903 0.01100000087171793 0.009444444440305233 1.1647059917449951 12.7000150680542
904 0.018000001087784767 0.009444444440305233 1.905882477760315 18.00003433227539
905 0.010999999940395355 0.009999999776482582 1.100000023841858 22.40005111694336
906 0.010999999940395355 0.009999999776482582 1.100000023841858 21.100046157836914
907 0.014500000514090061 0.010555555112659931 1.373684287071228 17.600032806396484
908 0.012000000104308128 0.010555555112659931 1.136842131614685 14.800023078918457
909 0.009000000543892384 0.010555555112659931 0.852631688117981 17.300031661987305
910 0.013000000268220901 0.009999999776482582 1.3000000715255737 15.800026893615723
911 0.015500000678002834 0.009444444440305233 1.6411765813827515 20.10004234313965
912 0.012500000186264515 0.009444444440305233 1.3235294818878174 18.200035095214844
913 0.010500000789761543 0.009444444440305233 1.1117647886276245 22.000049591064453
914 0.012000000104308128 0.010555555112659931 1.136842131614685 15.800026893615723
915 0.00950000062584877 0.009444444440305233 1.0058823823928833 17.000030517578125
916 0.009000000543892384 0.009444444440305233 0.9529412388801575 15.700026512145996
917 0.0215000007301569 0.010555555112659931 2.0368423461914062 15.500025749206543
918 0.015000000596046448 0.010555555112659931 1.4210526943206787 19.20003890991211
919 0.014500000514090061 0.010555555112659931 1.373684287071228 14.70002269744873
920 0.02199999988079071 0.009444444440305233 2.329411745071411 19.900041580200195
921 0.014500001445412636 0.009444444440305233 1.5352942943572998 15.700026512145996
922 0.01850000023841858 0.009444444440305233 1.958823561668396 29.200077056884766
923 0.007000000216066837 0.009444444440305233 0.7411764860153198 15.400025367736816
924 0.01600000075995922 0.009999999776482582 1.6000001430511475 24.10005760192871
925 1.0 0.7188888788223267 1.391035556793213 -94.89912414550781
926 0.013500000350177288 0.009999999776482582 1.350000023841858 20.200042724609375
927 0.01250000111758709 0.009444444440305233 1.3235294818878174 11.2000093460083
928 0.014500000514090061 0.009444444440305233 1.5352941751480103 19.700040817260742
929 0.014000000432133675 0.009444444440305233 1.4823529720306396 16.500028610229492
930 0.01250000111758709 0.009444444440305233 1.3235294818878174 15.900026321411133
931 0.015000000596046448 0.010555555112659931 1.4210526943206787 13.200016975402832
932 0.015000000596046448 0.010555555112659931 1.4210526943206787 13.000016212463379
933 0.01250000111758709 0.009444444440305233 1.3235294818878174 21.50004768371582
934 0.014500000514090061 0.009444444440305233 1.5352941751480103 17.500032424926758
935 0.020000001415610313 0.010555555112659931 1.8947370052337646 17.600032806396484
936 0.00950000062584877 0.009444444440305233 1.0058823823928833 18.400035858154297
937 0.010500000789761543 0.009999999776482582 1.0500000715255737 7.699997425079346
938 0.021000001579523087 0.009444444440305233 2.223529577255249 22.000049591064453
939 0.021000001579523087 0.010555555112659931 1.9894739389419556 3.4000015258789062
940 0.013000000268220901 0.009444444440305233 1.3764705657958984 11.900012016296387
941 0.010999999940395355 0.009444444440305233 1.1647058725357056 14.000020027160645
942 0.01850000023841858 0.009444444440305233 1.958823561668396 21.20004653930664
943 0.017000000923871994 0.009999999776482582 1.7000001668930054 23.3000545501709
944 0.015500001609325409 0.009444444440305233 1.641176700592041 16.700029373168945
945 0.014500000514090061 0.009999999776482582 1.4500000476837158 9.800004005432129
946 0.008999999612569809 0.009444444440305233 0.9529411196708679 21.600048065185547
947 0.017500001937150955 0.009444444440305233 1.8529413938522339 15.100024223327637
948 0.999500036239624 0.6916666626930237 1.4450602531433105 -94.89912414550781
949 0.018000001087784767 0.010555555112659931 1.705263376235962 16.60002899169922
950 0.015500000678002834 0.009999999776482582 1.5500000715255737 16.00002670288086
951 0.012500000186264515 0.010555555112659931 1.1842105388641357 15.00002384185791
952 0.020000001415610313 0.010555555112659931 1.8947370052337646 7.299997806549072
953 0.013500000350177288 0.009444444440305233 1.429411768913269 15.30002498626709
954 0.013000000268220901 0.009999999776482582 1.3000000715255737 17.70003318786621
955 0.017500001937150955 0.009999999776482582 1.750000238418579 16.100027084350586
956 0.01600000075995922 0.009999999776482582 1.6000001430511475 16.500028610229492
957 0.016499999910593033 0.009444444440305233 1.7470588684082031 4.40000057220459
958 0.013500000350177288 0.009444444440305233 1.429411768913269 14.500021934509277
959 0.016499999910593033 0.009444444440305233 1.7470588684082031 10.000004768371582
960 0.011500000953674316 0.010555555112659931 1.089473843574524 12.000012397766113
961 0.009000000543892384 0.009444444440305233 0.9529412388801575 13.200016975402832
962 0.013000000268220901 0.010555555112659931 1.231579065322876 19.50004005432129
963 0.01850000023841858 0.010555555112659931 1.752631664276123 6.699998378753662
964 0.014000000432133675 0.009999999776482582 1.4000000953674316 14.300021171569824
965 0.013500001281499863 0.010555555112659931 1.2789475917816162 13.400017738342285
966 0.01600000075995922 0.010555555112659931 1.5157896280288696 7.299997806549072
967 0.010999999940395355 0.010555555112659931 1.0421053171157837 12.300013542175293
968 0.017500001937150955 0.010555555112659931 1.6578949689865112 17.10003089904785
969 0.015000000596046448 0.010555555112659931 1.4210526943206787 18.30003547668457
970 0.010500000789761543 0.009444444440305233 1.1117647886276245 13.100016593933105
971 0.014500001445412636 0.009444444440305233 1.5352942943572998 16.00002670288086
972 0.019500000402331352 0.009444444440305233 2.0647058486938477 18.500036239624023
973 0.013500000350177288 0.009999999776482582 1.350000023841858 25.400062561035156
974 0.01250000111758709 0.009999999776482582 1.2500001192092896 24.10005760192871
975 0.00950000062584877 0.009444444440305233 1.0058823823928833 22.500051498413086
976 0.020500000566244125 0.009444444440305233 2.170588254928589 17.300031661987305
977 0.017000000923871994 0.009999999776482582 1.7000001668930054 9.900004386901855
978 0.005499999970197678 0.009444444440305233 0.5823529362678528 13.400017738342285
979 0.017000000923871994 0.010555555112659931 1.610526442527771 17.900033950805664
980 0.01850000023841858 0.009999999776482582 1.850000023841858 16.200027465820312
981 0.014500000514090061 0.009999999776482582 1.4500000476837158 22.600051879882812
982 0.012000000104308128 0.009999999776482582 1.2000000476837158 21.50004768371582
983 0.018000001087784767 0.009444444440305233 1.905882477760315 10.700007438659668
984 0.013500000350177288 0.010555555112659931 1.2789474725723267 17.500032424926758
985 0.012000000104308128 0.010555555112659931 1.136842131614685 15.60002613067627
986 0.012000000104308128 0.009444444440305233 1.2705882787704468 20.10004234313965
987 0.015500000678002834 0.010555555112659931 1.468421220779419 20.3000431060791
988 0.023000001907348633 0.009444444440305233 2.4352943897247314 15.500025749206543
989 0.01850000023841858 0.010555555112659931 1.752631664276123 15.100024223327637
990 0.020500000566244125 0.010555555112659931 1.9421054124832153 17.000030517578125
991 0.017000000923871994 0.010555555112659931 1.610526442527771 12.600014686584473
992 0.02250000089406967 0.010555555112659931 2.1315791606903076 18.90003776550293
993 0.00950000062584877 0.009999999776482582 0.9500001072883606 9.800004005432129
994 0.016499999910593033 0.009444444440305233 1.7470588684082031 17.200031280517578
995 0.013500000350177288 0.009999999776482582 1.350000023841858 12.300013542175293
996 0.011500000953674316 0.009444444440305233 1.2176471948623657 21.800048828125
997 0.017000000923871994 0.009999999776482582 1.7000001668930054 24.500059127807617
998 0.013000000268220901 0.010555555112659931 1.231579065322876 26.000064849853516
999 0.00950000062584877 0.009999999776482582 0.9500001072883606 15.90002727508545
1000 0.014000000432133675 0.009444444440305233 1.4823529720306396 10.400006294250488
