1 0.021500002592802048 0.009999999776482582 2.1500003337860107 11.2000093460083
2 0.01250000111758709 0.009444444440305233 1.3235294818878174 13.100016593933105
3 0.019500000402331352 0.010555555112659931 1.8473684787750244 8.90000057220459
4 0.027000000700354576 0.010555555112659931 2.5578949451446533 17.200031280517578
5 0.016499999910593033 0.010555555112659931 1.5631579160690308 9.700003623962402
6 0.02250000089406967 0.010555555112659931 2.1315791606903076 9.100001335144043
7 0.02199999988079071 0.009444444440305233 2.329411745071411 8.499999046325684
8 0.016499999910593033 0.009999999776482582 1.649999976158142 7.899997234344482
9 0.010500000789761543 0.009999999776482582 1.0500000715255737 8.29999828338623
10 0.024000000208616257 0.009444444440305233 2.5411765575408936 11.000008583068848
11 0.014000000432133675 0.009444444440305233 1.4823529720306396 15.700026512145996
12 0.019999999552965164 0.009444444440305233 2.1176469326019287 12.200013160705566
13 0.0195000022649765 0.009999999776482582 1.950000286102295 8.90000057220459
14 0.018000001087784767 0.010555555112659931 1.705263376235962 16.700029373168945
15 0.021500002592802048 0.009444444440305233 2.276470899581909 10.300005912780762
16 0.014000000432133675 0.009444444440305233 1.4823529720306396 9.100001335144043
17 0.014500000514090061 0.009444444440305233 1.5352941751480103 10.700007438659668
18 0.01850000023841858 0.010555555112659931 1.752631664276123 11.700011253356934
19 0.0195000022649765 0.010555555112659931 1.8473687171936035 1.0000026226043701
20 0.021000001579523087 0.010555555112659931 1.9894739389419556 11.80001163482666
21 0.015500000678002834 0.009444444440305233 1.6411765813827515 8.699999809265137
22 0.018000001087784767 0.010555555112659931 1.705263376235962 11.300009727478027
23 0.009000000543892384 0.009444444440305233 0.9529412388801575 10.100005149841309
24 0.020500000566244125 0.009444444440305233 2.170588254928589 10.000004768371582
25 0.020500000566244125 0.009444444440305233 2.170588254928589 11.80001163482666
26 0.015500000678002834 0.009999999776482582 1.5500000715255737 13.900019645690918
27 0.021500002592802048 0.009444444440305233 2.276470899581909 9.800004005432129
28 0.0215000007301569 0.009999999776482582 2.1500000953674316 13.500018119812012
29 0.013500000350177288 0.009999999776482582 1.350000023841858 15.30002498626709
30 0.015000000596046448 0.009444444440305233 1.5882353782653809 10.100005149841309
31 0.023500001057982445 0.009999999776482582 2.3500001430511475 14.500021934509277
32 0.00950000062584877 0.009444444440305233 1.0058823823928833 8.90000057220459
33 0.020500000566244125 0.010555555112659931 1.9421054124832153 14.200020790100098
34 0.016499999910593033 0.010555555112659931 1.5631579160690308 14.200020790100098
35 0.01600000075995922 0.009999999776482582 1.6000001430511475 11.000008583068848
36 0.011500000953674316 0.009444444440305233 1.2176471948623657 11.300009727478027
37 0.02500000223517418 0.009444444440305233 2.6470589637756348 9.000000953674316
38 0.019999999552965164 0.010555555112659931 1.894736886024475 10.300005912780762
39 0.02200000174343586 0.010555555112659931 2.0842108726501465 11.300009727478027
40 0.016499999910593033 0.009444444440305233 1.7470588684082031 11.000008583068848
41 0.01900000125169754 0.010555555112659931 1.8000001907348633 9.400002479553223
42 0.02500000223517418 0.010555555112659931 2.3684213161468506 8.29999828338623
43 0.013000000268220901 0.009444444440305233 1.3764705657958984 11.600010871887207
44 0.00800000037997961 0.009444444440305233 0.847058892250061 7.199997901916504
45 0.01850000023841858 0.010555555112659931 1.752631664276123 10.400006294250488
46 0.010999999940395355 0.009999999776482582 1.100000023841858 7.699997425079346
47 0.014500001445412636 0.009999999776482582 1.4500001668930054 8.699999809265137
48 0.014000000432133675 0.010555555112659931 1.3263158798217773 12.800015449523926
49 0.015500000678002834 0.009444444440305233 1.6411765813827515 9.100001335144043
50 0.01850000023841858 0.009999999776482582 1.850000023841858 10.700007438659668
51 0.017000000923871994 0.009444444440305233 1.8000000715255737 12.500014305114746
52 0.020500000566244125 0.010555555112659931 1.9421054124832153 11.50001049041748
53 0.021500002592802048 0.009999999776482582 2.1500003337860107 10.500006675720215
54 0.014000000432133675 0.010555555112659931 1.3263158798217773 8.699999809265137
55 0.017500000074505806 0.010555555112659931 1.6578948497772217 13.200016975402832
56 0.013500000350177288 0.009444444440305233 1.429411768913269 15.100024223327637
57 0.021000001579523087 0.009999999776482582 2.1000001430511475 13.400017738342285
58 0.01850000023841858 0.010555555112659931 1.752631664276123 9.400002479553223
59 0.01900000125169754 0.009444444440305233 2.0117647647857666 11.900012016296387
60 0.01600000075995922 0.009444444440305233 1.694117784500122 7.199997901916504
61 0.014500001445412636 0.009444444440305233 1.5352942943572998 10.600007057189941
62 0.019999999552965164 0.009999999776482582 2.0 16.200027465820312
63 0.015500000678002834 0.009444444440305233 1.6411765813827515 4.3000006675720215
64 0.016499999910593033 0.010555555112659931 1.5631579160690308 7.399997711181641
65 0.018000001087784767 0.010555555112659931 1.705263376235962 12.600014686584473
66 0.021000001579523087 0.009999999776482582 2.1000001430511475 8.90000057220459
67 0.01600000075995922 0.009444444440305233 1.694117784500122 11.000008583068848
68 0.021000001579523087 0.009999999776482582 2.1000001430511475 9.50000286102295
69 0.018000001087784767 0.010555555112659931 1.705263376235962 13.700018882751465
70 0.017000000923871994 0.010555555112659931 1.610526442527771 15.400025367736816
71 0.012000000104308128 0.010555555112659931 1.136842131614685 11.600010871887207
72 0.02250000089406967 0.009444444440305233 2.3823530673980713 18.90003776550293
73 0.0195000022649765 0.009999999776482582 1.950000286102295 12.7000150680542
74 0.01900000125169754 0.009999999776482582 1.9000002145767212 8.199997901916504
75 0.01850000023841858 0.009999999776482582 1.850000023841858 9.900004386901855
76 0.02850000187754631 0.009999999776482582 2.8500001430511475 12.200013160705566
77 0.021000001579523087 0.009444444440305233 2.223529577255249 12.900015830993652
78 0.0215000007301569 0.009999999776482582 2.1500000953674316 10.600007057189941
79 0.017000000923871994 0.009999999776482582 1.7000001668930054 5.399999618530273
80 0.013000000268220901 0.010555555112659931 1.231579065322876 9.20000171661377
81 0.013500001281499863 0.009999999776482582 1.3500001430511475 5.59999942779541
82 0.021500002592802048 0.009999999776482582 2.1500003337860107 10.700007438659668
83 0.009000000543892384 0.009999999776482582 0.9000000953674316 15.200024604797363
84 0.01600000075995922 0.010555555112659931 1.5157896280288696 9.50000286102295
85 0.023000001907348633 0.009444444440305233 2.4352943897247314 18.400035858154297
86 0.01900000125169754 0.009999999776482582 1.9000002145767212 11.50001049041748
87 0.017500001937150955 0.010555555112659931 1.6578949689865112 10.100005149841309
88 0.01900000125169754 0.010555555112659931 1.8000001907348633 9.700003623962402
89 0.017000000923871994 0.009444444440305233 1.8000000715255737 11.400010108947754
90 0.015500001609325409 0.009444444440305233 1.641176700592041 8.699999809265137
91 0.014000000432133675 0.009999999776482582 1.4000000953674316 12.40001392364502
92 0.014000000432133675 0.010555555112659931 1.3263158798217773 12.600014686584473
93 0.018000001087784767 0.009999999776482582 1.8000001907348633 4.3000006675720215
94 0.017000000923871994 0.010555555112659931 1.610526442527771 11.2000093460083
95 0.024000000208616257 0.009444444440305233 2.5411765575408936 9.600003242492676
96 0.017000000923871994 0.010555555112659931 1.610526442527771 9.000000953674316
97 0.01600000075995922 0.010555555112659931 1.5157896280288696 7.799997329711914
98 0.017000000923871994 0.009444444440305233 1.8000000715255737 11.50001049041748
99 0.0215000007301569 0.009444444440305233 2.27647066116333 10.200005531311035
100 0.012000000104308128 0.009444444440305233 1.2705882787704468 13.100016593933105
101 0.017500001937150955 0.009999999776482582 1.750000238418579 11.100008964538574
102 0.014000000432133675 0.009444444440305233 1.4823529720306396 15.100024223327637
103 0.021000001579523087 0.009999999776482582 2.1000001430511475 10.300005912780762
104 0.012000000104308128 0.010555555112659931 1.136842131614685 14.40002155303955
105 0.02250000089406967 0.009999999776482582 2.250000238418579 8.90000057220459
106 0.015500000678002834 0.009444444440305233 1.6411765813827515 10.900008201599121
107 0.015500000678002834 0.009444444440305233 1.6411765813827515 12.000012397766113
108 0.021000001579523087 0.009444444440305233 2.223529577255249 8.59999942779541
109 0.026500001549720764 0.009999999776482582 2.6500000953674316 10.600007057189941
110 0.01850000023841858 0.009999999776482582 1.850000023841858 14.70002269744873
111 0.02550000138580799 0.009999999776482582 2.5500001907348633 13.400017738342285
112 0.015500000678002834 0.009999999776482582 1.5500000715255737 7.299997806549072
113 0.010999999940395355 0.009444444440305233 1.1647058725357056 13.200016975402832
114 0.00950000062584877 0.009999999776482582 0.9500001072883606 10.100005149841309
115 0.010999999940395355 0.009444444440305233 1.1647058725357056 10.300005912780762
116 0.023000001907348633 0.009999999776482582 2.3000001907348633 9.50000286102295
117 0.01600000075995922 0.009444444440305233 1.694117784500122 10.500006675720215
118 0.017500001937150955 0.009444444440305233 1.8529413938522339 11.100008964538574
119 0.013000001199543476 0.009444444440305233 1.376470685005188 7.599997520446777
120 0.014500001445412636 0.009999999776482582 1.4500001668930054 6.299998760223389
121 0.014500000514090061 0.010555555112659931 1.373684287071228 7.499997615814209
122 0.015500000678002834 0.009999999776482582 1.5500000715255737 9.50000286102295
123 0.020500000566244125 0.009444444440305233 2.170588254928589 11.100008964538574
124 0.02250000089406967 0.009444444440305233 2.3823530673980713 13.200016975402832
125 0.01600000075995922 0.009444444440305233 1.694117784500122 6.399998664855957
126 0.014000000432133675 0.009444444440305233 1.4823529720306396 5.59999942779541
127 0.024500001221895218 0.010555555112659931 2.3210527896881104 11.400010108947754
128 0.014000000432133675 0.009999999776482582 1.4000000953674316 10.100005149841309
129 0.017500001937150955 0.010555555112659931 1.6578949689865112 24.600059509277344
130 0.016499999910593033 0.010555555112659931 1.5631579160690308 10.500006675720215
131 0.024000000208616257 0.009999999776482582 2.4000000953674316 11.000008583068848
132 0.01600000075995922 0.010555555112659931 1.5157896280288696 12.200013160705566
133 0.012500000186264515 0.009444444440305233 1.3235294818878174 7.999997615814209
134 0.021500002592802048 0.009999999776482582 2.1500003337860107 10.700007438659668
135 0.02500000223517418 0.009444444440305233 2.6470589637756348 19.100038528442383
136 0.025499999523162842 0.009444444440305233 2.700000047683716 11.400010108947754
137 0.021000001579523087 0.009444444440305233 2.223529577255249 14.800023078918457
138 0.01600000075995922 0.009999999776482582 1.6000001430511475 9.700003623962402
139 0.015000000596046448 0.009999999776482582 1.5000001192092896 12.40001392364502
140 0.019999999552965164 0.009999999776482582 2.0 10.300005912780762
141 0.026000000536441803 0.010555555112659931 2.463158130645752 11.2000093460083
142 0.021500002592802048 0.009444444440305233 2.276470899581909 12.10001277923584
143 0.020000001415610313 0.010555555112659931 1.8947370052337646 10.900008201599121
144 0.020000001415610313 0.009999999776482582 2.000000238418579 10.300005912780762
145 0.00950000062584877 0.009444444440305233 1.0058823823928833 10.100005149841309
146 0.01900000125169754 0.010555555112659931 1.8000001907348633 9.800004005432129
147 0.02500000223517418 0.009444444440305233 2.6470589637756348 19.400039672851562
148 0.021000001579523087 0.009444444440305233 2.223529577255249 13.600018501281738
149 0.014000000432133675 0.009444444440305233 1.4823529720306396 15.400025367736816
150 0.023000001907348633 0.009444444440305233 2.4352943897247314 8.59999942779541
151 0.016499999910593033 0.009444444440305233 1.7470588684082031 11.400010108947754
152 0.02250000089406967 0.009444444440305233 2.3823530673980713 5.799999237060547
153 0.01850000023841858 0.010555555112659931 1.752631664276123 10.300005912780762
154 0.01900000125169754 0.009999999776482582 1.9000002145767212 7.799997329711914
155 0.02199999988079071 0.009444444440305233 2.329411745071411 9.600003242492676
156 0.026500001549720764 0.009444444440305233 2.805882453918457 11.000008583068848
157 0.015000000596046448 0.010555555112659931 1.4210526943206787 8.59999942779541
158 0.020000001415610313 0.010555555112659931 1.8947370052337646 16.100027084350586
159 0.023000001907348633 0.010555555112659931 2.178947687149048 7.199997901916504
160 0.026000000536441803 0.009444444440305233 2.752941131591797 11.80001163482666
161 0.023000001907348633 0.009444444440305233 2.4352943897247314 10.400006294250488
162 0.01900000125169754 0.009444444440305233 2.0117647647857666 14.100020408630371
163 0.018000001087784767 0.010555555112659931 1.705263376235962 11.400010108947754
164 0.013000000268220901 0.010555555112659931 1.231579065322876 11.900012016296387
165 0.01250000111758709 0.010555555112659931 1.1842106580734253 7.899997711181641
166 0.007500000298023224 0.009999999776482582 0.7500000596046448 8.499999046325684
167 0.017000000923871994 0.009999999776482582 1.7000001668930054 13.300017356872559
168 0.012000000104308128 0.010555555112659931 1.136842131614685 6.499998569488525
169 0.011500000953674316 0.009999999776482582 1.1500000953674316 10.600007057189941
170 0.02250000089406967 0.010555555112659931 2.1315791606903076 13.000016212463379
171 0.02800000086426735 0.010555555112659931 2.6526317596435547 12.800015449523926
172 0.017500001937150955 0.010555555112659931 1.6578949689865112 9.20000171661377
173 0.017500001937150955 0.010555555112659931 1.6578949689865112 12.000012397766113
174 0.017000000923871994 0.010555555112659931 1.610526442527771 10.100005149841309
175 0.014500000514090061 0.009444444440305233 1.5352941751480103 12.200013160705566
176 0.018000001087784767 0.009999999776482582 1.8000001907348633 4.000000953674316
177 0.017500001937150955 0.010555555112659931 1.6578949689865112 9.300002098083496
178 0.02200000174343586 0.009444444440305233 2.3294119834899902 13.900019645690918
179 0.021500002592802048 0.009444444440305233 2.276470899581909 11.000008583068848
180 0.029500000178813934 0.009999999776482582 2.950000047683716 17.600032806396484
181 0.016499999910593033 0.009444444440305233 1.7470588684082031 10.300005912780762
182 0.011500000953674316 0.009999999776482582 1.1500000953674316 16.100027084350586
183 0.021500002592802048 0.010555555112659931 2.0368423461914062 8.499999046325684
184 0.020500000566244125 0.009999999776482582 2.0500001907348633 17.70003318786621
185 0.01900000125169754 0.009999999776482582 1.9000002145767212 4.3000006675720215
186 0.013000001199543476 0.009444444440305233 1.376470685005188 6.899998188018799
187 0.015000000596046448 0.010555555112659931 1.4210526943206787 13.000016212463379
188 0.011500000953674316 0.009444444440305233 1.2176471948623657 7.499997615814209
189 0.0215000007301569 0.009444444440305233 2.27647066116333 17.500032424926758
190 0.023000001907348633 0.009444444440305233 2.4352943897247314 7.999997138977051
191 0.016499999910593033 0.010555555112659931 1.5631579160690308 8.90000057220459
192 0.01600000075995922 0.010555555112659931 1.5157896280288696 8.800000190734863
193 0.017000000923871994 0.009999999776482582 1.7000001668930054 13.900019645690918
194 0.014500000514090061 0.010555555112659931 1.373684287071228 6.599998474121094
195 0.018000001087784767 0.009444444440305233 1.905882477760315 15.500025749206543
196 0.01850000023841858 0.009999999776482582 1.850000023841858 7.599997520446777
197 0.024500001221895218 0.010555555112659931 2.3210527896881104 10.700007438659668
198 0.013000000268220901 0.009999999776482582 1.3000000715255737 12.600014686584473
199 0.015500001609325409 0.009444444440305233 1.641176700592041 11.000008583068848
200 0.02250000089406967 0.009444444440305233 2.3823530673980713 10.400006294250488
201 0.023000001907348633 0.009444444440305233 2.4352943897247314 11.2000093460083
202 0.016499999910593033 0.010555555112659931 1.5631579160690308 14.600022315979004
203 0.015500000678002834 0.009999999776482582 1.5500000715255737 8.29999828338623
204 0.015000000596046448 0.009444444440305233 1.5882353782653809 9.300002098083496
205 0.010999999940395355 0.009999999776482582 1.100000023841858 9.000000953674316
206 0.016500001773238182 0.009444444440305233 1.7470589876174927 13.400017738342285
207 0.020500000566244125 0.009999999776482582 2.0500001907348633 6.699998378753662
208 0.01250000111758709 0.009999999776482582 1.2500001192092896 8.399998664855957
209 0.02199999988079071 0.010555555112659931 2.0842106342315674 14.600022315979004
210 0.017000000923871994 0.009444444440305233 1.8000000715255737 9.000000953674316
211 0.0195000022649765 0.009444444440305233 2.0647060871124268 10.400006294250488
212 0.013500001281499863 0.009444444440305233 1.4294118881225586 6.399998664855957
213 0.013500000350177288 0.009444444440305233 1.429411768913269 12.000012397766113
214 0.010999999940395355 0.009444444440305233 1.1647058725357056 10.600007057189941
215 0.013000000268220901 0.010555555112659931 1.231579065322876 6.499998569488525
216 0.016499999910593033 0.009999999776482582 1.649999976158142 13.000016212463379
217 0.018000001087784767 0.009444444440305233 1.905882477760315 13.200016975402832
218 0.020000001415610313 0.009999999776482582 2.000000238418579 7.299997806549072
219 0.018000001087784767 0.009444444440305233 1.905882477760315 10.100005149841309
220 0.017500001937150955 0.009999999776482582 1.750000238418579 9.000000953674316
221 0.01600000075995922 0.010555555112659931 1.5157896280288696 7.699997425079346
222 0.017500001937150955 0.009444444440305233 1.8529413938522339 11.2000093460083
223 0.012000000104308128 0.009444444440305233 1.2705882787704468 10.700007438659668
224 0.0195000022649765 0.010555555112659931 1.8473687171936035 11.000008583068848
225 0.018000001087784767 0.009444444440305233 1.905882477760315 7.699997425079346
226 0.017500001937150955 0.010555555112659931 1.6578949689865112 9.600003242492676
227 0.021000001579523087 0.009444444440305233 2.223529577255249 13.700018882751465
228 0.010999999940395355 0.009444444440305233 1.1647058725357056 11.50001049041748
229 0.017000000923871994 0.009999999776482582 1.7000001668930054 8.90000057220459
230 0.019999999552965164 0.009444444440305233 2.1176469326019287 9.50000286102295
231 0.01250000111758709 0.009444444440305233 1.3235294818878174 12.500014305114746
232 0.020500000566244125 0.010555555112659931 1.9421054124832153 11.300009727478027
233 0.026000000536441803 0.009444444440305233 2.752941131591797 18.90003776550293
234 0.021000001579523087 0.010555555112659931 1.9894739389419556 13.100016593933105
235 0.008500000461935997 0.009444444440305233 0.9000000357627869 8.29999828338623
236 0.01600000075995922 0.010555555112659931 1.5157896280288696 9.900004386901855
237 0.014000000432133675 0.009444444440305233 1.4823529720306396 14.300021171569824
238 0.019999999552965164 0.010555555112659931 1.894736886024475 14.40002155303955
239 0.02550000138580799 0.009444444440305233 2.700000047683716 13.800019264221191
240 0.01600000075995922 0.009999999776482582 1.6000001430511475 10.200005531311035
241 0.0195000022649765 0.010555555112659931 1.8473687171936035 8.199997901916504
242 0.020500000566244125 0.009444444440305233 2.170588254928589 7.0999979972839355
243 0.019500000402331352 0.009444444440305233 2.0647058486938477 18.00003433227539
244 0.01600000075995922 0.010555555112659931 1.5157896280288696 11.400010108947754
245 0.015000000596046448 0.010555555112659931 1.4210526943206787 8.90000057220459
246 0.020000001415610313 0.009999999776482582 2.000000238418579 9.300002098083496
247 0.016500001773238182 0.009999999776482582 1.6500002145767212 17.10003089904785
248 1.0 0.9194444417953491 1.0876133441925049 -94.89912414550781
249 0.023500001057982445 0.010555555112659931 2.226315975189209 10.400006294250488
250 0.024000000208616257 0.010555555112659931 2.27368426322937 13.000016212463379
251 0.01600000075995922 0.009444444440305233 1.694117784500122 8.499999046325684
252 0.021000001579523087 0.010555555112659931 1.9894739389419556 9.100001335144043
253 0.020000001415610313 0.010555555112659931 1.8947370052337646 10.600007057189941
254 0.02200000174343586 0.009444444440305233 2.3294119834899902 8.59999942779541
255 0.024000000208616257 0.009999999776482582 2.4000000953674316 10.400006294250488
256 0.024000000208616257 0.009444444440305233 2.5411765575408936 8.90000057220459
257 0.017500001937150955 0.009999999776482582 1.750000238418579 12.7000150680542
258 0.0195000022649765 0.009999999776482582 1.950000286102295 7.699997425079346
259 0.015500000678002834 0.009444444440305233 1.6411765813827515 13.600018501281738
260 1.0 0.9872221946716309 1.012943148612976 -94.89912414550781
261 0.0364999994635582 0.009444444440305233 3.864705801010132 20.500043869018555
262 0.015000000596046448 0.010555555112659931 1.4210526943206787 9.400002479553223
263 0.017999999225139618 0.009999999776482582 1.7999999523162842 12.10001277923584
264 0.017500001937150955 0.010555555112659931 1.6578949689865112 10.800007820129395
265 0.025499999523162842 0.010555555112659931 2.4157896041870117 3.900001049041748
266 0.0215000007301569 0.009444444440305233 2.27647066116333 10.900008201599121
267 0.01850000023841858 0.009999999776482582 1.850000023841858 7.699997425079346
268 0.02200000174343586 0.009999999776482582 2.200000286102295 9.900004386901855
269 0.026500001549720764 0.009444444440305233 2.805882453918457 14.200020790100098
270 0.020500000566244125 0.009444444440305233 2.170588254928589 13.100016593933105
271 0.023500001057982445 0.009444444440305233 2.4882354736328125 13.500018119812012
272 0.017500001937150955 0.009444444440305233 1.8529413938522339 16.30002784729004
273 0.017000000923871994 0.010555555112659931 1.610526442527771 10.400006294250488
274 0.0215000007301569 0.009444444440305233 2.27647066116333 5.899999141693115
275 0.01900000125169754 0.009444444440305233 2.0117647647857666 10.600007057189941
276 0.027000000700354576 0.010555555112659931 2.5578949451446533 10.200005531311035
277 0.013000000268220901 0.009444444440305233 1.3764705657958984 11.000008583068848
278 0.024000000208616257 0.010555555112659931 2.27368426322937 16.200027465820312
279 0.026500001549720764 0.010555555112659931 2.510526657104492 10.300005912780762
280 0.014000000432133675 0.010555555112659931 1.3263158798217773 10.700007438659668
281 0.014000000432133675 0.009444444440305233 1.4823529720306396 12.300013542175293
282 0.01850000023841858 0.009444444440305233 1.958823561668396 9.800004005432129
283 0.025499999523162842 0.009444444440305233 2.700000047683716 7.499997615814209
284 0.019999999552965164 0.009999999776482582 2.0 10.100005149841309
285 0.01600000075995922 0.009999999776482582 1.6000001430511475 11.600010871887207
286 0.012500000186264515 0.009444444440305233 1.3235294818878174 12.900015830993652
287 0.013500001281499863 0.009444444440305233 1.4294118881225586 9.300002098083496
288 0.012000000104308128 0.009999999776482582 1.2000000476837158 9.50000286102295
289 0.021000001579523087 0.009999999776482582 2.1000001430511475 10.500006675720215
290 0.01850000023841858 0.010555555112659931 1.752631664276123 6.19999885559082
291 0.0215000007301569 0.009999999776482582 2.1500000953674316 7.799997329711914
292 0.020500000566244125 0.010555555112659931 1.9421054124832153 11.600010871887207
293 0.020500000566244125 0.009999999776482582 2.0500001907348633 9.400002479553223
294 0.015000000596046448 0.009999999776482582 1.5000001192092896 12.40001392364502
295 0.0195000022649765 0.010555555112659931 1.8473687171936035 14.600022315979004
296 0.016499999910593033 0.009444444440305233 1.7470588684082031 11.80001163482666
297 0.014000000432133675 0.009444444440305233 1.4823529720306396 18.500036239624023
298 0.019500000402331352 0.009999999776482582 1.9500000476837158 11.300009727478027
299 0.014000000432133675 0.009999999776482582 1.4000000953674316 12.200013160705566
300 0.01900000125169754 0.010555555112659931 1.8000001907348633 13.500018119812012
301 0.018000001087784767 0.009999999776482582 1.8000001907348633 12.000012397766113
302 0.010500000789761543 0.009444444440305233 1.1117647886276245 11.2000093460083
303 0.014500000514090061 0.009999999776482582 1.4500000476837158 10.200005531311035
304 0.023500001057982445 0.009444444440305233 2.4882354736328125 8.499999046325684
305 0.015000000596046448 0.009444444440305233 1.5882353782653809 11.50001049041748
306 0.018000001087784767 0.009999999776482582 1.8000001907348633 13.900019645690918
307 0.014500000514090061 0.010555555112659931 1.373684287071228 14.000020027160645
308 0.01600000075995922 0.010555555112659931 1.5157896280288696 9.800004005432129
309 0.013000000268220901 0.009444444440305233 1.3764705657958984 8.59999942779541
310 0.013500000350177288 0.009444444440305233 1.429411768913269 14.200020790100098
311 0.013000000268220901 0.009999999776482582 1.3000000715255737 11.000008583068848
312 0.010500000789761543 0.009444444440305233 1.1117647886276245 16.400028228759766
313 0.015000000596046448 0.009444444440305233 1.5882353782653809 16.200027465820312
314 0.020000001415610313 0.010555555112659931 1.8947370052337646 10.400006294250488
315 0.015000000596046448 0.009999999776482582 1.5000001192092896 10.000004768371582
316 0.019999999552965164 0.009999999776482582 2.0 11.900012016296387
317 0.015500000678002834 0.009444444440305233 1.6411765813827515 10.600007057189941
318 0.024500001221895218 0.009444444440305233 2.5941178798675537 7.0999979972839355
319 0.026000000536441803 0.009444444440305233 2.752941131591797 11.400010108947754
320 0.01900000125169754 0.009444444440305233 2.0117647647857666 6.699998378753662
321 1.0 0.9722222089767456 1.0285714864730835 -94.89912414550781
322 0.04450000077486038 0.009999999776482582 4.450000286102295 3.900001049041748
323 0.017000000923871994 0.009999999776482582 1.7000001668930054 10.000004768371582
324 0.018000001087784767 0.009999999776482582 1.8000001907348633 13.400017738342285
325 0.02200000174343586 0.009444444440305233 2.3294119834899902 9.900004386901855
326 0.017500001937150955 0.010555555112659931 1.6578949689865112 9.600003242492676
327 0.023500001057982445 0.009999999776482582 2.3500001430511475 6.099998950958252
328 0.017000000923871994 0.009444444440305233 1.8000000715255737 16.60002899169922
329 0.0215000007301569 0.009999999776482582 2.1500000953674316 9.600003242492676
330 0.011500000953674316 0.010555555112659931 1.089473843574524 10.300005912780762
331 0.021000001579523087 0.010555555112659931 1.9894739389419556 10.200005531311035
332 0.017000000923871994 0.010555555112659931 1.610526442527771 12.40001392364502
333 0.014000000432133675 0.010555555112659931 1.3263158798217773 10.800007820129395
334 0.008500000461935997 0.009999999776482582 0.8500000834465027 7.199997901916504
335 0.016499999910593033 0.009999999776482582 1.649999976158142 13.300017356872559
336 0.009999999776482582 0.009444444440305233 1.0588234663009644 9.100001335144043
337 0.023500001057982445 0.010555555112659931 2.226315975189209 7.0999979972839355
338 0.01600000075995922 0.009999999776482582 1.6000001430511475 8.099997520446777
339 0.020000001415610313 0.009444444440305233 2.117647171020508 20.000041961669922
340 0.017500001937150955 0.010555555112659931 1.6578949689865112 10.900008201599121
341 1.0 0.9977777600288391 1.0022271871566772 -94.89912414550781
342 0.012000000104308128 0.009999999776482582 1.2000000476837158 6.999998092651367
343 0.020000001415610313 0.010555555112659931 1.8947370052337646 10.800007820129395
344 0.020000001415610313 0.009444444440305233 2.117647171020508 13.900019645690918
345 0.017500001937150955 0.010555555112659931 1.6578949689865112 13.400017738342285
346 0.020500000566244125 0.010555555112659931 1.9421054124832153 10.300005912780762
347 0.018000001087784767 0.010555555112659931 1.705263376235962 13.400017738342285
348 0.014000000432133675 0.009999999776482582 1.4000000953674316 7.299997806549072
349 0.014500000514090061 0.010555555112659931 1.373684287071228 10.600007057189941
350 0.021000001579523087 0.009444444440305233 2.223529577255249 10.500006675720215
351 0.015500000678002834 0.009444444440305233 1.6411765813827515 9.600003242492676
352 0.015000000596046448 0.009999999776482582 1.5000001192092896 9.20000171661377
353 0.020000001415610313 0.010555555112659931 1.8947370052337646 8.699999809265137
354 0.017000000923871994 0.009444444440305233 1.8000000715255737 11.80001163482666
355 0.018000001087784767 0.010555555112659931 1.705263376235962 8.699999809265137
356 0.026000000536441803 0.009444444440305233 2.752941131591797 15.700026512145996
357 0.015000000596046448 0.009999999776482582 1.5000001192092896 9.800004005432129
358 0.024500001221895218 0.009444444440305233 2.5941178798675537 9.000000953674316
359 0.01250000111758709 0.009999999776482582 1.2500001192092896 8.90000057220459
360 0.03750000149011612 0.009444444440305233 3.970588445663452 4.200000762939453
361 0.01850000023841858 0.009444444440305233 1.958823561668396 10.700007438659668
362 0.019500000402331352 0.009444444440305233 2.0647058486938477 10.900008201599121
363 0.021500002592802048 0.010555555112659931 2.0368423461914062 10.600007057189941
364 0.018000001087784767 0.009999999776482582 1.8000001907348633 10.700007438659668
365 0.026000000536441803 0.010555555112659931 2.463158130645752 10.400006294250488
366 0.027499999850988388 0.009999999776482582 2.75 14.100020408630371
367 0.01900000125169754 0.009999999776482582 1.9000002145767212 8.59999942779541
368 0.01900000125169754 0.009999999776482582 1.9000002145767212 7.599997520446777
369 0.014500000514090061 0.009444444440305233 1.5352941751480103 10.200005531311035
370 0.020000001415610313 0.009444444440305233 2.117647171020508 10.700007438659668
371 0.01900000125169754 0.009444444440305233 2.0117647647857666 11.2000093460083
372 0.015000000596046448 0.009999999776482582 1.5000001192092896 14.600022315979004
373 0.01900000125169754 0.009999999776482582 1.9000002145767212 13.500018119812012
374 0.02250000089406967 0.009444444440305233 2.3823530673980713 20.3000431060791
375 0.026000000536441803 0.009444444440305233 2.752941131591797 19.600040435791016
376 0.020500000566244125 0.009444444440305233 2.170588254928589 10.900008201599121
377 0.0195000022649765 0.009999999776482582 1.950000286102295 6.299998760223389
378 0.018000001087784767 0.009999999776482582 1.8000001907348633 10.200005531311035
379 0.013000000268220901 0.010555555112659931 1.231579065322876 10.300005912780762
380 0.016499999910593033 0.009444444440305233 1.7470588684082031 11.900012016296387
381 0.017000000923871994 0.009999999776482582 1.7000001668930054 11.80001163482666
382 0.021500002592802048 0.010555555112659931 2.0368423461914062 4.900000095367432
383 0.013000000268220901 0.009444444440305233 1.3764705657958984 13.100016593933105
384 0.016499999910593033 0.009444444440305233 1.7470588684082031 10.100005149841309
385 0.02250000089406967 0.009999999776482582 2.250000238418579 14.000020027160645
386 0.020000001415610313 0.009444444440305233 2.117647171020508 10.600007057189941
387 0.018000001087784767 0.009444444440305233 1.905882477760315 9.700003623962402
388 0.023500001057982445 0.009999999776482582 2.3500001430511475 11.000008583068848
389 0.030000001192092896 0.009999999776482582 3.000000238418579 9.300002098083496
390 0.011500000953674316 0.009999999776482582 1.1500000953674316 6.499998569488525
391 0.016499999910593033 0.009444444440305233 1.7470588684082031 11.600010871887207
392 0.02199999988079071 0.009444444440305233 2.329411745071411 16.00002670288086
393 0.018000001087784767 0.009444444440305233 1.905882477760315 11.000008583068848
394 0.012000000104308128 0.009999999776482582 1.2000000476837158 9.800004005432129
395 0.01900000125169754 0.010555555112659931 1.8000001907348633 7.499997615814209
396 0.018000001087784767 0.009999999776482582 1.8000001907348633 8.29999828338623
397 0.020500000566244125 0.009444444440305233 2.170588254928589 15.200024604797363
398 0.012000000104308128 0.009444444440305233 1.2705882787704468 6.7999982833862305
399 0.014500000514090061 0.009999999776482582 1.4500000476837158 11.900012016296387
400 0.026000000536441803 0.010555555112659931 2.463158130645752 13.000016212463379
401 0.0195000022649765 0.009444444440305233 2.0647060871124268 12.900015830993652
402 0.01900000125169754 0.009444444440305233 2.0117647647857666 13.300017356872559
403 0.013000000268220901 0.009444444440305233 1.3764705657958984 12.200013160705566
404 0.017000000923871994 0.009444444440305233 1.8000000715255737 11.80001163482666
405 0.03150000050663948 0.010555555112659931 2.984210729598999 8.699999809265137
406 0.017500001937150955 0.010555555112659931 1.6578949689865112 13.800019264221191
407 0.019999999552965164 0.010555555112659931 1.894736886024475 4.3000006675720215
408 0.016499999910593033 0.009999999776482582 1.649999976158142 16.500028610229492
409 0.01850000023841858 0.009999999776482582 1.850000023841858 11.50001049041748
410 0.023000001907348633 0.009444444440305233 2.4352943897247314 9.700003623962402
411 0.01250000111758709 0.009999999776482582 1.2500001192092896 12.300013542175293
412 0.021000001579523087 0.009444444440305233 2.223529577255249 7.499997615814209
413 0.021000001579523087 0.010555555112659931 1.9894739389419556 4.40000057220459
414 0.016499999910593033 0.010555555112659931 1.5631579160690308 11.300009727478027
415 0.018000001087784767 0.010555555112659931 1.705263376235962 8.099997520446777
416 0.026500001549720764 0.009999999776482582 2.6500000953674316 8.399998664855957
417 0.024500001221895218 0.010555555112659931 2.3210527896881104 11.50001049041748
418 0.0215000007301569 0.010555555112659931 2.0368423461914062 5.59999942779541
419 0.0215000007301569 0.009444444440305233 2.27647066116333 15.00002384185791
420 0.009999999776482582 0.009999999776482582 1.0 10.200005531311035
421 0.023500001057982445 0.010555555112659931 2.226315975189209 9.700003623962402
422 0.01900000125169754 0.009444444440305233 2.0117647647857666 8.099997520446777
423 0.0195000022649765 0.009444444440305233 2.0647060871124268 8.199997901916504
424 0.0195000022649765 0.009999999776482582 1.950000286102295 14.200020790100098
425 0.01850000023841858 0.010555555112659931 1.752631664276123 16.00002670288086
426 0.014500000514090061 0.009999999776482582 1.4500000476837158 14.000020027160645
427 0.01250000111758709 0.009999999776482582 1.2500001192092896 8.099997520446777
428 0.0215000007301569 0.010555555112659931 2.0368423461914062 9.600003242492676
429 0.010999999940395355 0.010555555112659931 1.0421053171157837 13.400017738342285
430 0.017500001937150955 0.009444444440305233 1.8529413938522339 16.700029373168945
431 0.021000001579523087 0.010555555112659931 1.9894739389419556 11.100008964538574
432 0.027499999850988388 0.009444444440305233 2.911764621734619 16.400028228759766
433 0.015500000678002834 0.009444444440305233 1.6411765813827515 14.200020790100098
434 0.020000001415610313 0.009444444440305233 2.117647171020508 9.400002479553223
435 0.020500000566244125 0.010555555112659931 1.9421054124832153 10.000004768371582
436 0.026500001549720764 0.009999999776482582 2.6500000953674316 11.000008583068848
437 0.029500000178813934 0.010555555112659931 2.794736862182617 16.700029373168945
438 0.01900000125169754 0.009444444440305233 2.0117647647857666 13.900019645690918
439 0.021000001579523087 0.010555555112659931 1.9894739389419556 8.699999809265137
440 0.013500000350177288 0.010555555112659931 1.2789474725723267 11.100008964538574
441 0.023500001057982445 0.009444444440305233 2.4882354736328125 18.30003547668457
442 0.014500000514090061 0.009999999776482582 1.4500000476837158 14.100020408630371
443 0.016499999910593033 0.009999999776482582 1.649999976158142 14.70002269744873
444 0.023000001907348633 0.009444444440305233 2.4352943897247314 9.600003242492676
445 0.02199999988079071 0.009999999776482582 2.200000047683716 6.599998474121094
446 1.0 0.9800000190734863 1.0204081535339355 -94.89912414550781
447 0.01600000075995922 0.009444444440305233 1.694117784500122 9.800004005432129
448 0.05450000241398811 0.010555555112659931 5.163158416748047 4.800000190734863
449 0.02250000089406967 0.009444444440305233 2.3823530673980713 3.000001907348633
450 0.028999999165534973 0.009999999776482582 2.9000000953674316 4.000000953674316
451 0.019999999552965164 0.010555555112659931 1.894736886024475 9.100001335144043
452 0.020000001415610313 0.009444444440305233 2.117647171020508 12.500014305114746
453 0.02250000089406967 0.010555555112659931 2.1315791606903076 12.600014686584473
454 0.012000000104308128 0.010555555112659931 1.136842131614685 11.600010871887207
455 0.012000000104308128 0.009999999776482582 1.2000000476837158 10.700007438659668
456 0.010500000789761543 0.010555555112659931 0.9947369694709778 9.100001335144043
457 0.027000000700354576 0.009444444440305233 2.858823537826538 7.899997234344482
458 0.013500000350177288 0.009444444440305233 1.429411768913269 9.400002479553223
459 0.017000000923871994 0.009444444440305233 1.8000000715255737 19.50004005432129
460 0.015000000596046448 0.009444444440305233 1.5882353782653809 14.500021934509277
461 0.010999999940395355 0.009444444440305233 1.1647058725357056 7.299997806549072
462 0.023000001907348633 0.009444444440305233 2.4352943897247314 10.200005531311035
463 0.02500000223517418 0.009999999776482582 2.500000238418579 9.50000286102295
464 0.013500000350177288 0.010555555112659931 1.2789474725723267 13.300017356872559
465 0.023500001057982445 0.009999999776482582 2.3500001430511475 8.499999046325684
466 0.0195000022649765 0.009444444440305233 2.0647060871124268 19.300039291381836
467 0.024000000208616257 0.009999999776482582 2.4000000953674316 16.400028228759766
468 0.018000001087784767 0.009999999776482582 1.8000001907348633 12.600014686584473
469 0.018000001087784767 0.010555555112659931 1.705263376235962 9.800004005432129
470 0.012500000186264515 0.009999999776482582 1.25 7.199997901916504
471 0.01850000023841858 0.010555555112659931 1.752631664276123 13.700018882751465
472 0.017000000923871994 0.009999999776482582 1.7000001668930054 7.199997901916504
473 0.021000001579523087 0.009444444440305233 2.223529577255249 12.000012397766113
474 0.017000000923871994 0.010555555112659931 1.610526442527771 9.300002098083496
475 0.024500001221895218 0.009444444440305233 2.5941178798675537 17.40003204345703
476 0.011500000953674316 0.009999999776482582 1.1500000953674316 10.900008201599121
477 0.013500000350177288 0.010555555112659931 1.2789474725723267 10.900008201599121
478 0.020000001415610313 0.010555555112659931 1.8947370052337646 13.500018119812012
479 0.004999999888241291 0.009444444440305233 0.5294117331504822 6.499998569488525
480 0.01900000125169754 0.009999999776482582 1.9000002145767212 6.899998188018799
481 0.014000000432133675 0.009444444440305233 1.4823529720306396 9.000000953674316
482 0.01900000125169754 0.010555555112659931 1.8000001907348633 11.000008583068848
483 0.019999999552965164 0.009999999776482582 2.0 12.000012397766113
484 0.020500000566244125 0.009444444440305233 2.170588254928589 9.600003242492676
485 0.012000000104308128 0.010555555112659931 1.136842131614685 13.000016212463379
486 0.016499999910593033 0.009444444440305233 1.7470588684082031 13.900019645690918
487 0.01900000125169754 0.009444444440305233 2.0117647647857666 16.800029754638672
488 0.009000000543892384 0.009444444440305233 0.9529412388801575 9.100001335144043
489 0.017500001937150955 0.010555555112659931 1.6578949689865112 5.899999141693115
490 0.0195000022649765 0.009999999776482582 1.950000286102295 9.700003623962402
491 0.017500001937150955 0.009999999776482582 1.750000238418579 6.299998760223389
492 0.015500000678002834 0.010555555112659931 1.468421220779419 7.299997806549072
493 0.027000000700354576 0.009444444440305233 2.858823537826538 8.199997901916504
494 0.010999999940395355 0.009444444440305233 1.1647058725357056 13.000016212463379
495 0.018000001087784767 0.010555555112659931 1.705263376235962 11.700011253356934
496 1.0 0.2866666615009308 3.4883720874786377 -94.89912414550781
497 0.015500000678002834 0.010555555112659931 1.468421220779419 10.100005149841309
498 0.0195000022649765 0.010555555112659931 1.8473687171936035 8.399998664855957
499 0.017500001937150955 0.010555555112659931 1.6578949689865112 10.900008201599121
500 0.013500000350177288 0.009999999776482582 1.350000023841858 9.400002479553223
501 0.013000000268220901 0.009444444440305233 1.3764705657958984 15.700026512145996
502 0.013000000268220901 0.009444444440305233 1.3764705657958984 12.40001392364502
503 0.019500000402331352 0.009444444440305233 2.0647058486938477 8.59999942779541
504 0.01900000125169754 0.010555555112659931 1.8000001907348633 15.700026512145996
505 0.02199999988079071 0.010555555112659931 2.0842106342315674 9.800004005432129
506 0.01250000111758709 0.009444444440305233 1.3235294818878174 11.000008583068848
507 0.014500000514090061 0.009444444440305233 1.5352941751480103 8.90000057220459
508 0.014000000432133675 0.009444444440305233 1.4823529720306396 9.700003623962402
509 0.015000000596046448 0.010555555112659931 1.4210526943206787 9.800004005432129
510 0.016499999910593033 0.009444444440305233 1.7470588684082031 8.399998664855957
511 0.010000000707805157 0.009444444440305233 1.058823585510254 9.600003242492676
512 0.013500000350177288 0.009444444440305233 1.429411768913269 8.29999828338623
513 0.020500000566244125 0.009444444440305233 2.170588254928589 14.000020027160645
514 0.02199999988079071 0.009444444440305233 2.329411745071411 14.300021171569824
515 0.015000000596046448 0.009999999776482582 1.5000001192092896 13.000016212463379
516 0.020500000566244125 0.010555555112659931 1.9421054124832153 9.700003623962402
517 0.02199999988079071 0.010555555112659931 2.0842106342315674 11.50001049041748
518 0.014500000514090061 0.009999999776482582 1.4500000476837158 9.900004386901855
519 0.01850000023841858 0.009444444440305233 1.958823561668396 9.700003623962402
520 0.024000000208616257 0.009999999776482582 2.4000000953674316 10.100005149841309
521 0.020500000566244125 0.009444444440305233 2.170588254928589 11.600010871887207
522 0.014000000432133675 0.009999999776482582 1.4000000953674316 7.699997425079346
523 0.00950000062584877 0.009999999776482582 0.9500001072883606 8.59999942779541
524 0.018000001087784767 0.010555555112659931 1.705263376235962 8.499999046325684
525 0.011500000953674316 0.009999999776482582 1.1500000953674316 10.300005912780762
526 0.02500000037252903 0.010555555112659931 2.3684210777282715 16.9000301361084
527 0.012000000104308128 0.009999999776482582 1.2000000476837158 13.500018119812012
528 0.01900000125169754 0.009999999776482582 1.9000002145767212 20.400043487548828
529 0.020500000566244125 0.010555555112659931 1.9421054124832153 10.900008201599121
530 0.01600000075995922 0.009444444440305233 1.694117784500122 10.700007438659668
531 0.015500000678002834 0.009444444440305233 1.6411765813827515 7.0999979972839355
532 0.024000000208616257 0.009444444440305233 2.5411765575408936 11.300009727478027
533 0.026500001549720764 0.009444444440305233 2.805882453918457 11.2000093460083
534 0.015500000678002834 0.009999999776482582 1.5500000715255737 14.300021171569824
535 0.017000000923871994 0.010555555112659931 1.610526442527771 11.700011253356934
536 0.013500000350177288 0.009444444440305233 1.429411768913269 11.100008964538574
537 0.01600000075995922 0.009444444440305233 1.694117784500122 11.2000093460083
538 0.017500001937150955 0.009999999776482582 1.750000238418579 10.300005912780762
539 0.01850000023841858 0.010555555112659931 1.752631664276123 10.800007820129395
540 0.024000000208616257 0.010555555112659931 2.27368426322937 15.90002727508545
541 0.017500001937150955 0.009999999776482582 1.750000238418579 9.20000171661377
542 0.01600000075995922 0.009444444440305233 1.694117784500122 10.800007820129395
543 0.016499999910593033 0.009444444440305233 1.7470588684082031 4.3000006675720215
544 0.03500000014901161 0.009999999776482582 3.5 6.499998569488525
545 0.02250000089406967 0.009444444440305233 2.3823530673980713 12.900015830993652
546 0.013500000350177288 0.009999999776482582 1.350000023841858 12.10001277923584
547 0.013000000268220901 0.009444444440305233 1.3764705657958984 16.800029754638672
548 0.014500000514090061 0.009999999776482582 1.4500000476837158 9.20000171661377
549 0.01900000125169754 0.009444444440305233 2.0117647647857666 12.800015449523926
550 0.01600000075995922 0.009444444440305233 1.694117784500122 13.100016593933105
551 0.02250000089406967 0.010555555112659931 2.1315791606903076 7.299997806549072
552 0.020500000566244125 0.010555555112659931 1.9421054124832153 5.499999523162842
553 0.010000000707805157 0.010555555112659931 0.9473685026168823 12.7000150680542
554 0.027000000700354576 0.010555555112659931 2.5578949451446533 16.00002670288086
555 0.012500000186264515 0.009444444440305233 1.3235294818878174 8.699999809265137
556 0.01250000111758709 0.009999999776482582 1.2500001192092896 12.000012397766113
557 0.010999999940395355 0.009999999776482582 1.100000023841858 10.800007820129395
558 0.01850000023841858 0.009999999776482582 1.850000023841858 8.29999828338623
559 0.01900000125169754 0.009444444440305233 2.0117647647857666 7.999997138977051
560 0.015000000596046448 0.009444444440305233 1.5882353782653809 9.50000286102295
561 0.013500000350177288 0.009999999776482582 1.350000023841858 8.099997520446777
562 0.01600000075995922 0.009444444440305233 1.694117784500122 10.100005149841309
563 0.017500001937150955 0.010555555112659931 1.6578949689865112 8.90000057220459
564 0.01850000023841858 0.009999999776482582 1.850000023841858 16.60002899169922
565 0.01600000075995922 0.010555555112659931 1.5157896280288696 15.100024223327637
566 0.011500000953674316 0.010555555112659931 1.089473843574524 10.100005149841309
567 0.014500001445412636 0.010555555112659931 1.3736844062805176 8.699999809265137
568 0.01850000023841858 0.009444444440305233 1.958823561668396 12.10001277923584
569 0.00800000037997961 0.009999999776482582 0.8000000715255737 8.699999809265137
570 0.015000000596046448 0.009444444440305233 1.5882353782653809 10.800007820129395
571 0.01850000023841858 0.010555555112659931 1.752631664276123 9.700003623962402
572 0.020500000566244125 0.009999999776482582 2.0500001907348633 7.0999979972839355
573 0.016499999910593033 0.009444444440305233 1.7470588684082031 14.800023078918457
574 0.01600000075995922 0.009444444440305233 1.694117784500122 14.300021171569824
575 0.013500000350177288 0.009444444440305233 1.429411768913269 13.100016593933105
576 0.015000000596046448 0.010555555112659931 1.4210526943206787 8.59999942779541
577 0.01250000111758709 0.009444444440305233 1.3235294818878174 14.800023078918457
578 0.021500002592802048 0.009999999776482582 2.1500003337860107 13.100016593933105
579 0.006000000052154064 0.010555555112659931 0.5684210658073425 8.199997901916504
580 0.013000000268220901 0.009444444440305233 1.3764705657958984 9.700003623962402
581 0.01850000023841858 0.009999999776482582 1.850000023841858 13.500018119812012
582 0.024500001221895218 0.010555555112659931 2.3210527896881104 16.700029373168945
583 1.0 0.32777777314186096 3.0508475303649902 -94.89912414550781
584 0.024500001221895218 0.009444444440305233 2.5941178798675537 6.499998569488525
585 0.016499999910593033 0.010555555112659931 1.5631579160690308 9.300002098083496
586 0.014000000432133675 0.010555555112659931 1.3263158798217773 11.600010871887207
587 0.02250000089406967 0.009999999776482582 2.250000238418579 13.500018119812012
588 0.01850000023841858 0.009999999776482582 1.850000023841858 10.100005149841309
589 0.011500000953674316 0.009444444440305233 1.2176471948623657 9.700003623962402
590 0.026000000536441803 0.009999999776482582 2.6000001430511475 11.80001163482666
591 0.008500000461935997 0.009444444440305233 0.9000000357627869 12.300013542175293
592 0.030500002205371857 0.010555555112659931 2.8894739151000977 4.600000381469727
593 0.013000000268220901 0.009444444440305233 1.3764705657958984 17.600032806396484
594 0.013000000268220901 0.010555555112659931 1.231579065322876 4.800000190734863
595 0.00800000037997961 0.009444444440305233 0.847058892250061 11.600010871887207
596 0.01600000075995922 0.009999999776482582 1.6000001430511475 11.900012016296387
597 0.017500001937150955 0.009999999776482582 1.750000238418579 17.900033950805664
598 0.016499999910593033 0.009444444440305233 1.7470588684082031 11.400010108947754
599 0.016499999910593033 0.010555555112659931 1.5631579160690308 6.7999982833862305
600 0.021000001579523087 0.009999999776482582 2.1000001430511475 12.10001277923584
601 0.01900000125169754 0.010555555112659931 1.8000001907348633 12.10001277923584
602 0.02800000086426735 0.010555555112659931 2.6526317596435547 15.500025749206543
603 0.016499999910593033 0.010555555112659931 1.5631579160690308 14.000020027160645
604 0.017000000923871994 0.010555555112659931 1.610526442527771 15.60002613067627
605 0.020500000566244125 0.009444444440305233 2.170588254928589 10.200005531311035
606 0.017000000923871994 0.009444444440305233 1.8000000715255737 7.199997901916504
607 0.017000000923871994 0.009444444440305233 1.8000000715255737 11.50001049041748
608 0.019999999552965164 0.009444444440305233 2.1176469326019287 9.700003623962402
609 0.019500000402331352 0.009444444440305233 2.0647058486938477 14.40002155303955
610 0.01850000023841858 0.009999999776482582 1.850000023841858 11.50001049041748
611 0.014000000432133675 0.009999999776482582 1.4000000953674316 9.100001335144043
612 0.01900000125169754 0.009444444440305233 2.0117647647857666 14.70002269744873
613 0.020500000566244125 0.010555555112659931 1.9421054124832153 11.300009727478027
614 0.020500000566244125 0.010555555112659931 1.9421054124832153 7.899997234344482
615 0.020500000566244125 0.009444444440305233 2.170588254928589 11.2000093460083
616 0.014000000432133675 0.009999999776482582 1.4000000953674316 8.800000190734863
617 0.023500001057982445 0.009444444440305233 2.4882354736328125 10.900008201599121
618 0.01850000023841858 0.009444444440305233 1.958823561668396 11.700011253356934
619 0.014000000432133675 0.009999999776482582 1.4000000953674316 6.499998569488525
620 0.02500000223517418 0.009999999776482582 2.500000238418579 5.199999809265137
621 0.015500001609325409 0.009999999776482582 1.5500001907348633 14.900023460388184
622 0.0195000022649765 0.009999999776482582 1.950000286102295 16.200027465820312
623 0.017000000923871994 0.009999999776482582 1.7000001668930054 13.700018882751465
624 0.018000001087784767 0.009444444440305233 1.905882477760315 11.50001049041748
625 0.013000000268220901 0.009444444440305233 1.3764705657958984 10.300005912780762
626 0.021000001579523087 0.010555555112659931 1.9894739389419556 7.299997806549072
627 0.013000000268220901 0.009444444440305233 1.3764705657958984 11.50001049041748
628 0.02199999988079071 0.009444444440305233 2.329411745071411 7.999997615814209
629 0.020500000566244125 0.010555555112659931 1.9421054124832153 10.500006675720215
630 0.016499999910593033 0.009444444440305233 1.7470588684082031 9.300002098083496
631 0.021500002592802048 0.010555555112659931 2.0368423461914062 11.000008583068848
632 0.02550000138580799 0.009999999776482582 2.5500001907348633 21.600048065185547
633 0.017000000923871994 0.010555555112659931 1.610526442527771 13.200016975402832
634 0.015000000596046448 0.009444444440305233 1.5882353782653809 13.000016212463379
635 0.0195000022649765 0.010555555112659931 1.8473687171936035 13.100016593933105
636 0.026000000536441803 0.009999999776482582 2.6000001430511475 12.500014305114746
637 0.014000000432133675 0.009444444440305233 1.4823529720306396 12.600014686584473
638 0.021000001579523087 0.010555555112659931 1.9894739389419556 6.7999982833862305
639 0.018000001087784767 0.009444444440305233 1.905882477760315 9.900004386901855
640 0.010500000789761543 0.009444444440305233 1.1117647886276245 6.899998188018799
641 0.024500001221895218 0.009999999776482582 2.450000286102295 9.800004005432129
642 0.015000000596046448 0.009999999776482582 1.5000001192092896 12.800015449523926
643 0.017500001937150955 0.010555555112659931 1.6578949689865112 11.80001163482666
644 0.017500001937150955 0.009999999776482582 1.750000238418579 14.900023460388184
645 0.024000000208616257 0.009444444440305233 2.5411765575408936 15.500025749206543
646 0.020500000566244125 0.009444444440305233 2.170588254928589 3.8000011444091797
647 0.013500000350177288 0.010555555112659931 1.2789474725723267 5.799999237060547
648 0.01900000125169754 0.009444444440305233 2.0117647647857666 10.200005531311035
649 0.014000000432133675 0.009444444440305233 1.4823529720306396 13.000016212463379
650 0.023000001907348633 0.009444444440305233 2.4352943897247314 9.50000286102295
651 0.017000000923871994 0.009444444440305233 1.8000000715255737 11.50001049041748
652 0.017500001937150955 0.009444444440305233 1.8529413938522339 11.600010871887207
653 0.020000001415610313 0.009999999776482582 2.000000238418579 11.100008964538574
654 0.015000000596046448 0.009999999776482582 1.5000001192092896 12.900015830993652
655 0.012000000104308128 0.010555555112659931 1.136842131614685 7.699997425079346
656 0.014500000514090061 0.010555555112659931 1.373684287071228 9.600003242492676
657 0.02250000089406967 0.010555555112659931 2.1315791606903076 16.800029754638672
658 0.010500000789761543 0.009444444440305233 1.1117647886276245 12.200013160705566
659 0.01900000125169754 0.009999999776482582 1.9000002145767212 6.999998092651367
660 1.0 0.9794444441795349 1.0209869146347046 -94.89912414550781
661 0.0195000022649765 0.009999999776482582 1.950000286102295 14.000020027160645
662 0.018000001087784767 0.010555555112659931 1.705263376235962 11.50001049041748
663 0.01900000125169754 0.010555555112659931 1.8000001907348633 11.300009727478027
664 0.015500000678002834 0.009999999776482582 1.5500000715255737 10.800007820129395
665 0.017500001937150955 0.010555555112659931 1.6578949689865112 17.300031661987305
666 0.014000000432133675 0.009444444440305233 1.4823529720306396 13.600018501281738
667 0.024000000208616257 0.009444444440305233 2.5411765575408936 7.799997329711914
668 0.02250000089406967 0.010555555112659931 2.1315791606903076 6.499998569488525
669 0.017000000923871994 0.010555555112659931 1.610526442527771 13.600018501281738
670 0.029500000178813934 0.009444444440305233 3.1235294342041016 12.900015830993652
671 0.013000000268220901 0.009999999776482582 1.3000000715255737 11.300009727478027
672 0.017000000923871994 0.009444444440305233 1.8000000715255737 12.300013542175293
673 0.025499999523162842 0.009444444440305233 2.700000047683716 11.100008964538574
674 0.0195000022649765 0.009999999776482582 1.950000286102295 11.600010871887207
675 0.01900000125169754 0.009444444440305233 2.0117647647857666 2.9000020027160645
676 0.015000000596046448 0.010555555112659931 1.4210526943206787 10.700007438659668
677 0.012500000186264515 0.009444444440305233 1.3235294818878174 9.600003242492676
678 0.015500000678002834 0.010555555112659931 1.468421220779419 12.7000150680542
679 0.023500001057982445 0.010555555112659931 2.226315975189209 11.000008583068848
680 0.017500001937150955 0.009999999776482582 1.750000238418579 9.100001335144043
681 0.013000000268220901 0.009444444440305233 1.3764705657958984 10.100005149841309
682 0.024000000208616257 0.009444444440305233 2.5411765575408936 12.200013160705566
683 0.015500000678002834 0.010555555112659931 1.468421220779419 10.200005531311035
684 0.03550000116229057 0.009999999776482582 3.5500001907348633 12.10001277923584
685 0.020500000566244125 0.009999999776482582 2.0500001907348633 2.3000025749206543
686 0.03450000286102295 0.009999999776482582 3.450000286102295 14.000020027160645
687 0.02500000223517418 0.009999999776482582 2.500000238418579 14.900023460388184
688 0.014000000432133675 0.010555555112659931 1.3263158798217773 11.50001049041748
689 0.017000000923871994 0.009444444440305233 1.8000000715255737 10.500006675720215
690 0.013500000350177288 0.010555555112659931 1.2789474725723267 4.500000476837158
691 0.023500001057982445 0.009444444440305233 2.4882354736328125 11.80001163482666
692 0.01600000075995922 0.009999999776482582 1.6000001430511475 6.599998474121094
693 0.00800000037997961 0.009999999776482582 0.8000000715255737 8.59999942779541
694 0.030000001192092896 0.009999999776482582 3.000000238418579 12.900015830993652
695 0.016499999910593033 0.010555555112659931 1.5631579160690308 7.199997901916504
696 0.015000000596046448 0.009999999776482582 1.5000001192092896 9.50000286102295
697 0.020500000566244125 0.009444444440305233 2.170588254928589 9.300002098083496
698 0.019999999552965164 0.009999999776482582 2.0 13.500018119812012
699 0.019500000402331352 0.009999999776482582 1.9500000476837158 7.599997520446777
700 0.01600000075995922 0.009999999776482582 1.6000001430511475 12.600014686584473
701 0.01850000023841858 0.010555555112659931 1.752631664276123 9.900004386901855
702 0.018000001087784767 0.010555555112659931 1.705263376235962 17.200031280517578
703 0.0195000022649765 0.010555555112659931 1.8473687171936035 8.699999809265137
704 0.01850000023841858 0.010555555112659931 1.752631664276123 10.900008201599121
705 0.01900000125169754 0.009444444440305233 2.0117647647857666 13.900019645690918
706 0.011500000953674316 0.009999999776482582 1.1500000953674316 10.800007820129395
707 0.016499999910593033 0.009444444440305233 1.7470588684082031 11.900012016296387
708 0.0215000007301569 0.009999999776482582 2.1500000953674316 7.899997234344482
709 0.013500000350177288 0.009444444440305233 1.429411768913269 10.700007438659668
710 0.030000001192092896 0.009999999776482582 3.000000238418579 19.20003890991211
711 0.017500001937150955 0.010555555112659931 1.6578949689865112 9.50000286102295
712 0.018000001087784767 0.009444444440305233 1.905882477760315 10.600007057189941
713 0.029500000178813934 0.009999999776482582 2.950000047683716 11.100008964538574
714 0.01850000023841858 0.009999999776482582 1.850000023841858 13.000016212463379
715 0.01900000125169754 0.009444444440305233 2.0117647647857666 17.600032806396484
716 0.013000000268220901 0.010555555112659931 1.231579065322876 11.400010108947754
717 0.023000001907348633 0.010555555112659931 2.178947687149048 7.299997806549072
718 0.01850000023841858 0.009999999776482582 1.850000023841858 9.300002098083496
719 0.026500001549720764 0.010555555112659931 2.510526657104492 18.100034713745117
720 0.01850000023841858 0.009444444440305233 1.958823561668396 11.400010108947754
721 1.0 0.9972222447395325 1.0027854442596436 -94.89912414550781
722 0.010500000789761543 0.010555555112659931 0.9947369694709778 12.500014305114746
723 0.012000000104308128 0.010555555112659931 1.136842131614685 12.600014686584473
724 0.01600000075995922 0.009444444440305233 1.694117784500122 9.700003623962402
725 0.021000001579523087 0.009444444440305233 2.223529577255249 10.700007438659668
726 0.017000000923871994 0.010555555112659931 1.610526442527771 10.500006675720215
727 0.017500001937150955 0.009444444440305233 1.8529413938522339 1.5000027418136597
728 0.013000000268220901 0.009444444440305233 1.3764705657958984 11.700011253356934
729 0.020500000566244125 0.009999999776482582 2.0500001907348633 8.499999046325684
730 0.018000001087784767 0.009999999776482582 1.8000001907348633 11.900012016296387
731 0.02250000089406967 0.009444444440305233 2.3823530673980713 8.29999828338623
732 0.023500001057982445 0.009444444440305233 2.4882354736328125 16.200027465820312
733 0.01600000075995922 0.009999999776482582 1.6000001430511475 12.500014305114746
734 0.02250000089406967 0.009444444440305233 2.3823530673980713 10.600007057189941
735 0.026000000536441803 0.009999999776482582 2.6000001430511475 13.600018501281738
736 0.01600000075995922 0.009999999776482582 1.6000001430511475 9.800004005432129
737 0.02200000174343586 0.009444444440305233 2.3294119834899902 9.600003242492676
738 0.01600000075995922 0.010555555112659931 1.5157896280288696 11.700011253356934
739 0.01900000125169754 0.009444444440305233 2.0117647647857666 7.599997520446777
740 0.025499999523162842 0.009444444440305233 2.700000047683716 8.099997520446777
741 1.0 0.9277777671813965 1.0778443813323975 -94.89912414550781
742 0.02199999988079071 0.010555555112659931 2.0842106342315674 10.300005912780762
743 0.015500000678002834 0.010555555112659931 1.468421220779419 18.60003662109375
744 0.01900000125169754 0.009444444440305233 2.0117647647857666 10.700007438659668
745 0.0060000005178153515 0.010555555112659931 0.5684211254119873 11.600010871887207
746 0.017000000923871994 0.009444444440305233 1.8000000715255737 9.000000953674316
747 0.01600000075995922 0.009999999776482582 1.6000001430511475 9.20000171661377
748 0.01600000075995922 0.009999999776482582 1.6000001430511475 12.000012397766113
749 0.027000000700354576 0.010555555112659931 2.5578949451446533 13.000016212463379
750 0.016499999910593033 0.009999999776482582 1.649999976158142 9.800004005432129
751 0.010500000789761543 0.009444444440305233 1.1117647886276245 14.900023460388184
752 0.020500000566244125 0.009444444440305233 2.170588254928589 7.999997615814209
753 0.017000000923871994 0.010555555112659931 1.610526442527771 14.000020027160645
754 0.0195000022649765 0.009999999776482582 1.950000286102295 13.100016593933105
755 0.014000000432133675 0.009444444440305233 1.4823529720306396 10.300005912780762
756 0.014500000514090061 0.009999999776482582 1.4500000476837158 9.50000286102295
757 0.019999999552965164 0.009999999776482582 2.0 8.29999828338623
758 0.011500000953674316 0.009444444440305233 1.2176471948623657 12.000012397766113
759 0.018000001087784767 0.010555555112659931 1.705263376235962 9.000000953674316
760 0.0215000007301569 0.009999999776482582 2.1500000953674316 8.399998664855957
761 0.01900000125169754 0.009999999776482582 1.9000002145767212 9.700003623962402
762 0.03750000149011612 0.009999999776482582 3.750000238418579 15.100024223327637
763 0.023000001907348633 0.009444444440305233 2.4352943897247314 10.900008201599121
764 0.020500000566244125 0.010555555112659931 1.9421054124832153 13.200016975402832
765 0.018000001087784767 0.009999999776482582 1.8000001907348633 12.600014686584473
766 0.02250000089406967 0.010555555112659931 2.1315791606903076 12.600014686584473
767 0.01600000075995922 0.009999999776482582 1.6000001430511475 7.699997425079346
768 0.016499999910593033 0.010555555112659931 1.5631579160690308 8.29999828338623
769 0.013000000268220901 0.009999999776482582 1.3000000715255737 11.100008964538574
770 0.015000000596046448 0.010555555112659931 1.4210526943206787 12.10001277923584
771 0.0195000022649765 0.009999999776482582 1.950000286102295 12.7000150680542
772 0.010999999940395355 0.009999999776482582 1.100000023841858 6.999998092651367
773 0.023500001057982445 0.009444444440305233 2.4882354736328125 9.800004005432129
774 0.015500000678002834 0.009999999776482582 1.5500000715255737 9.800004005432129
775 0.027000002562999725 0.009444444440305233 2.858823776245117 7.899997234344482
776 0.015000000596046448 0.009444444440305233 1.5882353782653809 14.40002155303955
777 0.021500002592802048 0.010555555112659931 2.0368423461914062 13.500018119812012
778 0.015500000678002834 0.009999999776482582 1.5500000715255737 10.400006294250488
779 0.017500001937150955 0.009999999776482582 1.750000238418579 8.399998664855957
780 0.01250000111758709 0.009444444440305233 1.3235294818878174 10.300005912780762
781 0.020500000566244125 0.009444444440305233 2.170588254928589 11.300009727478027
782 0.020500000566244125 0.010555555112659931 1.9421054124832153 9.900004386901855
783 0.018000001087784767 0.009999999776482582 1.8000001907348633 11.600010871887207
784 0.01850000023841858 0.009999999776482582 1.850000023841858 10.300005912780762
785 0.020000001415610313 0.009444444440305233 2.117647171020508 11.80001163482666
786 0.014500001445412636 0.009444444440305233 1.5352942943572998 8.699999809265137
787 0.014000000432133675 0.009999999776482582 1.4000000953674316 9.300002098083496
788 0.01900000125169754 0.010555555112659931 1.8000001907348633 14.70002269744873
789 0.01600000075995922 0.010555555112659931 1.5157896280288696 10.000004768371582
790 0.02500000037252903 0.009999999776482582 2.5 9.300002098083496
791 0.021000001579523087 0.009444444440305233 2.223529577255249 10.800007820129395
792 0.012500000186264515 0.010555555112659931 1.1842105388641357 6.899998188018799
793 0.020000001415610313 0.010555555112659931 1.8947370052337646 15.100024223327637
794 0.024000000208616257 0.010555555112659931 2.27368426322937 20.800045013427734
795 0.01600000075995922 0.009999999776482582 1.6000001430511475 16.400028228759766
796 0.013000000268220901 0.009444444440305233 1.3764705657958984 10.300005912780762
797 0.024500001221895218 0.009999999776482582 2.450000286102295 14.600022315979004
798 0.020500000566244125 0.009999999776482582 2.0500001907348633 5.799999237060547
799 0.013500001281499863 0.009444444440305233 1.4294118881225586 10.200005531311035
800 0.021500002592802048 0.009444444440305233 2.276470899581909 17.300031661987305
801 0.02250000089406967 0.010555555112659931 2.1315791606903076 12.000012397766113
802 0.01600000075995922 0.009444444440305233 1.694117784500122 12.500014305114746
803 0.020500000566244125 0.010555555112659931 1.9421054124832153 12.200013160705566
804 0.015500000678002834 0.010555555112659931 1.468421220779419 13.900019645690918
805 0.011500000953674316 0.010555555112659931 1.089473843574524 12.800015449523926
806 0.01600000075995922 0.009444444440305233 1.694117784500122 21.400047302246094
807 0.021500002592802048 0.010555555112659931 2.0368423461914062 16.9000301361084
808 0.018000001087784767 0.010555555112659931 1.705263376235962 13.900019645690918
809 0.010999999940395355 0.009999999776482582 1.100000023841858 12.900015830993652
810 0.014500000514090061 0.009444444440305233 1.5352941751480103 9.400002479553223
811 0.023000001907348633 0.009444444440305233 2.4352943897247314 9.600003242492676
812 0.021500002592802048 0.009999999776482582 2.1500003337860107 15.100024223327637
813 0.024000000208616257 0.010555555112659931 2.27368426322937 10.400006294250488
814 0.016499999910593033 0.009999999776482582 1.649999976158142 3.300001621246338
815 0.017500000074505806 0.010555555112659931 1.6578948497772217 11.80001163482666
816 0.027000000700354576 0.010555555112659931 2.5578949451446533 12.40001392364502
817 0.023000001907348633 0.009999999776482582 2.3000001907348633 13.400017738342285
818 0.0215000007301569 0.009999999776482582 2.1500000953674316 10.600007057189941
819 0.015500001609325409 0.010555555112659931 1.468421220779419 10.800007820129395
820 0.01600000075995922 0.009444444440305233 1.694117784500122 14.800023078918457
821 0.02200000174343586 0.009444444440305233 2.3294119834899902 13.300017356872559
822 0.017000000923871994 0.009444444440305233 1.8000000715255737 13.800019264221191
823 0.013000000268220901 0.009999999776482582 1.3000000715255737 11.300009727478027
824 0.020500000566244125 0.009999999776482582 2.0500001907348633 8.699999809265137
825 0.010999999940395355 0.009444444440305233 1.1647058725357056 10.200005531311035
826 0.014500000514090061 0.009999999776482582 1.4500000476837158 9.900004386901855
827 0.02250000089406967 0.009444444440305233 2.3823530673980713 11.2000093460083
828 0.016499999910593033 0.009999999776482582 1.649999976158142 9.400002479553223
829 0.026000000536441803 0.009999999776482582 2.6000001430511475 10.000004768371582
830 0.0195000022649765 0.009999999776482582 1.950000286102295 8.90000057220459
831 0.016499999910593033 0.009444444440305233 1.7470588684082031 9.300002098083496
832 0.009000000543892384 0.010555555112659931 0.852631688117981 9.800004005432129
833 0.015000000596046448 0.010555555112659931 1.4210526943206787 10.800007820129395
834 0.013000000268220901 0.009999999776482582 1.3000000715255737 6.899998188018799
835 0.020000001415610313 0.009444444440305233 2.117647171020508 9.900004386901855
836 0.01850000023841858 0.009999999776482582 1.850000023841858 9.400002479553223
837 0.018000001087784767 0.009999999776482582 1.8000001907348633 8.90000057220459
838 0.013000000268220901 0.009999999776482582 1.3000000715255737 10.700007438659668
839 0.01900000125169754 0.009999999776482582 1.9000002145767212 14.300021171569824
840 0.0325000025331974 0.009999999776482582 3.250000238418579 2.7000021934509277
841 0.0215000007301569 0.009999999776482582 2.1500000953674316 9.400002479553223
842 0.017000000923871994 0.009444444440305233 1.8000000715255737 10.700007438659668
843 0.01900000125169754 0.010555555112659931 1.8000001907348633 7.299997806549072
844 0.020500000566244125 0.009444444440305233 2.170588254928589 12.7000150680542
845 0.019500000402331352 0.010555555112659931 1.8473684787750244 9.400002479553223
846 0.017500001937150955 0.010555555112659931 1.6578949689865112 14.600022315979004
847 0.015000000596046448 0.009999999776482582 1.5000001192092896 2.1000027656555176
848 0.014000000432133675 0.009444444440305233 1.4823529720306396 13.500018119812012
849 0.01250000111758709 0.009444444440305233 1.3235294818878174 9.100001335144043
850 0.014500000514090061 0.009999999776482582 1.4500000476837158 12.600014686584473
851 0.015500000678002834 0.009444444440305233 1.6411765813827515 10.700007438659668
852 0.017500001937150955 0.009444444440305233 1.8529413938522339 15.500025749206543
853 0.017500001937150955 0.009999999776482582 1.750000238418579 10.100005149841309
854 0.020000001415610313 0.010555555112659931 1.8947370052337646 9.400002479553223
855 0.017500001937150955 0.009444444440305233 1.8529413938522339 14.70002269744873
856 0.01600000075995922 0.010555555112659931 1.5157896280288696 13.400017738342285
857 0.013000000268220901 0.010555555112659931 1.231579065322876 8.399998664855957
858 0.01250000111758709 0.009999999776482582 1.2500001192092896 8.099997520446777
859 0.01850000023841858 0.009444444440305233 1.958823561668396 12.300013542175293
860 0.014000000432133675 0.009999999776482582 1.4000000953674316 9.100001335144043
861 0.013500000350177288 0.010555555112659931 1.2789474725723267 12.7000150680542
862 0.0195000022649765 0.010555555112659931 1.8473687171936035 11.80001163482666
863 0.014500000514090061 0.010555555112659931 1.373684287071228 8.099997520446777
864 0.017000000923871994 0.010555555112659931 1.610526442527771 11.100008964538574
865 0.03800000250339508 0.009444444440305233 4.023529529571533 26.50006675720215
866 0.014500000514090061 0.009444444440305233 1.5352941751480103 12.500014305114746
867 0.009999999776482582 0.009999999776482582 1.0 1.9000028371810913
868 0.014000000432133675 0.009999999776482582 1.4000000953674316 11.100008964538574
869 0.024500001221895218 0.009999999776482582 2.450000286102295 12.500014305114746
870 0.012000000104308128 0.010555555112659931 1.136842131614685 9.900004386901855
871 0.016499999910593033 0.009444444440305233 1.7470588684082031 8.90000057220459
872 0.015000000596046448 0.010555555112659931 1.4210526943206787 18.100034713745117
873 0.030500002205371857 0.010555555112659931 2.8894739151000977 15.800026893615723
874 0.0195000022649765 0.010555555112659931 1.8473687171936035 14.000020027160645
875 0.01850000023841858 0.009444444440305233 1.958823561668396 6.699998378753662
876 0.010999999940395355 0.010555555112659931 1.0421053171157837 12.300013542175293
877 0.025499999523162842 0.009444444440305233 2.700000047683716 21.700048446655273
878 0.030500000342726707 0.009444444440305233 3.2294118404388428 19.50004005432129
879 0.017500001937150955 0.009444444440305233 1.8529413938522339 18.400035858154297
880 0.0195000022649765 0.009999999776482582 1.950000286102295 16.30002784729004
881 0.01600000075995922 0.009444444440305233 1.694117784500122 10.500006675720215
882 0.01900000125169754 0.009999999776482582 1.9000002145767212 7.699997425079346
883 0.018000001087784767 0.009444444440305233 1.905882477760315 0.9000025987625122
884 0.024000000208616257 0.009999999776482582 2.4000000953674316 8.099997520446777
885 0.02250000089406967 0.010555555112659931 2.1315791606903076 15.90002727508545
886 0.02199999988079071 0.009999999776482582 2.200000047683716 8.59999942779541
887 0.015500000678002834 0.010555555112659931 1.468421220779419 11.600010871887207
888 0.010500000789761543 0.009444444440305233 1.1117647886276245 13.200016975402832
889 0.020500000566244125 0.009444444440305233 2.170588254928589 13.600018501281738
890 0.021000001579523087 0.009444444440305233 2.223529577255249 10.900008201599121
891 0.024500001221895218 0.009999999776482582 2.450000286102295 10.100005149841309
892 0.016499999910593033 0.009999999776482582 1.649999976158142 13.600018501281738
893 0.017500001937150955 0.009999999776482582 1.750000238418579 12.900015830993652
894 0.017000000923871994 0.009999999776482582 1.7000001668930054 10.700007438659668
895 0.017000000923871994 0.009999999776482582 1.7000001668930054 7.999997138977051
896 0.018000001087784767 0.009444444440305233 1.905882477760315 12.7000150680542
897 0.014500001445412636 0.009999999776482582 1.4500001668930054 2.800002098083496
898 0.012500000186264515 0.009444444440305233 1.3235294818878174 9.700003623962402
899 0.023500001057982445 0.009999999776482582 2.3500001430511475 8.499999046325684
900 0.021000001579523087 0.009444444440305233 2.223529577255249 18.90003776550293
901 0.02250000089406967 0.009444444440305233 2.3823530673980713 5.6999993324279785
902 0.015500000678002834 0.009444444440305233 1.6411765813827515 10.400006294250488
903 0.0195000022649765 0.009444444440305233 2.0647060871124268 9.100001335144043
904 0.01850000023841858 0.010555555112659931 1.752631664276123 10.600007057189941
905 0.017000000923871994 0.010555555112659931 1.610526442527771 13.100016593933105
906 0.017500001937150955 0.009999999776482582 1.750000238418579 14.70002269744873
907 0.016499999910593033 0.009444444440305233 1.7470588684082031 12.10001277923584
908 0.01900000125169754 0.009444444440305233 2.0117647647857666 7.799997329711914
909 0.01600000075995922 0.009999999776482582 1.6000001430511475 12.200013160705566
910 0.015000000596046448 0.009999999776482582 1.5000001192092896 10.000004768371582
911 0.017000000923871994 0.009999999776482582 1.7000001668930054 11.80001163482666
912 0.024500001221895218 0.009444444440305233 2.5941178798675537 9.50000286102295
913 0.012500000186264515 0.010555555112659931 1.1842105388641357 15.100024223327637
914 0.013500000350177288 0.010555555112659931 1.2789474725723267 11.300009727478027
915 0.01850000023841858 0.009999999776482582 1.850000023841858 15.200024604797363
916 0.02800000086426735 0.009999999776482582 2.8000001907348633 11.300009727478027
917 0.00950000062584877 0.009444444440305233 1.0058823823928833 8.800000190734863
918 0.01600000075995922 0.009999999776482582 1.6000001430511475 11.300009727478027
919 0.016499999910593033 0.009444444440305233 1.7470588684082031 9.400002479553223
920 0.015000000596046448 0.009444444440305233 1.5882353782653809 11.300009727478027
921 0.024500001221895218 0.010555555112659931 2.3210527896881104 9.700003623962402
922 0.020500000566244125 0.010555555112659931 1.9421054124832153 17.200031280517578
923 0.02250000089406967 0.009444444440305233 2.3823530673980713 10.700007438659668
924 0.017000000923871994 0.009999999776482582 1.7000001668930054 15.90002727508545
925 1.0 0.9633333086967468 1.038062334060669 -94.89912414550781
926 0.021000001579523087 0.009444444440305233 2.223529577255249 14.000020027160645
927 0.015000000596046448 0.010555555112659931 1.4210526943206787 6.299998760223389
928 0.024500001221895218 0.009444444440305233 2.5941178798675537 14.200020790100098
929 0.017500001937150955 0.009999999776482582 1.750000238418579 10.800007820129395
930 0.01900000125169754 0.009444444440305233 2.0117647647857666 10.200005531311035
931 0.016499999910593033 0.009999999776482582 1.649999976158142 7.399997711181641
932 0.017500001937150955 0.009999999776482582 1.750000238418579 11.100008964538574
933 0.020000001415610313 0.009444444440305233 2.117647171020508 13.200016975402832
934 0.024500001221895218 0.010555555112659931 2.3210527896881104 11.100008964538574
935 0.007500000298023224 0.009444444440305233 0.7941176891326904 9.50000286102295
936 0.019999999552965164 0.010555555112659931 1.894736886024475 9.000000953674316
937 0.03150000050663948 0.009444444440305233 3.335294246673584 13.600018501281738
938 0.014500000514090061 0.009444444440305233 1.5352941751480103 10.200005531311035
939 0.023000001907348633 0.009999999776482582 2.3000001907348633 6.19999885559082
940 0.01900000125169754 0.009444444440305233 2.0117647647857666 1.5000027418136597
941 0.016499999910593033 0.009444444440305233 1.7470588684082031 9.600003242492676
942 0.016499999910593033 0.009444444440305233 1.7470588684082031 11.80001163482666
943 0.01900000125169754 0.009444444440305233 2.0117647647857666 12.200013160705566
944 0.01600000075995922 0.010555555112659931 1.5157896280288696 9.50000286102295
945 0.01900000125169754 0.009444444440305233 2.0117647647857666 9.600003242492676
946 0.026000000536441803 0.009999999776482582 2.6000001430511475 14.300021171569824
947 0.008999999612569809 0.009999999776482582 0.8999999761581421 9.400002479553223
948 0.9855000376701355 0.29555556178092957 3.3343985080718994 -94.89912414550781
949 0.018000001087784767 0.010555555112659931 1.705263376235962 10.500006675720215
950 0.016499999910593033 0.010555555112659931 1.5631579160690308 9.100001335144043
951 0.01900000125169754 0.010555555112659931 1.8000001907348633 7.599997520446777
952 0.01250000111758709 0.009444444440305233 1.3235294818878174 7.899997234344482
953 0.020500000566244125 0.010555555112659931 1.9421054124832153 9.700003623962402
954 0.015500000678002834 0.009444444440305233 1.6411765813827515 12.800015449523926
955 0.013000000268220901 0.010555555112659931 1.231579065322876 9.700003623962402
956 0.011500000953674316 0.010555555112659931 1.089473843574524 5.6999993324279785
957 0.01900000125169754 0.010555555112659931 1.8000001907348633 7.199997901916504
958 0.01900000125169754 0.009999999776482582 1.9000002145767212 10.600007057189941
959 0.020500000566244125 0.009999999776482582 2.0500001907348633 5.999999046325684
960 0.013000000268220901 0.009444444440305233 1.3764705657958984 10.200005531311035
961 0.010000000707805157 0.009999999776482582 1.0000001192092896 7.699997425079346
962 0.0215000007301569 0.009444444440305233 2.27647066116333 18.400035858154297
963 0.023000001907348633 0.009999999776482582 2.3000001907348633 5.199999809265137
964 0.01850000023841858 0.009444444440305233 1.958823561668396 9.000000953674316
965 0.016499999910593033 0.009444444440305233 1.7470588684082031 7.699997425079346
966 1.0 0.9900000095367432 1.0101009607315063 -94.89912414550781
967 0.02250000089406967 0.010555555112659931 2.1315791606903076 6.399998664855957
968 0.01900000125169754 0.009444444440305233 2.0117647647857666 10.500006675720215
969 0.014500000514090061 0.010555555112659931 1.373684287071228 13.500018119812012
970 0.016499999910593033 0.009999999776482582 1.649999976158142 7.999997138977051
971 0.017000000923871994 0.009999999776482582 1.7000001668930054 8.699999809265137
972 0.015500000678002834 0.009444444440305233 1.6411765813827515 11.80001163482666
973 0.01900000125169754 0.009444444440305233 2.0117647647857666 18.400035858154297
974 0.01900000125169754 0.010555555112659931 1.8000001907348633 14.000020027160645
975 0.014500000514090061 0.009444444440305233 1.5352941751480103 13.300017356872559
976 0.020000001415610313 0.010555555112659931 1.8947370052337646 13.300017356872559
977 0.018000001087784767 0.009999999776482582 1.8000001907348633 8.59999942779541
978 0.025499999523162842 0.009999999776482582 2.549999952316284 8.499999046325684
979 0.01850000023841858 0.010555555112659931 1.752631664276123 8.90000057220459
980 0.01600000075995922 0.009444444440305233 1.694117784500122 10.900008201599121
981 0.01600000075995922 0.009999999776482582 1.6000001430511475 14.40002155303955
982 0.017500001937150955 0.009444444440305233 1.8529413938522339 16.500028610229492
983 0.024500001221895218 0.009444444440305233 2.5941178798675537 10.300005912780762
984 0.01250000111758709 0.009999999776482582 1.2500001192092896 13.600018501281738
985 0.020500000566244125 0.010555555112659931 1.9421054124832153 9.800004005432129
986 0.011500000953674316 0.009444444440305233 1.2176471948623657 9.900004386901855
987 0.017000000923871994 0.009999999776482582 1.7000001668930054 12.000012397766113
988 0.020000001415610313 0.009444444440305233 2.117647171020508 8.499999046325684
989 0.014000000432133675 0.009444444440305233 1.4823529720306396 9.20000171661377
990 0.021000001579523087 0.009444444440305233 2.223529577255249 9.400002479553223
991 0.0195000022649765 0.009444444440305233 2.0647060871124268 12.10001277923584
992 0.011500000953674316 0.009444444440305233 1.2176471948623657 14.70002269744873
993 0.018000001087784767 0.009444444440305233 1.905882477760315 7.0999979972839355
994 0.012000000104308128 0.009999999776482582 1.2000000476837158 13.000016212463379
995 0.01850000023841858 0.009444444440305233 1.958823561668396 9.300002098083496
996 0.02250000089406967 0.010555555112659931 2.1315791606903076 8.099997520446777
997 0.018000001087784767 0.009999999776482582 1.8000001907348633 14.600022315979004
998 0.015500000678002834 0.009444444440305233 1.6411765813827515 19.20003890991211
999 0.03450000286102295 0.009444444440305233 3.6529414653778076 17.10003089904785
1000 0.01850000023841858 0.009999999776482582 1.850000023841858 8.90000057220459
