1 0.015500000678002834 0.009444444440305233 1.6411765813827515 87.6992416381836 0.0
2 0.0020000000949949026 0.0011111111380159855 1.8000000715255737 105.0989761352539 0.0
3 0.015500001609325409 0.009444444440305233 1.641176700592041 60.29965591430664 0.0
4 0.01250000111758709 0.009999999776482582 1.2500001192092896 71.99948120117188 0.0
5 0.010500000789761543 0.009444444440305233 1.1117647886276245 74.59944152832031 0.0
6 0.010500000789761543 0.009444444440305233 1.1117647886276245 70.89949798583984 0.0
7 0.013000000268220901 0.010555555112659931 1.231579065322876 66.39956665039062 0.0
8 0.011500000953674316 0.009444444440305233 1.2176471948623657 65.69957733154297 0.0
9 0.014000000432133675 0.009444444440305233 1.4823529720306396 69.59951782226562 0.0
10 0.00950000062584877 0.009999999776482582 0.9500001072883606 71.4994888305664 0.0
11 0.014000000432133675 0.010555555112659931 1.3263158798217773 84.2992935180664 0.0
12 0.010500000789761543 0.009999999776482582 1.0500000715255737 91.89917755126953 0.0
13 0.01600000075995922 0.010555555112659931 1.5157896280288696 53.29976272583008 0.0
14 0.009000000543892384 0.010555555112659931 0.852631688117981 101.19903564453125 0.0
15 0.011500000953674316 0.009999999776482582 1.1500000953674316 65.39958190917969 0.004492215346544981
16 0.006000000052154064 0.010555555112659931 0.5684210658073425 57.499698638916016 0.0
17 0.013000000268220901 0.009999999776482582 1.3000000715255737 57.39970016479492 0.0
18 0.009000000543892384 0.009999999776482582 0.9000000953674316 82.8993148803711 0.0
19 0.00950000062584877 0.010555555112659931 0.9000000953674316 15.100024223327637 0.0
20 0.009999999776482582 0.009999999776482582 1.0 81.1993408203125 0.0
21 0.018000001087784767 0.010555555112659931 1.705263376235962 18.800037384033203 0.0
22 0.009000000543892384 0.009999999776482582 0.9000000953674316 58.39968490600586 0.0
23 0.015500001609325409 0.010555555112659931 1.468421220779419 83.19931030273438 0.0
24 0.006500000134110451 0.0027777778450399637 2.3399999141693115 105.0989761352539 0.0
25 0.008999999612569809 0.009444444440305233 0.9529411196708679 61.79963302612305 0.0
26 0.010999999940395355 0.009999999776482582 1.100000023841858 74.29944610595703 0.0
27 0.012500000186264515 0.009444444440305233 1.3235294818878174 43.899906158447266 0.0
28 0.003000000026077032 0.002222222276031971 1.350000023841858 105.0989761352539 0.0
29 0.00950000062584877 0.009444444440305233 1.0058823823928833 84.19929504394531 0.006574536208063364
30 0.01900000125169754 0.009444444440305233 2.0117647647857666 48.89982986450195 0.0028788044583052397
31 0.013500000350177288 0.009999999776482582 1.350000023841858 81.89933013916016 0.0
32 0.013000000268220901 0.009444444440305233 1.3764705657958984 50.19981002807617 0.0033450047485530376
33 0.013000000268220901 0.009444444440305233 1.3764705657958984 77.8993911743164 0.0
34 0.008500000461935997 0.009999999776482582 0.8500000834465027 71.5994873046875 0.0
35 0.013000000268220901 0.009444444440305233 1.3764705657958984 89.89920806884766 0.0
36 0.01250000111758709 0.009999999776482582 1.2500001192092896 81.99932861328125 0.0
37 0.00950000062584877 0.009444444440305233 1.0058823823928833 76.09941864013672 0.0
38 0.015000000596046448 0.010555555112659931 1.4210526943206787 63.99959945678711 0.0
39 0.011500000953674316 0.009444444440305233 1.2176471948623657 75.49942779541016 0.0
40 0.00800000037997961 0.010555555112659931 0.7578948140144348 69.59951782226562 0.005977829452604055
41 0.011500000953674316 0.010555555112659931 1.089473843574524 43.79990768432617 0.0035083359107375145
42 0.009999999776482582 0.009444444440305233 1.0588234663009644 53.59975814819336 0.0
43 0.011500000953674316 0.009999999776482582 1.1500000953674316 68.99952697753906 0.0
44 0.014500000514090061 0.009999999776482582 1.4500000476837158 61.29964065551758 0.0
45 0.01250000111758709 0.009444444440305233 1.3235294818878174 29.10007667541504 0.0
46 0.014500000514090061 0.009444444440305233 1.5352941751480103 73.99945068359375 0.0
47 0.01250000111758709 0.009999999776482582 1.2500001192092896 44.19990158081055 0.003214251482859254
48 0.009000000543892384 0.009444444440305233 0.9529412388801575 104.19898986816406 0.0
49 0.010999999940395355 0.009999999776482582 1.100000023841858 57.7996940612793 0.004309906158596277
50 0.00950000062584877 0.010555555112659931 0.9000000953674316 88.49922943115234 0.0
51 0.00950000062584877 0.009444444440305233 1.0058823823928833 77.8993911743164 0.0
52 0.009000000543892384 0.009444444440305233 0.9529412388801575 76.19941711425781 0.0
53 0.013500001281499863 0.009444444440305233 1.4294118881225586 85.8992691040039 0.0
54 0.013000000268220901 0.009444444440305233 1.3764705657958984 69.29952239990234 0.0
55 0.014500000514090061 0.009444444440305233 1.5352941751480103 88.19923400878906 0.0
56 0.00950000062584877 0.010555555112659931 0.9000000953674316 80.79934692382812 0.0
57 0.0030000002589076757 0.0033333334140479565 0.9000000357627869 105.0989761352539 0.0
58 0.013500000350177288 0.010555555112659931 1.2789474725723267 62.299625396728516 0.004280668683350086
59 0.017500001937150955 0.010555555112659931 1.6578949689865112 73.49945831298828 0.0
60 0.009999999776482582 0.009444444440305233 1.0588234663009644 46.09987258911133 0.0
61 0.006000000052154064 0.009999999776482582 0.6000000238418579 71.99948120117188 0.0
62 0.010000000707805157 0.009444444440305233 1.058823585510254 74.19944763183594 0.0
63 1.0 0.6661111116409302 1.501250982284546 -94.89912414550781 1.7854295947472565e-05
64 0.009999999776482582 0.010555555112659931 0.9473684430122375 35.20003890991211 0.0
65 0.013500000350177288 0.009444444440305233 1.429411768913269 90.09920501708984 0.00525754876434803
66 0.011500000953674316 0.010555555112659931 1.089473843574524 32.90007400512695 0.0
67 0.015000000596046448 0.009999999776482582 1.5000001192092896 84.09929656982422 0.0
68 0.009999999776482582 0.010555555112659931 0.9473684430122375 86.0992660522461 0.0
69 0.011500000953674316 0.009999999776482582 1.1500000953674316 88.19923400878906 0.0
70 0.01250000111758709 0.009999999776482582 1.2500001192092896 83.49930572509766 0.0063939341343939304
71 0.007500000298023224 0.009444444440305233 0.7941176891326904 76.4994125366211 0.0
72 0.006500000134110451 0.003888888983055949 1.6714285612106323 105.0989761352539 0.0
73 0.00950000062584877 0.009999999776482582 0.9500001072883606 84.4992904663086 0.0
74 0.012000000104308128 0.009999999776482582 1.2000000476837158 37.40000534057617 0.0
75 0.01100000087171793 0.009999999776482582 1.1000001430511475 61.29964065551758 0.00507526658475399
76 0.01250000111758709 0.009444444440305233 1.3235294818878174 97.39909362792969 0.0
77 0.007500000298023224 0.009444444440305233 0.7941176891326904 60.8996467590332 0.0
78 0.012000000104308128 0.009999999776482582 1.2000000476837158 62.299625396728516 0.0
79 0.014500000514090061 0.010555555112659931 1.373684287071228 24.300058364868164 0.0
80 0.015000000596046448 0.009444444440305233 1.5882353782653809 59.19967269897461 0.0
81 0.013500001281499863 0.009444444440305233 1.4294118881225586 43.69990921020508 0.0
82 0.007500000298023224 0.010555555112659931 0.7105263471603394 76.99940490722656 0.0
83 0.008500000461935997 0.009999999776482582 0.8500000834465027 90.59919738769531 0.0
84 0.012000000104308128 0.010555555112659931 1.136842131614685 77.69939422607422 0.0
85 0.009999999776482582 0.009999999776482582 1.0 102.19902038574219 0.0
86 0.00800000037997961 0.009999999776482582 0.8000000715255737 82.99931335449219 0.0
87 0.009000000543892384 0.009444444440305233 0.9529412388801575 68.59953308105469 0.0
88 0.010500000789761543 0.009444444440305233 1.1117647886276245 48.89982986450195 0.0
89 0.014500000514090061 0.010555555112659931 1.373684287071228 92.59916687011719 0.0
90 0.013500001281499863 0.009999999776482582 1.3500001430511475 48.79983139038086 0.0
91 0.010999999940395355 0.009444444440305233 1.1647058725357056 63.39960861206055 0.0
92 0.009999999776482582 0.010555555112659931 0.9473684430122375 83.19931030273438 0.0
93 0.014500000514090061 0.009999999776482582 1.4500000476837158 25.90006446838379 0.0
94 0.013500001281499863 0.009444444440305233 1.4294118881225586 39.599971771240234 0.0
95 0.013500000350177288 0.009999999776482582 1.350000023841858 50.299808502197266 0.0042195566929876804
96 0.01250000111758709 0.009999999776482582 1.2500001192092896 38.39999008178711 0.0
97 0.015000000596046448 0.009999999776482582 1.5000001192092896 35.3000373840332 0.0
98 0.010500000789761543 0.009999999776482582 1.0500000715255737 51.49979019165039 0.0
99 0.011500000953674316 0.009999999776482582 1.1500000953674316 64.99958801269531 0.004514898173511028
100 0.00950000062584877 0.009444444440305233 1.0058823823928833 80.59934997558594 0.0
101 0.015500000678002834 0.010555555112659931 1.468421220779419 61.09964370727539 0.0
102 0.009000000543892384 0.009444444440305233 0.9529412388801575 105.0989761352539 0.0
103 0.010000000707805157 0.009444444440305233 1.058823585510254 95.89911651611328 0.0
104 0.010999999940395355 0.009444444440305233 1.1647058725357056 100.2990493774414 0.0
105 0.010500000789761543 0.009999999776482582 1.0500000715255737 55.599727630615234 0.0
106 0.00950000062584877 0.009999999776482582 0.9500001072883606 56.49971389770508 0.0
107 0.010500000789761543 0.009444444440305233 1.1117647886276245 84.79928588867188 0.0
108 0.00800000037997961 0.009444444440305233 0.847058892250061 30.80008316040039 0.0
109 0.009999999776482582 0.009999999776482582 1.0 65.59957885742188 0.0
110 0.009000000543892384 0.009444444440305233 0.9529412388801575 89.19921875 0.0
111 0.00800000037997961 0.009444444440305233 0.847058892250061 89.59921264648438 0.0
112 0.014500000514090061 0.009444444440305233 1.5352941751480103 48.79983139038086 0.0
113 0.010500000789761543 0.009999999776482582 1.0500000715255737 71.19949340820312 0.0053179701790213585
114 0.013000000268220901 0.009999999776482582 1.3000000715255737 63.69960403442383 0.0
115 0.009999999776482582 0.010555555112659931 0.9473684430122375 57.09970474243164 0.0
116 0.00950000062584877 0.009444444440305233 1.0058823823928833 13.400017738342285 0.0
117 0.013500001281499863 0.009999999776482582 1.3500001430511475 55.69972610473633 0.0
118 0.011500000953674316 0.009999999776482582 1.1500000953674316 88.39923095703125 0.0
119 0.014000000432133675 0.009999999776482582 1.4000000953674316 38.89998245239258 0.0
120 0.010500000789761543 0.009444444440305233 1.1117647886276245 24.300058364868164 0.0
121 0.010500000789761543 0.009444444440305233 1.1117647886276245 94.89913177490234 0.0
122 0.015500000678002834 0.009444444440305233 1.6411765813827515 39.79996871948242 0.0
123 0.014500001445412636 0.009444444440305233 1.5352942943572998 55.79972457885742 0.0
124 0.013500001281499863 0.009444444440305233 1.4294118881225586 100.4990463256836 0.0
125 0.010999999940395355 0.010555555112659931 1.0421053171157837 32.1000862121582 0.0
126 0.013000000268220901 0.009444444440305233 1.3764705657958984 53.39976119995117 0.0
127 0.00950000062584877 0.010555555112659931 0.9000000953674316 33.500064849853516 0.0
128 0.00950000062584877 0.0033333334140479565 2.8500001430511475 105.0989761352539 0.0
129 0.014500000514090061 0.009444444440305233 1.5352941751480103 101.39903259277344 0.006002391222864389
130 0.007500000298023224 0.0027777778450399637 2.700000047683716 105.0989761352539 0.0
131 0.009999999776482582 0.009999999776482582 1.0 79.19937133789062 0.0
132 0.007000000216066837 0.009999999776482582 0.7000000476837158 89.2992172241211 0.0
133 0.010500000789761543 0.009444444440305233 1.1117647886276245 88.19923400878906 0.0
134 0.017500001937150955 0.010555555112659931 1.6578949689865112 68.19953918457031 0.0
135 0.006500000134110451 0.009444444440305233 0.6882352828979492 104.59898376464844 0.0
136 0.014000000432133675 0.010555555112659931 1.3263158798217773 75.59942626953125 0.0
137 0.014500000514090061 0.009999999776482582 1.4500000476837158 72.09947967529297 0.0037718249950557947
138 0.009999999776482582 0.010555555112659931 0.9473684430122375 55.79972457885742 0.0
139 0.013000000268220901 0.010555555112659931 1.231579065322876 104.79898071289062 0.0
140 0.01600000075995922 0.009999999776482582 1.6000001430511475 38.89998245239258 0.00455933902412653
141 0.00950000062584877 0.009999999776482582 0.9500001072883606 73.0994644165039 0.0
142 0.011500000953674316 0.010555555112659931 1.089473843574524 84.59928894042969 0.0
143 0.012000000104308128 0.009999999776482582 1.2000000476837158 62.39962387084961 0.0
144 0.014500000514090061 0.009999999776482582 1.4500000476837158 63.49960708618164 0.0
145 0.016499999910593033 0.009444444440305233 1.7470588684082031 66.6995620727539 0.0
146 0.007500000298023224 0.010555555112659931 0.7105263471603394 48.699832916259766 0.004496783949434757
147 0.00950000062584877 0.0016666667070239782 5.700000286102295 105.0989761352539 0.0
148 0.012500000186264515 0.009999999776482582 1.25 102.59901428222656 0.0
149 0.012000000104308128 0.009444444440305233 1.2705882787704468 96.09911346435547 0.0
150 0.010999999940395355 0.009444444440305233 1.1647058725357056 34.800045013427734 0.0
151 0.01900000125169754 0.009999999776482582 1.9000002145767212 65.2995834350586 0.0
152 0.015500000678002834 0.010555555112659931 1.468421220779419 17.500032424926758 0.0
153 0.010500000789761543 0.009999999776482582 1.0500000715255737 75.59942626953125 0.0
154 0.014500001445412636 0.009999999776482582 1.4500001668930054 85.19927978515625 0.0
155 0.014500001445412636 0.009444444440305233 1.5352942943572998 56.0997200012207 0.0
156 0.011500000953674316 0.007777777966111898 1.4785715341567993 105.0989761352539 0.0
157 0.013000000268220901 0.010555555112659931 1.231579065322876 78.19938659667969 0.0
158 0.010500000789761543 0.009999999776482582 1.0500000715255737 78.89937591552734 0.004183311481028795
159 0.014500001445412636 0.009444444440305233 1.5352942943572998 30.000080108642578 0.003937533125281334
160 0.012500000186264515 0.009999999776482582 1.25 51.99978256225586 0.0
161 0.004999999888241291 0.009444444440305233 0.5294117331504822 39.899967193603516 0.0
162 0.004999999888241291 0.0005555555690079927 9.0 105.0989761352539 0.0
163 0.0020000000949949026 0.0016666667070239782 1.2000000476837158 105.0989761352539 0.0
164 0.013500000350177288 0.009444444440305233 1.429411768913269 102.89900970458984 0.0
165 0.013500000350177288 0.010555555112659931 1.2789474725723267 72.59947204589844 0.0
166 0.012000000104308128 0.009999999776482582 1.2000000476837158 97.1990966796875 0.0
167 0.016499999910593033 0.009444444440305233 1.7470588684082031 73.39945983886719 0.0
168 0.015000000596046448 0.009444444440305233 1.5882353782653809 40.1999626159668 0.0
169 0.010500000789761543 0.009444444440305233 1.1117647886276245 54.89973831176758 0.00322839361615479
170 0.010500000789761543 0.009444444440305233 1.1117647886276245 76.19941711425781 0.0
171 0.010500000789761543 0.009444444440305233 1.1117647886276245 80.89934539794922 0.0
172 0.015500000678002834 0.009999999776482582 1.5500000715255737 49.199825286865234 0.0
173 0.010500000789761543 0.009444444440305233 1.1117647886276245 64.89958953857422 0.0
174 0.008500000461935997 0.009444444440305233 0.9000000357627869 56.399715423583984 0.0
175 0.010500000789761543 0.009999999776482582 1.0500000715255737 69.79951477050781 0.0
176 0.014000000432133675 0.009444444440305233 1.4823529720306396 23.100053787231445 0.0
177 0.013500001281499863 0.009444444440305233 1.4294118881225586 48.59983444213867 0.004401613958179951
178 0.00950000062584877 0.009444444440305233 1.0058823823928833 60.49965286254883 0.0
179 0.010500000789761543 0.009444444440305233 1.1117647886276245 74.09944915771484 0.0
180 0.015000000596046448 0.010555555112659931 1.4210526943206787 69.29952239990234 0.0
181 0.01100000087171793 0.009999999776482582 1.1000001430511475 70.69950103759766 0.0
182 0.010500000789761543 0.010555555112659931 0.9947369694709778 85.69927215576172 0.0
183 0.009000000543892384 0.009999999776482582 0.9000000953674316 77.8993911743164 0.0
184 0.01250000111758709 0.010555555112659931 1.1842106580734253 104.29898834228516 0.0
185 0.013000000268220901 0.009444444440305233 1.3764705657958984 48.1998405456543 0.003278061980381608
186 0.011500000953674316 0.009444444440305233 1.2176471948623657 48.399837493896484 0.004740578588098288
187 0.013500001281499863 0.009999999776482582 1.3500001430511475 68.2995376586914 0.0
188 0.014500001445412636 0.009999999776482582 1.4500001668930054 80.89934539794922 0.0
189 0.00800000037997961 0.009999999776482582 0.8000000715255737 94.19914245605469 0.0
190 0.006000000052154064 0.009999999776482582 0.6000000238418579 46.39986801147461 0.0
191 0.014000000432133675 0.009999999776482582 1.4000000953674316 61.999629974365234 0.005002484656870365
192 0.009000000543892384 0.009444444440305233 0.9529412388801575 49.7998161315918 0.003190203569829464
193 0.013000000268220901 0.009444444440305233 1.3764705657958984 92.89916229248047 0.0
194 0.013000000268220901 0.009999999776482582 1.3000000715255737 37.500003814697266 0.0
195 0.007500000298023224 0.009999999776482582 0.7500000596046448 83.39930725097656 0.0
196 0.011500000953674316 0.010555555112659931 1.089473843574524 19.20003890991211 0.0
197 0.013000000268220901 0.009444444440305233 1.3764705657958984 63.49960708618164 0.0
198 0.007500000298023224 0.009444444440305233 0.7941176891326904 74.7994384765625 0.0
199 0.010999999940395355 0.009444444440305233 1.1647058725357056 75.99942016601562 0.0
200 0.016499999910593033 0.009999999776482582 1.649999976158142 14.800023078918457 0.0
201 0.014500000514090061 0.009999999776482582 1.4500000476837158 56.699710845947266 0.0
202 0.007000000216066837 0.0016666667070239782 4.199999809265137 105.0989761352539 0.0
203 0.012500000186264515 0.009999999776482582 1.25 60.699649810791016 0.004797928500920534
204 0.012000000104308128 0.009444444440305233 1.2705882787704468 57.499698638916016 0.004715571179986
205 0.015500000678002834 0.009999999776482582 1.5500000715255737 59.899662017822266 0.0
206 0.01250000111758709 0.009999999776482582 1.2500001192092896 75.99942016601562 0.0
207 0.013000000268220901 0.009999999776482582 1.3000000715255737 52.09978103637695 0.0
208 0.011500000953674316 0.009444444440305233 1.2176471948623657 68.09954071044922 0.0
209 0.014500000514090061 0.009444444440305233 1.5352941751480103 56.29971694946289 0.0
210 0.009999999776482582 0.009999999776482582 1.0 31.000083923339844 0.0
211 0.01100000087171793 0.009444444440305233 1.1647059917449951 89.69921112060547 0.0
212 0.008500000461935997 0.009999999776482582 0.8500000834465027 46.39986801147461 0.0
213 0.009999999776482582 0.009444444440305233 1.0588234663009644 98.6990737915039 0.0
214 0.013000000268220901 0.009444444440305233 1.3764705657958984 73.59945678710938 0.0
215 0.012000000104308128 0.009444444440305233 1.2705882787704468 44.49989700317383 0.0
216 0.008500000461935997 0.010555555112659931 0.8052632212638855 72.59947204589844 0.0
217 0.007500000298023224 0.009444444440305233 0.7941176891326904 93.9991455078125 0.0
218 0.01600000075995922 0.009444444440305233 1.694117784500122 31.000083923339844 0.0
219 0.010999999940395355 0.009444444440305233 1.1647058725357056 99.29906463623047 0.0
220 0.00800000037997961 0.009444444440305233 0.847058892250061 91.19918823242188 0.0
221 0.009999999776482582 0.009444444440305233 1.0588234663009644 56.89970779418945 0.0
222 0.015000000596046448 0.009444444440305233 1.5882353782653809 51.3997917175293 0.0
223 0.009999999776482582 0.009444444440305233 1.0588234663009644 81.39933776855469 0.0
224 0.010500000789761543 0.009444444440305233 1.1117647886276245 66.19956970214844 0.0
225 0.017500001937150955 0.009999999776482582 1.750000238418579 47.099857330322266 0.003493000054731965
226 0.00950000062584877 0.010555555112659931 0.9000000953674316 39.99996566772461 0.0
227 0.014000000432133675 0.009444444440305233 1.4823529720306396 79.89936065673828 0.0
228 0.006500000134110451 0.009999999776482582 0.6500000357627869 53.999752044677734 0.004777060821652412
229 0.014000000432133675 0.010555555112659931 1.3263158798217773 60.19965744018555 0.0
230 0.007500000298023224 0.009444444440305233 0.7941176891326904 60.8996467590332 0.0
231 0.00950000062584877 0.009999999776482582 0.9500001072883606 56.29971694946289 0.0
232 0.007500000298023224 0.009444444440305233 0.7941176891326904 56.0997200012207 0.0
233 0.010500000789761543 0.009444444440305233 1.1117647886276245 33.10007095336914 0.0
234 0.007500000298023224 0.009444444440305233 0.7941176891326904 74.59944152832031 0.0
235 0.00950000062584877 0.009444444440305233 1.0058823823928833 58.89967727661133 0.0
236 0.010500000789761543 0.009444444440305233 1.1117647886276245 54.89973831176758 0.0
237 0.006500000134110451 0.0061111110262572765 1.0636364221572876 105.0989761352539 0.0
238 0.010000000707805157 0.009999999776482582 1.0000001192092896 94.69913482666016 0.0
239 0.00950000062584877 0.010555555112659931 0.9000000953674316 90.29920196533203 0.0
240 0.015000000596046448 0.009444444440305233 1.5882353782653809 72.39947509765625 0.0
241 0.012000000104308128 0.009999999776482582 1.2000000476837158 68.4995346069336 0.0
242 0.01600000075995922 0.009999999776482582 1.6000001430511475 36.700016021728516 0.0
243 0.016499999910593033 0.009444444440305233 1.7470588684082031 65.0995864868164 0.0
244 0.014000000432133675 0.009999999776482582 1.4000000953674316 36.50001907348633 0.0
245 0.012000000104308128 0.009444444440305233 1.2705882787704468 50.59980392456055 0.0
246 0.010999999940395355 0.009444444440305233 1.1647058725357056 29.800079345703125 0.0
247 0.0044999998062849045 0.009444444440305233 0.47647055983543396 80.79934692382812 0.005642026662826538
248 1.0 0.8144444227218628 1.2278308868408203 -94.89912414550781 1.7857144484878518e-05
249 0.008500000461935997 0.009999999776482582 0.8500000834465027 72.49947357177734 0.0
250 0.015000000596046448 0.009444444440305233 1.5882353782653809 56.699710845947266 0.0
251 0.013000000268220901 0.009999999776482582 1.3000000715255737 50.799800872802734 0.0
252 0.013000000268220901 0.009444444440305233 1.3764705657958984 45.39988327026367 0.0035593530628830194
253 0.009000000543892384 0.010555555112659931 0.852631688117981 70.69950103759766 0.0
254 0.014500001445412636 0.009444444440305233 1.5352942943572998 96.99909973144531 0.0
255 0.01250000111758709 0.010555555112659931 1.1842106580734253 79.89936065673828 0.0
256 0.009999999776482582 0.010555555112659931 0.9473684430122375 51.19979476928711 0.0
257 0.00950000062584877 0.009444444440305233 1.0058823823928833 50.09981155395508 0.0
258 0.014500000514090061 0.010555555112659931 1.373684287071228 41.39994430541992 0.0
259 0.013000000268220901 0.010555555112659931 1.231579065322876 68.99952697753906 0.0
260 0.014000000432133675 0.010555555112659931 1.3263158798217773 50.19981002807617 0.0
261 0.007500000298023224 0.009444444440305233 0.7941176891326904 104.19898986816406 0.0
262 0.015500000678002834 0.009444444440305233 1.6411765813827515 69.59951782226562 0.0
263 0.010500000789761543 0.009444444440305233 1.1117647886276245 84.59928894042969 0.0
264 0.009999999776482582 0.009444444440305233 1.0588234663009644 86.99925231933594 0.0
265 0.00950000062584877 0.010555555112659931 0.9000000953674316 40.29996109008789 0.0
266 0.007000000216066837 0.010555555112659931 0.6631579399108887 67.79954528808594 0.004081481136381626
267 0.014000000432133675 0.009444444440305233 1.4823529720306396 52.8997688293457 0.003663421841338277
268 0.009999999776482582 0.009999999776482582 1.0 71.19949340820312 0.004962914623320103
269 0.00800000037997961 0.009999999776482582 0.8000000715255737 44.29990005493164 0.0
270 0.012000000104308128 0.009444444440305233 1.2705882787704468 57.199703216552734 0.0
271 0.01250000111758709 0.009444444440305233 1.3235294818878174 71.89948272705078 0.0
272 0.006000000052154064 0.009444444440305233 0.6352941393852234 87.39924621582031 0.0
273 0.014000000432133675 0.009444444440305233 1.4823529720306396 75.59942626953125 0.0
274 0.013500000350177288 0.009999999776482582 1.350000023841858 28.50007438659668 0.0
275 0.015500000678002834 0.009999999776482582 1.5500000715255737 64.09960174560547 0.0
276 0.013500001281499863 0.010555555112659931 1.2789475917816162 78.29938507080078 0.0
277 0.014000000432133675 0.010555555112659931 1.3263158798217773 73.89945220947266 0.005619995296001434
278 0.011500000953674316 0.009444444440305233 1.2176471948623657 81.2993392944336 0.0
279 0.017000000923871994 0.009444444440305233 1.8000000715255737 58.39968490600586 0.00409414479508996
280 0.013500000350177288 0.009999999776482582 1.350000023841858 71.6994857788086 0.0
281 0.012000000104308128 0.009444444440305233 1.2705882787704468 83.79930114746094 0.0
282 0.014000000432133675 0.009444444440305233 1.4823529720306396 63.69960403442383 0.0
283 0.01850000023841858 0.009444444440305233 1.958823561668396 42.19993209838867 0.0
284 0.00950000062584877 0.009444444440305233 1.0058823823928833 96.49910736083984 0.0
285 0.012000000104308128 0.009999999776482582 1.2000000476837158 74.7994384765625 0.0
286 0.0035000001080334187 0.0011111111380159855 3.1500000953674316 105.0989761352539 0.0
287 0.012000000104308128 0.009444444440305233 1.2705882787704468 46.5998649597168 0.004744318779557943
288 0.012500000186264515 0.010555555112659931 1.1842105388641357 68.09954071044922 0.005037693772464991
289 0.015500000678002834 0.009999999776482582 1.5500000715255737 55.49972915649414 0.004151754081249237
290 0.01250000111758709 0.009444444440305233 1.3235294818878174 42.69992446899414 0.0
291 0.011500000953674316 0.010555555112659931 1.089473843574524 47.19985580444336 0.0
292 0.010500000789761543 0.009444444440305233 1.1117647886276245 59.3996696472168 0.005425189156085253
293 0.013500000350177288 0.009444444440305233 1.429411768913269 25.90006446838379 0.0
294 0.015000000596046448 0.009444444440305233 1.5882353782653809 91.89917755126953 0.0
295 0.00950000062584877 0.010555555112659931 0.9000000953674316 89.49921417236328 0.0
296 0.008500000461935997 0.009444444440305233 0.9000000357627869 83.59930419921875 0.005812975578010082
297 0.014500001445412636 0.009999999776482582 1.4500001668930054 102.89900970458984 0.0
298 0.013000000268220901 0.009999999776482582 1.3000000715255737 73.89945220947266 0.0065835933201014996
299 0.008500000461935997 0.010555555112659931 0.8052632212638855 79.79936218261719 0.00553893344476819
300 0.013000000268220901 0.010555555112659931 1.231579065322876 88.39923095703125 0.0
301 0.012000000104308128 0.010555555112659931 1.136842131614685 46.299869537353516 0.0
302 0.013500001281499863 0.009444444440305233 1.4294118881225586 70.29950714111328 0.0
303 0.016499999910593033 0.009444444440305233 1.7470588684082031 57.6996955871582 0.0031377985142171383
304 0.013000000268220901 0.009444444440305233 1.3764705657958984 49.89981460571289 0.0
305 0.011500000953674316 0.009444444440305233 1.2176471948623657 86.29926300048828 0.0
306 0.011500000953674316 0.010555555112659931 1.089473843574524 69.69951629638672 0.0
307 0.012000000104308128 0.009999999776482582 1.2000000476837158 99.29906463623047 0.0
308 0.01600000075995922 0.009999999776482582 1.6000001430511475 62.99961471557617 0.0
309 0.00950000062584877 0.009444444440305233 1.0058823823928833 61.69963455200195 0.0
310 0.013500001281499863 0.009444444440305233 1.4294118881225586 73.59945678710938 0.0
311 0.010999999940395355 0.009444444440305233 1.1647058725357056 54.19974899291992 0.0
312 0.011500000953674316 0.009444444440305233 1.2176471948623657 67.09955596923828 0.0
313 0.015500000678002834 0.009444444440305233 1.6411765813827515 80.39935302734375 0.0
314 0.010000000707805157 0.009999999776482582 1.0000001192092896 44.19990158081055 0.0
315 0.012000000104308128 0.010555555112659931 1.136842131614685 57.7996940612793 0.0
316 0.010999999940395355 0.009444444440305233 1.1647058725357056 79.39936828613281 0.0
317 0.012000000104308128 0.009999999776482582 1.2000000476837158 60.699649810791016 0.0
318 0.017000000923871994 0.009444444440305233 1.8000000715255737 57.89969253540039 0.0
319 0.010500000789761543 0.010555555112659931 0.9947369694709778 58.49968338012695 0.0
320 0.010000000707805157 0.009999999776482582 1.0000001192092896 63.19961166381836 0.0
321 0.9900000095367432 0.632777750492096 1.564530372619629 -94.89912414550781 1.7857144484878518e-05
322 1.0 0.6972222328186035 1.4342628717422485 -94.89912414550781 1.7857144484878518e-05
323 0.013000000268220901 0.009999999776482582 1.3000000715255737 66.8995590209961 0.0
324 0.00800000037997961 0.009999999776482582 0.8000000715255737 76.09941864013672 0.0
325 0.015000000596046448 0.009444444440305233 1.5882353782653809 27.700071334838867 0.0
326 0.005000000353902578 0.009999999776482582 0.5000000596046448 49.499820709228516 0.0
327 0.01250000111758709 0.009999999776482582 1.2500001192092896 57.999691009521484 0.0
328 0.007000000216066837 0.0016666667070239782 4.199999809265137 105.0989761352539 0.0
329 0.011500000953674316 0.009999999776482582 1.1500000953674316 64.29959869384766 0.0
330 0.014500000514090061 0.009444444440305233 1.5352941751480103 73.2994613647461 0.0
331 0.009999999776482582 0.009444444440305233 1.0588234663009644 70.79949951171875 0.0047784107737243176
332 0.012500000186264515 0.009999999776482582 1.25 97.89908599853516 0.0
333 0.014500001445412636 0.009444444440305233 1.5352942943572998 77.9993896484375 0.0
334 0.014500000514090061 0.009444444440305233 1.5352941751480103 37.30000686645508 0.0
335 0.005499999970197678 0.009444444440305233 0.5823529362678528 68.69953155517578 0.0
336 0.00950000062584877 0.009999999776482582 0.9500001072883606 44.699893951416016 0.0
337 0.010500000789761543 0.009444444440305233 1.1117647886276245 37.200008392333984 0.0
338 0.010000000707805157 0.009444444440305233 1.058823585510254 37.999996185302734 0.0
339 0.00800000037997961 0.010555555112659931 0.7578948140144348 80.09935760498047 0.0
340 0.009999999776482582 0.009444444440305233 1.0588234663009644 46.09987258911133 0.0
341 0.015000000596046448 0.010555555112659931 1.4210526943206787 25.800064086914062 0.0
342 0.011500000953674316 0.010555555112659931 1.089473843574524 36.20002365112305 0.0
343 0.010000000707805157 0.009999999776482582 1.0000001192092896 70.19950866699219 0.0
344 0.015000000596046448 0.009444444440305233 1.5882353782653809 68.2995376586914 0.0
345 0.01250000111758709 0.009444444440305233 1.3235294818878174 79.4993667602539 0.0
346 0.011500000953674316 0.009444444440305233 1.2176471948623657 69.59951782226562 0.0
347 0.010500000789761543 0.009999999776482582 1.0500000715255737 70.89949798583984 0.0
348 0.010000000707805157 0.010555555112659931 0.9473685026168823 79.599365234375 0.0
349 0.013500001281499863 0.009444444440305233 1.4294118881225586 62.39962387084961 0.0
350 0.014000000432133675 0.009999999776482582 1.4000000953674316 49.7998161315918 0.0
351 0.011500000953674316 0.009444444440305233 1.2176471948623657 58.49968338012695 0.0034060089383274317
352 0.007500000298023224 0.002222222276031971 3.375 105.0989761352539 0.0
353 0.014000000432133675 0.009999999776482582 1.4000000953674316 62.799617767333984 0.0
354 0.015000000596046448 0.009444444440305233 1.5882353782653809 85.39927673339844 0.0
355 0.00800000037997961 0.009999999776482582 0.8000000715255737 52.59977340698242 0.003760979510843754
356 0.009000000543892384 0.009444444440305233 0.9529412388801575 46.5998649597168 0.0
357 0.001500000013038516 0.0027777778450399637 0.5399999618530273 105.0989761352539 0.0
358 0.009999999776482582 0.009444444440305233 1.0588234663009644 46.19987106323242 0.0
359 0.004999999888241291 0.009444444440305233 0.5294117331504822 34.50004959106445 0.005323638673871756
360 1.0 0.7238888740539551 1.381427526473999 -94.89912414550781 1.7857144484878518e-05
361 0.012000000104308128 0.009444444440305233 1.2705882787704468 67.89954376220703 0.0
362 0.013000000268220901 0.009444444440305233 1.3764705657958984 97.79908752441406 0.0
363 0.015000000596046448 0.009999999776482582 1.5000001192092896 49.6998176574707 0.0
364 0.010500000789761543 0.009999999776482582 1.0500000715255737 81.59933471679688 0.0
365 0.009000000543892384 0.009999999776482582 0.9000000953674316 95.29912567138672 0.0
366 0.012000000104308128 0.009444444440305233 1.2705882787704468 82.79931640625 0.0
367 0.009999999776482582 0.009999999776482582 1.0 66.09957122802734 0.0
368 0.014000000432133675 0.009999999776482582 1.4000000953674316 71.89948272705078 0.0
369 0.00950000062584877 0.009444444440305233 1.0058823823928833 45.89987564086914 0.0
370 0.014000000432133675 0.010555555112659931 1.3263158798217773 34.800045013427734 0.0
371 0.013500001281499863 0.009444444440305233 1.4294118881225586 71.89948272705078 0.0
372 0.010500000789761543 0.004999999888241291 2.1000001430511475 105.0989761352539 0.0
373 0.020000001415610313 0.009444444440305233 2.117647171020508 43.3999137878418 0.002999036805704236
374 0.015000000596046448 0.0061111110262572765 2.454545497894287 104.89897918701172 0.0
375 0.013500000350177288 0.009444444440305233 1.429411768913269 83.99929809570312 0.006369377952069044
376 0.00800000037997961 0.004444444552063942 1.8000000715255737 105.0989761352539 0.006982895545661449
377 0.014000000432133675 0.009444444440305233 1.4823529720306396 50.59980392456055 0.0
378 0.00950000062584877 0.010555555112659931 0.9000000953674316 63.099613189697266 0.0
379 0.012000000104308128 0.009444444440305233 1.2705882787704468 70.0995101928711 0.0
380 0.009000000543892384 0.009444444440305233 0.9529412388801575 89.69921112060547 0.0
381 0.013000000268220901 0.010555555112659931 1.231579065322876 74.59944152832031 0.006068366579711437
382 0.013500001281499863 0.009444444440305233 1.4294118881225586 42.69992446899414 0.0
383 0.011500000953674316 0.009999999776482582 1.1500000953674316 73.39945983886719 0.0
384 0.00800000037997961 0.009999999776482582 0.8000000715255737 81.59933471679688 0.0
385 0.0035000001080334187 0.002222222276031971 1.5750000476837158 105.0989761352539 0.0
386 0.015000000596046448 0.010555555112659931 1.4210526943206787 70.59950256347656 0.0
387 0.007500000298023224 0.009444444440305233 0.7941176891326904 43.2999153137207 0.0
388 0.010500000789761543 0.009444444440305233 1.1117647886276245 78.49938201904297 0.0
389 0.011500000953674316 0.009444444440305233 1.2176471948623657 70.99949645996094 0.0
390 0.010000000707805157 0.009999999776482582 1.0000001192092896 32.700077056884766 0.0
391 0.005499999970197678 0.009444444440305233 0.5823529362678528 90.99919128417969 0.004321906715631485
392 0.009000000543892384 0.009444444440305233 0.9529412388801575 73.99945068359375 0.0051736668683588505
393 0.01250000111758709 0.010555555112659931 1.1842106580734253 84.2992935180664 0.0
394 0.009000000543892384 0.010555555112659931 0.852631688117981 67.29955291748047 0.0
395 0.020500000566244125 0.010555555112659931 1.9421054124832153 24.10005760192871 0.0
396 0.01100000087171793 0.009999999776482582 1.1000001430511475 102.0990219116211 0.0
397 0.015000000596046448 0.010555555112659931 1.4210526943206787 90.99919128417969 0.0
398 0.006500000134110451 0.010555555112659931 0.615789532661438 58.59968185424805 0.0
399 0.00950000062584877 0.009444444440305233 1.0058823823928833 84.2992935180664 0.0
400 0.006500000134110451 0.009999999776482582 0.6500000357627869 69.39952087402344 0.00690245209261775
