1 0.01850000023841858 0.010555555112659931 1.752631664276123 17.70003318786621
2 0.012500000186264515 0.009444444440305233 1.3235294818878174 20.90004539489746
3 0.011500000953674316 0.009444444440305233 1.2176471948623657 11.600010871887207
4 0.013500000350177288 0.009444444440305233 1.429411768913269 12.600014686584473
5 0.021500002592802048 0.009999999776482582 2.1500003337860107 6.999998092651367
6 0.014000000432133675 0.010555555112659931 1.3263158798217773 13.900019645690918
7 0.016499999910593033 0.010555555112659931 1.5631579160690308 7.799997329711914
8 0.017000000923871994 0.009444444440305233 1.8000000715255737 11.80001163482666
9 0.018000001087784767 0.009999999776482582 1.8000001907348633 6.19999885559082
10 0.011500000953674316 0.009999999776482582 1.1500000953674316 9.600003242492676
11 0.012000000104308128 0.009444444440305233 1.2705882787704468 12.500014305114746
12 0.01250000111758709 0.009444444440305233 1.3235294818878174 12.40001392364502
13 0.01850000023841858 0.010555555112659931 1.752631664276123 9.900004386901855
14 0.01600000075995922 0.009444444440305233 1.694117784500122 14.100020408630371
15 0.013000000268220901 0.009444444440305233 1.3764705657958984 14.300021171569824
16 0.013500001281499863 0.009999999776482582 1.3500001430511475 10.900008201599121
17 0.013500000350177288 0.009444444440305233 1.429411768913269 9.700003623962402
18 0.012000000104308128 0.010555555112659931 1.136842131614685 18.700037002563477
19 0.01850000023841858 0.009444444440305233 1.958823561668396 4.100000858306885
20 0.01850000023841858 0.010555555112659931 1.752631664276123 12.500014305114746
21 0.01600000075995922 0.009444444440305233 1.694117784500122 3.600001335144043
22 0.016499999910593033 0.010555555112659931 1.5631579160690308 8.90000057220459
23 0.020500000566244125 0.009999999776482582 2.0500001907348633 12.40001392364502
24 0.02199999988079071 0.009999999776482582 2.200000047683716 12.7000150680542
25 0.018000001087784767 0.009444444440305233 1.905882477760315 9.300002098083496
26 0.01100000087171793 0.009444444440305233 1.1647059917449951 12.600014686584473
27 0.01850000023841858 0.009999999776482582 1.850000023841858 14.900023460388184
28 0.014500000514090061 0.010555555112659931 1.373684287071228 15.800026893615723
29 0.015000000596046448 0.010555555112659931 1.4210526943206787 13.000016212463379
30 0.019500000402331352 0.009444444440305233 2.0647058486938477 12.300013542175293
31 0.014500000514090061 0.009444444440305233 1.5352941751480103 18.60003662109375
32 0.015000000596046448 0.009444444440305233 1.5882353782653809 10.700007438659668
33 0.006500000134110451 0.009444444440305233 0.6882352828979492 15.30002498626709
34 0.017500001937150955 0.009999999776482582 1.750000238418579 12.900015830993652
35 0.018000001087784767 0.009999999776482582 1.8000001907348633 17.600032806396484
36 0.012000000104308128 0.009444444440305233 1.2705882787704468 19.600040435791016
37 0.014000000432133675 0.010555555112659931 1.3263158798217773 15.30002498626709
38 0.013000000268220901 0.009444444440305233 1.3764705657958984 13.400017738342285
39 0.013500001281499863 0.009444444440305233 1.4294118881225586 13.400017738342285
40 0.016499999910593033 0.009444444440305233 1.7470588684082031 14.000020027160645
41 0.023500001057982445 0.009999999776482582 2.3500001430511475 9.900004386901855
42 0.02500000223517418 0.009444444440305233 2.6470589637756348 12.000012397766113
43 0.012500000186264515 0.009999999776482582 1.25 10.200005531311035
44 0.019500000402331352 0.009444444440305233 2.0647058486938477 4.800000190734863
45 0.021000001579523087 0.009999999776482582 2.1000001430511475 10.400006294250488
46 0.012000000104308128 0.009444444440305233 1.2705882787704468 11.600010871887207
47 0.017000000923871994 0.009444444440305233 1.8000000715255737 12.200013160705566
48 0.017000000923871994 0.009999999776482582 1.7000001668930054 16.60002899169922
49 0.017500001937150955 0.010555555112659931 1.6578949689865112 10.100005149841309
50 0.023500001057982445 0.009444444440305233 2.4882354736328125 14.100020408630371
51 0.01850000023841858 0.010555555112659931 1.752631664276123 8.499999046325684
52 0.012500000186264515 0.009999999776482582 1.25 15.30002498626709
53 0.016499999910593033 0.010555555112659931 1.5631579160690308 17.300031661987305
54 0.008999999612569809 0.009999999776482582 0.8999999761581421 9.800004005432129
55 0.01600000075995922 0.009444444440305233 1.694117784500122 17.300031661987305
56 0.01600000075995922 0.009444444440305233 1.694117784500122 14.200020790100098
57 0.015000000596046448 0.010555555112659931 1.4210526943206787 16.100027084350586
58 0.018000001087784767 0.009444444440305233 1.905882477760315 11.600010871887207
59 0.0215000007301569 0.009444444440305233 2.27647066116333 11.000008583068848
60 0.014000000432133675 0.009444444440305233 1.4823529720306396 8.699999809265137
61 0.015500000678002834 0.009999999776482582 1.5500000715255737 18.90003776550293
62 0.01850000023841858 0.009444444440305233 1.958823561668396 12.7000150680542
63 0.015500000678002834 0.010555555112659931 1.468421220779419 3.2000017166137695
64 0.023500001057982445 0.009444444440305233 2.4882354736328125 6.7999982833862305
65 0.013500001281499863 0.009999999776482582 1.3500001430511475 18.100034713745117
66 0.021000001579523087 0.009444444440305233 2.223529577255249 11.300009727478027
67 0.015500000678002834 0.010555555112659931 1.468421220779419 10.900008201599121
68 0.01850000023841858 0.009444444440305233 1.958823561668396 9.400002479553223
69 0.011500000953674316 0.009444444440305233 1.2176471948623657 17.900033950805664
70 0.01850000023841858 0.010555555112659931 1.752631664276123 13.300017356872559
71 0.013000000268220901 0.010555555112659931 1.231579065322876 18.90003776550293
72 0.012000001035630703 0.009444444440305233 1.2705883979797363 17.40003204345703
73 0.017000000923871994 0.009444444440305233 1.8000000715255737 16.30002784729004
74 0.01600000075995922 0.009999999776482582 1.6000001430511475 6.299998760223389
75 0.023000001907348633 0.010555555112659931 2.178947687149048 13.800019264221191
76 0.016499999910593033 0.010555555112659931 1.5631579160690308 16.60002899169922
77 0.017500001937150955 0.010555555112659931 1.6578949689865112 14.200020790100098
78 0.017500001937150955 0.009444444440305233 1.8529413938522339 11.2000093460083
79 0.01900000125169754 0.009999999776482582 1.9000002145767212 7.199997901916504
80 0.02200000174343586 0.009444444440305233 2.3294119834899902 17.200031280517578
81 0.021000001579523087 0.009444444440305233 2.223529577255249 9.400002479553223
82 0.012500000186264515 0.009444444440305233 1.3235294818878174 11.600010871887207
83 0.016499999910593033 0.009444444440305233 1.7470588684082031 20.000041961669922
84 0.014000000432133675 0.009444444440305233 1.4823529720306396 15.800026893615723
85 0.010500000789761543 0.009999999776482582 1.0500000715255737 16.100027084350586
86 0.019999999552965164 0.010555555112659931 1.894736886024475 12.600014686584473
87 0.010999999940395355 0.009999999776482582 1.100000023841858 16.30002784729004
88 0.0215000007301569 0.010555555112659931 2.0368423461914062 8.29999828338623
89 0.010999999940395355 0.009999999776482582 1.100000023841858 15.30002498626709
90 0.0195000022649765 0.010555555112659931 1.8473687171936035 12.7000150680542
91 0.017000000923871994 0.010555555112659931 1.610526442527771 16.9000301361084
92 0.010999999940395355 0.009444444440305233 1.1647058725357056 14.200020790100098
93 0.017500001937150955 0.009999999776482582 1.750000238418579 3.7000012397766113
94 0.010999999940395355 0.009999999776482582 1.100000023841858 10.500006675720215
95 0.0195000022649765 0.009999999776482582 1.950000286102295 10.100005149841309
96 0.014000000432133675 0.009999999776482582 1.4000000953674316 7.0999979972839355
97 0.016499999910593033 0.009444444440305233 1.7470588684082031 9.400002479553223
98 0.01250000111758709 0.009444444440305233 1.3235294818878174 14.70002269744873
99 0.020500000566244125 0.009444444440305233 2.170588254928589 12.10001277923584
100 0.006500000134110451 0.009999999776482582 0.6500000357627869 13.300017356872559
101 0.013500000350177288 0.010555555112659931 1.2789474725723267 11.400010108947754
102 0.011500000953674316 0.009444444440305233 1.2176471948623657 14.200020790100098
103 0.010999999940395355 0.009999999776482582 1.100000023841858 17.10003089904785
104 0.012000000104308128 0.010555555112659931 1.136842131614685 15.60002613067627
105 0.015000000596046448 0.009444444440305233 1.5882353782653809 6.7999982833862305
106 0.020000001415610313 0.009999999776482582 2.000000238418579 11.600010871887207
107 0.01600000075995922 0.009444444440305233 1.694117784500122 19.900041580200195
108 0.018000001087784767 0.009444444440305233 1.905882477760315 11.2000093460083
109 0.014000000432133675 0.010555555112659931 1.3263158798217773 11.2000093460083
110 0.012000000104308128 0.010555555112659931 1.136842131614685 12.7000150680542
111 0.015000000596046448 0.010555555112659931 1.4210526943206787 12.000012397766113
112 0.019999999552965164 0.009444444440305233 2.1176469326019287 6.599998474121094
113 0.015000000596046448 0.009999999776482582 1.5000001192092896 16.800029754638672
114 0.01250000111758709 0.009999999776482582 1.2500001192092896 9.400002479553223
115 0.01850000023841858 0.010555555112659931 1.752631664276123 11.000008583068848
116 0.026500001549720764 0.010555555112659931 2.510526657104492 0.40000250935554504
117 0.01900000125169754 0.010555555112659931 1.8000001907348633 10.500006675720215
118 0.01850000023841858 0.010555555112659931 1.752631664276123 14.500021934509277
119 0.013000000268220901 0.009444444440305233 1.3764705657958984 7.999997138977051
120 0.015000000596046448 0.010555555112659931 1.4210526943206787 9.100001335144043
121 0.017500001937150955 0.009999999776482582 1.750000238418579 15.60002613067627
122 0.0195000022649765 0.010555555112659931 1.8473687171936035 9.100001335144043
123 0.013000000268220901 0.009444444440305233 1.3764705657958984 16.00002670288086
124 0.010000000707805157 0.009999999776482582 1.0000001192092896 13.900019645690918
125 0.01600000075995922 0.010555555112659931 1.5157896280288696 12.500014305114746
126 0.017500001937150955 0.009999999776482582 1.750000238418579 7.299997806549072
127 0.01850000023841858 0.009444444440305233 1.958823561668396 12.500014305114746
128 0.017000000923871994 0.010555555112659931 1.610526442527771 19.20003890991211
129 0.010500000789761543 0.009444444440305233 1.1117647886276245 15.00002384185791
130 0.007500000298023224 0.010555555112659931 0.7105263471603394 17.300031661987305
131 0.017500001937150955 0.010555555112659931 1.6578949689865112 14.100020408630371
132 0.018000001087784767 0.009999999776482582 1.8000001907348633 13.000016212463379
133 0.016499999910593033 0.009444444440305233 1.7470588684082031 15.00002384185791
134 0.014500000514090061 0.009999999776482582 1.4500000476837158 16.60002899169922
135 0.013000000268220901 0.009999999776482582 1.3000000715255737 14.40002155303955
136 0.008500000461935997 0.009444444440305233 0.9000000357627869 13.800019264221191
137 0.017000000923871994 0.010555555112659931 1.610526442527771 13.200016975402832
138 0.017000000923871994 0.009444444440305233 1.8000000715255737 12.900015830993652
139 0.02199999988079071 0.009999999776482582 2.200000047683716 15.60002613067627
140 0.020500000566244125 0.009444444440305233 2.170588254928589 7.999997615814209
141 0.013500001281499863 0.009999999776482582 1.3500001430511475 11.600010871887207
142 0.019500000402331352 0.009444444440305233 2.0647058486938477 17.800033569335938
143 0.01250000111758709 0.009444444440305233 1.3235294818878174 11.80001163482666
144 0.013000000268220901 0.010555555112659931 1.231579065322876 12.10001277923584
145 0.02200000174343586 0.010555555112659931 2.0842108726501465 14.600022315979004
146 0.013500001281499863 0.009999999776482582 1.3500001430511475 11.900012016296387
147 0.017999999225139618 0.009444444440305233 1.9058822393417358 14.40002155303955
148 0.013000000268220901 0.009444444440305233 1.3764705657958984 23.600055694580078
149 0.020000001415610313 0.009999999776482582 2.000000238418579 14.40002155303955
150 0.017000000923871994 0.009444444440305233 1.8000000715255737 9.100001335144043
151 0.0215000007301569 0.009999999776482582 2.1500000953674316 12.500014305114746
152 0.01850000023841858 0.009444444440305233 1.958823561668396 11.100008964538574
153 0.01600000075995922 0.009444444440305233 1.694117784500122 18.100034713745117
154 0.009999999776482582 0.009444444440305233 1.0588234663009644 10.600007057189941
155 0.017000000923871994 0.010555555112659931 1.610526442527771 11.80001163482666
156 0.01850000023841858 0.009999999776482582 1.850000023841858 18.100034713745117
157 0.008500000461935997 0.009444444440305233 0.9000000357627869 15.30002498626709
158 0.015000000596046448 0.010555555112659931 1.4210526943206787 12.40001392364502
159 0.02250000089406967 0.009444444440305233 2.3823530673980713 2.4000024795532227
160 0.0215000007301569 0.009999999776482582 2.1500000953674316 11.2000093460083
161 0.013500001281499863 0.009999999776482582 1.3500001430511475 10.900008201599121
162 0.020500000566244125 0.010555555112659931 1.9421054124832153 14.70002269744873
163 0.01900000125169754 0.010555555112659931 1.8000001907348633 21.800048828125
164 0.012000000104308128 0.009444444440305233 1.2705882787704468 15.90002727508545
165 0.015000000596046448 0.009999999776482582 1.5000001192092896 10.400006294250488
166 0.021000001579523087 0.009999999776482582 2.1000001430511475 13.700018882751465
167 0.021000001579523087 0.009999999776482582 2.1000001430511475 11.80001163482666
168 0.017000000923871994 0.010555555112659931 1.610526442527771 12.40001392364502
169 0.014000000432133675 0.009999999776482582 1.4000000953674316 13.300017356872559
170 0.014500000514090061 0.010555555112659931 1.373684287071228 15.00002384185791
171 0.02199999988079071 0.009444444440305233 2.329411745071411 13.600018501281738
172 0.01600000075995922 0.010555555112659931 1.5157896280288696 15.500025749206543
173 0.015000000596046448 0.010555555112659931 1.4210526943206787 14.600022315979004
174 0.02500000223517418 0.009999999776482582 2.500000238418579 12.500014305114746
175 0.013000000268220901 0.009999999776482582 1.3000000715255737 17.600032806396484
176 0.017500001937150955 0.010555555112659931 1.6578949689865112 2.3000025749206543
177 0.014500000514090061 0.009999999776482582 1.4500000476837158 10.600007057189941
178 0.013500000350177288 0.009444444440305233 1.429411768913269 12.200013160705566
179 0.008500000461935997 0.009444444440305233 0.9000000357627869 13.300017356872559
180 0.014500000514090061 0.009999999776482582 1.4500000476837158 8.499999046325684
181 0.010999999940395355 0.010555555112659931 1.0421053171157837 12.7000150680542
182 0.015000000596046448 0.009999999776482582 1.5000001192092896 14.800023078918457
183 0.021500002592802048 0.010555555112659931 2.0368423461914062 13.000016212463379
184 0.01600000075995922 0.010555555112659931 1.5157896280288696 16.9000301361084
185 0.01600000075995922 0.009444444440305233 1.694117784500122 5.59999942779541
186 0.019999999552965164 0.009444444440305233 2.1176469326019287 8.699999809265137
187 0.015500000678002834 0.009999999776482582 1.5500000715255737 16.400028228759766
188 0.01250000111758709 0.009444444440305233 1.3235294818878174 11.600010871887207
189 0.020000001415610313 0.010555555112659931 1.8947370052337646 16.30002784729004
190 0.016499999910593033 0.010555555112659931 1.5631579160690308 10.600007057189941
191 0.011500000953674316 0.009444444440305233 1.2176471948623657 10.900008201599121
192 0.020000001415610313 0.009444444440305233 2.117647171020508 12.500014305114746
193 0.017000000923871994 0.010555555112659931 1.610526442527771 14.200020790100098
194 0.015500000678002834 0.009444444440305233 1.6411765813827515 8.199997901916504
195 0.023000001907348633 0.009444444440305233 2.4352943897247314 9.600003242492676
196 0.01850000023841858 0.009999999776482582 1.850000023841858 5.199999809265137
197 0.013500000350177288 0.009999999776482582 1.350000023841858 14.000020027160645
198 0.013500000350177288 0.010555555112659931 1.2789474725723267 12.600014686584473
199 0.016499999910593033 0.010555555112659931 1.5631579160690308 12.10001277923584
200 0.01600000075995922 0.009444444440305233 1.694117784500122 10.000004768371582
201 0.016499999910593033 0.009444444440305233 1.7470588684082031 15.30002498626709
202 0.00950000062584877 0.009444444440305233 1.0058823823928833 16.800029754638672
203 0.013500001281499863 0.009444444440305233 1.4294118881225586 11.700011253356934
204 0.014000000432133675 0.009999999776482582 1.4000000953674316 10.500006675720215
205 0.01600000075995922 0.010555555112659931 1.5157896280288696 12.10001277923584
206 0.013000000268220901 0.009444444440305233 1.3764705657958984 13.300017356872559
207 0.015500000678002834 0.009999999776482582 1.5500000715255737 12.7000150680542
208 0.01600000075995922 0.010555555112659931 1.5157896280288696 10.200005531311035
209 0.010999999940395355 0.010555555112659931 1.0421053171157837 18.400035858154297
210 0.03750000149011612 0.010555555112659931 3.5526318550109863 0.5000025033950806
211 0.014000000432133675 0.009999999776482582 1.4000000953674316 10.900008201599121
212 0.014000000432133675 0.009999999776482582 1.4000000953674316 10.400006294250488
213 0.017500001937150955 0.009444444440305233 1.8529413938522339 13.400017738342285
214 0.012000000104308128 0.009999999776482582 1.2000000476837158 9.900004386901855
215 0.013500001281499863 0.009999999776482582 1.3500001430511475 9.000000953674316
216 0.024000000208616257 0.009444444440305233 2.5411765575408936 8.90000057220459
217 0.014500000514090061 0.009444444440305233 1.5352941751480103 16.00002670288086
218 0.00800000037997961 0.009444444440305233 0.847058892250061 6.599998474121094
219 0.021000001579523087 0.010555555112659931 1.9894739389419556 15.700026512145996
220 0.015500000678002834 0.009999999776482582 1.5500000715255737 16.100027084350586
221 0.012000000104308128 0.009444444440305233 1.2705882787704468 14.200020790100098
222 0.01900000125169754 0.009444444440305233 2.0117647647857666 12.7000150680542
223 0.017000000923871994 0.009999999776482582 1.7000001668930054 14.600022315979004
224 0.03200000151991844 0.010555555112659931 3.0315792560577393 17.800033569335938
225 0.009000000543892384 0.009999999776482582 0.9000000953674316 7.999997615814209
226 0.015000000596046448 0.009444444440305233 1.5882353782653809 11.80001163482666
227 0.027000002562999725 0.009999999776482582 2.700000286102295 13.500018119812012
228 0.01600000075995922 0.009999999776482582 1.6000001430511475 11.300009727478027
229 0.02500000223517418 0.009444444440305233 2.6470589637756348 11.700011253356934
230 0.02199999988079071 0.009999999776482582 2.200000047683716 11.400010108947754
231 0.01600000075995922 0.009444444440305233 1.694117784500122 12.300013542175293
232 0.01850000023841858 0.010555555112659931 1.752631664276123 12.800015449523926
233 0.018000001087784767 0.009444444440305233 1.905882477760315 12.800015449523926
234 0.015500000678002834 0.009444444440305233 1.6411765813827515 7.599997520446777
235 0.01250000111758709 0.009999999776482582 1.2500001192092896 10.100005149841309
236 0.011500000953674316 0.010555555112659931 1.089473843574524 8.59999942779541
237 0.010500000789761543 0.009444444440305233 1.1117647886276245 19.700040817260742
238 0.00950000062584877 0.009444444440305233 1.0058823823928833 20.400043487548828
239 0.017000000923871994 0.009444444440305233 1.8000000715255737 13.600018501281738
240 0.01600000075995922 0.010555555112659931 1.5157896280288696 12.300013542175293
241 0.014500000514090061 0.009444444440305233 1.5352941751480103 13.200016975402832
242 0.015500000678002834 0.010555555112659931 1.468421220779419 9.400002479553223
243 0.01600000075995922 0.009444444440305233 1.694117784500122 11.900012016296387
244 0.009000000543892384 0.009444444440305233 0.9529412388801575 11.900012016296387
245 0.015500000678002834 0.010555555112659931 1.468421220779419 11.700011253356934
246 0.0195000022649765 0.009999999776482582 1.950000286102295 7.399997711181641
247 0.00950000062584877 0.009999999776482582 0.9500001072883606 17.70003318786621
248 1.0 0.926111102104187 1.0797840356826782 -94.89912414550781
249 0.011500000953674316 0.010555555112659931 1.089473843574524 14.000020027160645
250 0.015000000596046448 0.010555555112659931 1.4210526943206787 16.00002670288086
251 0.015500000678002834 0.009999999776482582 1.5500000715255737 10.600007057189941
252 0.017500001937150955 0.009999999776482582 1.750000238418579 10.500006675720215
253 0.015500000678002834 0.010555555112659931 1.468421220779419 12.200013160705566
254 0.026000000536441803 0.009999999776482582 2.6000001430511475 10.800007820129395
255 0.01600000075995922 0.009444444440305233 1.694117784500122 16.400028228759766
256 0.0195000022649765 0.010555555112659931 1.8473687171936035 10.900008201599121
257 0.01900000125169754 0.010555555112659931 1.8000001907348633 13.500018119812012
258 0.013500001281499863 0.009444444440305233 1.4294118881225586 8.399998664855957
259 0.017500001937150955 0.009444444440305233 1.8529413938522339 17.200031280517578
260 0.011500000953674316 0.010555555112659931 1.089473843574524 8.29999828338623
261 0.01900000125169754 0.009444444440305233 2.0117647647857666 12.500014305114746
262 0.014500000514090061 0.009444444440305233 1.5352941751480103 13.000016212463379
263 0.021000001579523087 0.009444444440305233 2.223529577255249 19.20003890991211
264 0.01600000075995922 0.009999999776482582 1.6000001430511475 14.40002155303955
265 0.02250000089406967 0.010555555112659931 2.1315791606903076 9.000000953674316
266 0.017000000923871994 0.009444444440305233 1.8000000715255737 13.600018501281738
267 0.021500002592802048 0.009444444440305233 2.276470899581909 5.59999942779541
268 0.00800000037997961 0.009999999776482582 0.8000000715255737 12.900015830993652
269 0.016499999910593033 0.009999999776482582 1.649999976158142 9.20000171661377
270 0.013000000268220901 0.009444444440305233 1.3764705657958984 10.800007820129395
271 0.013000000268220901 0.009444444440305233 1.3764705657958984 15.800026893615723
272 0.012500000186264515 0.009444444440305233 1.3235294818878174 13.000016212463379
273 0.012000000104308128 0.010555555112659931 1.136842131614685 12.800015449523926
274 0.007500000298023224 0.010555555112659931 0.7105263471603394 7.999997138977051
275 0.014000000432133675 0.010555555112659931 1.3263158798217773 7.999997138977051
276 0.0195000022649765 0.009999999776482582 1.950000286102295 12.40001392364502
277 0.013000000268220901 0.010555555112659931 1.231579065322876 14.70002269744873
278 0.012000000104308128 0.009999999776482582 1.2000000476837158 13.000016212463379
279 0.01600000075995922 0.010555555112659931 1.5157896280288696 11.600010871887207
280 0.014500000514090061 0.010555555112659931 1.373684287071228 10.700007438659668
281 0.012000000104308128 0.010555555112659931 1.136842131614685 17.800033569335938
282 0.012000000104308128 0.010555555112659931 1.136842131614685 9.100001335144043
283 0.018000001087784767 0.009999999776482582 1.8000001907348633 6.999998092651367
284 0.018000001087784767 0.009999999776482582 1.8000001907348633 15.400025367736816
285 0.013000000268220901 0.009999999776482582 1.3000000715255737 10.800007820129395
286 0.020500000566244125 0.010555555112659931 1.9421054124832153 21.900049209594727
287 0.017500001937150955 0.009999999776482582 1.750000238418579 10.400006294250488
288 0.005499999970197678 0.009444444440305233 0.5823529362678528 16.500028610229492
289 0.013500000350177288 0.009444444440305233 1.429411768913269 13.800019264221191
290 0.015500001609325409 0.009444444440305233 1.641176700592041 11.100008964538574
291 0.015500000678002834 0.009444444440305233 1.6411765813827515 11.300009727478027
292 0.010500000789761543 0.010555555112659931 0.9947369694709778 12.500014305114746
293 0.020000001415610313 0.009999999776482582 2.000000238418579 7.699997425079346
294 0.02199999988079071 0.010555555112659931 2.0842106342315674 21.20004653930664
295 0.01600000075995922 0.009444444440305233 1.694117784500122 11.100008964538574
296 0.016499999910593033 0.009999999776482582 1.649999976158142 17.200031280517578
297 0.01250000111758709 0.009444444440305233 1.3235294818878174 18.200035095214844
298 0.006500000134110451 0.009444444440305233 0.6882352828979492 11.000008583068848
299 0.011500000953674316 0.009999999776482582 1.1500000953674316 13.100016593933105
300 0.020000001415610313 0.009999999776482582 2.000000238418579 14.600022315979004
301 0.023500001057982445 0.009999999776482582 2.3500001430511475 8.199997901916504
302 0.010500000789761543 0.010555555112659931 0.9947369694709778 13.800019264221191
303 0.021000001579523087 0.009999999776482582 2.1000001430511475 13.600018501281738
304 0.01900000125169754 0.009444444440305233 2.0117647647857666 7.699997425079346
305 0.013000000268220901 0.009999999776482582 1.3000000715255737 15.400025367736816
306 0.014000000432133675 0.009444444440305233 1.4823529720306396 13.200016975402832
307 0.0195000022649765 0.009444444440305233 2.0647060871124268 18.200035095214844
308 0.021000001579523087 0.010555555112659931 1.9894739389419556 10.100005149841309
309 0.021500002592802048 0.009999999776482582 2.1500003337860107 11.100008964538574
310 0.01850000023841858 0.009444444440305233 1.958823561668396 14.000020027160645
311 0.016499999910593033 0.009444444440305233 1.7470588684082031 12.600014686584473
312 0.01600000075995922 0.010555555112659931 1.5157896280288696 12.200013160705566
313 0.018000001087784767 0.009999999776482582 1.8000001907348633 14.100020408630371
314 0.017000000923871994 0.009444444440305233 1.8000000715255737 8.399998664855957
315 0.01900000125169754 0.010555555112659931 1.8000001907348633 13.600018501281738
316 0.010500000789761543 0.009444444440305233 1.1117647886276245 10.900008201599121
317 0.018000001087784767 0.009999999776482582 1.8000001907348633 10.200005531311035
318 0.01600000075995922 0.010555555112659931 1.5157896280288696 14.000020027160645
319 0.016499999910593033 0.009444444440305233 1.7470588684082031 17.500032424926758
320 0.016499999910593033 0.009999999776482582 1.649999976158142 15.00002384185791
321 0.013500000350177288 0.009444444440305233 1.429411768913269 1.4000027179718018
322 0.9990000128746033 0.601111114025116 1.6619223356246948 -94.89912414550781
323 0.024500001221895218 0.010555555112659931 2.3210527896881104 12.900015830993652
324 0.015000000596046448 0.009444444440305233 1.5882353782653809 18.30003547668457
325 0.015500000678002834 0.009999999776482582 1.5500000715255737 7.699997425079346
326 0.013500000350177288 0.009999999776482582 1.350000023841858 11.000008583068848
327 0.024000000208616257 0.009444444440305233 2.5411765575408936 8.59999942779541
328 0.021000001579523087 0.009999999776482582 2.1000001430511475 15.500025749206543
329 0.02250000089406967 0.010555555112659931 2.1315791606903076 12.300013542175293
330 0.01600000075995922 0.009444444440305233 1.694117784500122 13.100016593933105
331 0.017000000923871994 0.010555555112659931 1.610526442527771 13.100016593933105
332 0.015500000678002834 0.010555555112659931 1.468421220779419 16.00002670288086
333 0.014000000432133675 0.010555555112659931 1.3263158798217773 13.600018501281738
334 0.016499999910593033 0.010555555112659931 1.5631579160690308 8.800000190734863
335 0.014000000432133675 0.009444444440305233 1.4823529720306396 15.30002498626709
336 0.021000001579523087 0.009444444440305233 2.223529577255249 12.300013542175293
337 0.014500001445412636 0.009444444440305233 1.5352942943572998 8.099997520446777
338 0.019999999552965164 0.009444444440305233 2.1176469326019287 12.900015830993652
339 0.020000001415610313 0.009444444440305233 2.117647171020508 13.300017356872559
340 0.011500000953674316 0.009444444440305233 1.2176471948623657 5.299999713897705
341 0.999500036239624 0.8022222518920898 1.245914101600647 -94.89912414550781
342 0.010500000789761543 0.009999999776482582 1.0500000715255737 8.59999942779541
343 0.015000000596046448 0.009999999776482582 1.5000001192092896 14.300021171569824
344 0.014000000432133675 0.009444444440305233 1.4823529720306396 14.800023078918457
345 0.011500000953674316 0.009444444440305233 1.2176471948623657 10.100005149841309
346 0.015500000678002834 0.009444444440305233 1.6411765813827515 14.40002155303955
347 0.013500001281499863 0.009999999776482582 1.3500001430511475 12.900015830993652
348 0.026000000536441803 0.009444444440305233 2.752941131591797 14.600022315979004
349 0.014000000432133675 0.009999999776482582 1.4000000953674316 12.300013542175293
350 0.01900000125169754 0.009999999776482582 1.9000002145767212 8.90000057220459
351 0.015000000596046448 0.009444444440305233 1.5882353782653809 12.000012397766113
352 0.012000000104308128 0.009999999776482582 1.2000000476837158 14.800023078918457
353 0.017000000923871994 0.010555555112659931 1.610526442527771 16.200027465820312
354 0.0195000022649765 0.009999999776482582 1.950000286102295 14.000020027160645
355 0.015500000678002834 0.009444444440305233 1.6411765813827515 11.2000093460083
356 0.00950000062584877 0.009999999776482582 0.9500001072883606 9.50000286102295
357 0.015500000678002834 0.009444444440305233 1.6411765813827515 21.800048828125
358 0.016499999910593033 0.009444444440305233 1.7470588684082031 8.699999809265137
359 0.023000001907348633 0.009444444440305233 2.4352943897247314 10.000004768371582
360 0.018000001087784767 0.009444444440305233 1.905882477760315 5.299999713897705
361 0.02250000089406967 0.009999999776482582 2.250000238418579 18.90003776550293
362 0.015000000596046448 0.009999999776482582 1.5000001192092896 17.200031280517578
363 0.014500000514090061 0.009444444440305233 1.5352941751480103 10.600007057189941
364 0.014500000514090061 0.009444444440305233 1.5352941751480103 18.00003433227539
365 0.016499999910593033 0.009444444440305233 1.7470588684082031 16.700029373168945
366 0.01850000023841858 0.009999999776482582 1.850000023841858 12.500014305114746
367 0.016499999910593033 0.009999999776482582 1.649999976158142 9.000000953674316
368 0.013000000268220901 0.009444444440305233 1.3764705657958984 10.600007057189941
369 0.013500000350177288 0.010555555112659931 1.2789474725723267 10.200005531311035
370 0.021000001579523087 0.009999999776482582 2.1000001430511475 13.600018501281738
371 0.018000001087784767 0.010555555112659931 1.705263376235962 17.40003204345703
372 0.017500001937150955 0.010555555112659931 1.6578949689865112 19.100038528442383
373 0.018000001087784767 0.010555555112659931 1.705263376235962 9.700003623962402
374 0.014000000432133675 0.009444444440305233 1.4823529720306396 12.10001277923584
375 0.013500000350177288 0.009444444440305233 1.429411768913269 12.900015830993652
376 0.018000001087784767 0.009444444440305233 1.905882477760315 20.90004539489746
377 0.0215000007301569 0.009444444440305233 2.27647066116333 10.700007438659668
378 0.01600000075995922 0.009999999776482582 1.6000001430511475 12.000012397766113
379 0.01850000023841858 0.009444444440305233 1.958823561668396 13.000016212463379
380 0.026000000536441803 0.009444444440305233 2.752941131591797 14.300021171569824
381 0.01100000087171793 0.009444444440305233 1.1647059917449951 13.800019264221191
382 0.023500001057982445 0.009444444440305233 2.4882354736328125 4.800000190734863
383 0.016499999910593033 0.009444444440305233 1.7470588684082031 16.200027465820312
384 0.014500000514090061 0.009999999776482582 1.4500000476837158 14.900023460388184
385 0.020000001415610313 0.009999999776482582 2.000000238418579 16.500028610229492
386 0.01600000075995922 0.010555555112659931 1.5157896280288696 12.200013160705566
387 0.021500002592802048 0.009999999776482582 2.1500003337860107 7.799997329711914
388 0.014000000432133675 0.009999999776482582 1.4000000953674316 15.00002384185791
389 0.014000000432133675 0.009444444440305233 1.4823529720306396 10.700007438659668
390 0.01250000111758709 0.009999999776482582 1.2500001192092896 6.7999982833862305
391 0.010999999940395355 0.009999999776482582 1.100000023841858 16.00002670288086
392 0.014500001445412636 0.009444444440305233 1.5352942943572998 13.400017738342285
393 0.014000000432133675 0.009444444440305233 1.4823529720306396 14.000020027160645
394 0.007000000216066837 0.009999999776482582 0.7000000476837158 12.10001277923584
395 0.014500000514090061 0.009444444440305233 1.5352941751480103 4.40000057220459
396 0.014500000514090061 0.009444444440305233 1.5352941751480103 9.50000286102295
397 0.023000001907348633 0.010555555112659931 2.178947687149048 20.700044631958008
398 0.016499999910593033 0.009444444440305233 1.7470588684082031 7.599997520446777
399 0.015000000596046448 0.009444444440305233 1.5882353782653809 11.400010108947754
400 0.015500001609325409 0.009999999776482582 1.5500001907348633 8.699999809265137
401 0.02200000174343586 0.009999999776482582 2.200000286102295 14.40002155303955
402 0.015500001609325409 0.009999999776482582 1.5500001907348633 11.300009727478027
403 0.0215000007301569 0.009444444440305233 2.27647066116333 14.000020027160645
404 0.012000000104308128 0.009999999776482582 1.2000000476837158 8.90000057220459
405 0.01250000111758709 0.009444444440305233 1.3235294818878174 7.499997615814209
406 0.008500000461935997 0.009444444440305233 0.9000000357627869 17.900033950805664
407 0.024000000208616257 0.009999999776482582 2.4000000953674316 10.000004768371582
408 0.01850000023841858 0.009999999776482582 1.850000023841858 15.500025749206543
409 0.01850000023841858 0.009999999776482582 1.850000023841858 11.300009727478027
410 0.024500001221895218 0.009444444440305233 2.5941178798675537 12.40001392364502
411 0.01600000075995922 0.010555555112659931 1.5157896280288696 20.800045013427734
412 0.017000000923871994 0.010555555112659931 1.610526442527771 6.999998092651367
413 0.02850000187754631 0.009999999776482582 2.8500001430511475 2.200002670288086
414 0.01600000075995922 0.009999999776482582 1.6000001430511475 20.000041961669922
415 0.00950000062584877 0.009444444440305233 1.0058823823928833 8.90000057220459
416 0.015000000596046448 0.009444444440305233 1.5882353782653809 13.400017738342285
417 0.014500000514090061 0.009999999776482582 1.4500000476837158 13.400017738342285
418 0.01250000111758709 0.010555555112659931 1.1842106580734253 5.899999141693115
419 0.015000000596046448 0.010555555112659931 1.4210526943206787 14.300021171569824
420 0.020000001415610313 0.010555555112659931 1.8947370052337646 11.400010108947754
421 0.01600000075995922 0.009999999776482582 1.6000001430511475 6.599998474121094
422 0.02500000037252903 0.010555555112659931 2.3684210777282715 8.29999828338623
423 0.011500000953674316 0.009999999776482582 1.1500000953674316 10.400006294250488
424 0.009999999776482582 0.009999999776482582 1.0 13.100016593933105
425 0.013000000268220901 0.009999999776482582 1.3000000715255737 12.500014305114746
426 0.008999999612569809 0.009999999776482582 0.8999999761581421 13.200016975402832
427 0.013500000350177288 0.009444444440305233 1.429411768913269 9.000000953674316
428 0.014000000432133675 0.010555555112659931 1.3263158798217773 12.200013160705566
429 0.012500000186264515 0.009444444440305233 1.3235294818878174 11.000008583068848
430 0.021000001579523087 0.009444444440305233 2.223529577255249 13.500018119812012
431 0.014000000432133675 0.009999999776482582 1.4000000953674316 13.100016593933105
432 0.01250000111758709 0.009444444440305233 1.3235294818878174 7.299997806549072
433 0.013000000268220901 0.010555555112659931 1.231579065322876 8.699999809265137
434 0.02800000086426735 0.009444444440305233 2.9647059440612793 15.700026512145996
435 0.012000000104308128 0.009444444440305233 1.2705882787704468 7.799997329711914
436 0.017500001937150955 0.009999999776482582 1.750000238418579 5.0
437 0.01600000075995922 0.009999999776482582 1.6000001430511475 12.000012397766113
438 0.009000000543892384 0.009444444440305233 0.9529412388801575 18.400035858154297
439 0.014000000432133675 0.009444444440305233 1.4823529720306396 14.900023460388184
440 0.015500000678002834 0.009999999776482582 1.5500000715255737 5.899999141693115
441 0.016499999910593033 0.010555555112659931 1.5631579160690308 12.40001392364502
442 0.014500000514090061 0.010555555112659931 1.373684287071228 14.70002269744873
443 0.016499999910593033 0.009444444440305233 1.7470588684082031 15.700026512145996
444 0.015500000678002834 0.009999999776482582 1.5500000715255737 7.199997901916504
445 0.020500000566244125 0.009444444440305233 2.170588254928589 10.000004768371582
446 0.010999999940395355 0.009444444440305233 1.1647058725357056 0.200002521276474
447 0.015500001609325409 0.010555555112659931 1.468421220779419 12.10001277923584
448 0.014500000514090061 0.010555555112659931 1.373684287071228 10.000004768371582
449 0.021500002592802048 0.009999999776482582 2.1500003337860107 4.200000762939453
450 1.0 0.9266666769981384 1.0791367292404175 -94.89912414550781
451 0.011500000953674316 0.009444444440305233 1.2176471948623657 7.999997138977051
452 0.0195000022649765 0.009999999776482582 1.950000286102295 15.800025939941406
453 0.012000000104308128 0.009999999776482582 1.2000000476837158 15.500025749206543
454 0.009999999776482582 0.009999999776482582 1.0 13.800019264221191
455 0.020500000566244125 0.009999999776482582 2.0500001907348633 13.200016975402832
456 0.02200000174343586 0.009999999776482582 2.200000286102295 13.200016975402832
457 0.027000000700354576 0.010555555112659931 2.5578949451446533 13.200016975402832
458 0.013000000268220901 0.009999999776482582 1.3000000715255737 6.7999982833862305
459 0.023000001907348633 0.009444444440305233 2.4352943897247314 15.90002727508545
460 0.010999999940395355 0.009444444440305233 1.1647058725357056 14.300021171569824
461 0.011500000953674316 0.010555555112659931 1.089473843574524 11.400010108947754
462 0.014000000432133675 0.009444444440305233 1.4823529720306396 15.60002613067627
463 0.015500000678002834 0.009444444440305233 1.6411765813827515 9.300002098083496
464 0.01900000125169754 0.009999999776482582 1.9000002145767212 17.500032424926758
465 0.014000000432133675 0.009999999776482582 1.4000000953674316 9.100001335144043
466 0.01250000111758709 0.009999999776482582 1.2500001192092896 12.900015830993652
467 0.01250000111758709 0.009999999776482582 1.2500001192092896 13.600018501281738
468 0.01900000125169754 0.010555555112659931 1.8000001907348633 16.00002670288086
469 0.02500000223517418 0.009999999776482582 2.500000238418579 12.500014305114746
470 0.014000000432133675 0.010555555112659931 1.3263158798217773 13.400017738342285
471 0.017500001937150955 0.010555555112659931 1.6578949689865112 9.900004386901855
472 0.017500001937150955 0.009999999776482582 1.750000238418579 3.600001335144043
473 0.017000000923871994 0.009444444440305233 1.8000000715255737 15.00002384185791
474 0.017500001937150955 0.009444444440305233 1.8529413938522339 10.800007820129395
475 0.013000000268220901 0.009999999776482582 1.3000000715255737 14.500021934509277
476 0.017000000923871994 0.009444444440305233 1.8000000715255737 16.700029373168945
477 0.017000000923871994 0.010555555112659931 1.610526442527771 14.300021171569824
478 0.01600000075995922 0.010555555112659931 1.5157896280288696 18.30003547668457
479 0.0195000022649765 0.009444444440305233 2.0647060871124268 8.499999046325684
480 0.013500001281499863 0.010555555112659931 1.2789475917816162 7.299997806549072
481 0.01900000125169754 0.009999999776482582 1.9000002145767212 12.10001277923584
482 0.011500000953674316 0.009999999776482582 1.1500000953674316 12.000012397766113
483 0.01600000075995922 0.009444444440305233 1.694117784500122 20.500043869018555
484 0.015500000678002834 0.010555555112659931 1.468421220779419 13.700018882751465
485 0.017999999225139618 0.009444444440305233 1.9058822393417358 14.300021171569824
486 0.015500000678002834 0.009444444440305233 1.6411765813827515 11.600010871887207
487 0.021000001579523087 0.009444444440305233 2.223529577255249 13.300017356872559
488 0.015500000678002834 0.009444444440305233 1.6411765813827515 10.100005149841309
489 0.010999999940395355 0.009444444440305233 1.1647058725357056 8.800000190734863
490 0.015000000596046448 0.009999999776482582 1.5000001192092896 11.80001163482666
491 0.00950000062584877 0.010555555112659931 0.9000000953674316 10.600007057189941
492 0.015500000678002834 0.009999999776482582 1.5500000715255737 10.800007820129395
493 0.01900000125169754 0.010555555112659931 1.8000001907348633 9.900004386901855
494 0.009000000543892384 0.009444444440305233 0.9529412388801575 19.400039672851562
495 0.010999999940395355 0.009444444440305233 1.1647058725357056 19.100038528442383
496 0.02200000174343586 0.009999999776482582 2.200000286102295 3.4000015258789062
497 0.015000000596046448 0.009444444440305233 1.5882353782653809 11.2000093460083
498 0.015500000678002834 0.010555555112659931 1.468421220779419 7.299997806549072
499 0.012500000186264515 0.010555555112659931 1.1842105388641357 7.199997901916504
500 0.01900000125169754 0.010555555112659931 1.8000001907348633 7.399997711181641
501 0.013500000350177288 0.009999999776482582 1.350000023841858 20.700044631958008
502 0.00800000037997961 0.009999999776482582 0.8000000715255737 12.600014686584473
503 0.017500001937150955 0.009444444440305233 1.8529413938522339 12.40001392364502
504 0.017500001937150955 0.010555555112659931 1.6578949689865112 22.70005226135254
505 0.014000000432133675 0.009999999776482582 1.4000000953674316 10.600007057189941
506 0.010000000707805157 0.009444444440305233 1.058823585510254 16.100027084350586
507 0.020000001415610313 0.009999999776482582 2.000000238418579 11.400010108947754
508 0.013500000350177288 0.009444444440305233 1.429411768913269 9.50000286102295
509 0.012500000186264515 0.009999999776482582 1.25 3.4000015258789062
510 0.013500001281499863 0.010555555112659931 1.2789475917816162 13.200016975402832
511 0.02200000174343586 0.009444444440305233 2.3294119834899902 14.000020027160645
512 0.027000000700354576 0.009444444440305233 2.858823537826538 4.800000190734863
513 0.019999999552965164 0.009444444440305233 2.1176469326019287 19.000038146972656
514 0.014500001445412636 0.010555555112659931 1.3736844062805176 21.600048065185547
515 0.006500000134110451 0.009444444440305233 0.6882352828979492 14.200020790100098
516 0.02250000089406967 0.009999999776482582 2.250000238418579 9.300002098083496
517 0.02250000089406967 0.010555555112659931 2.1315791606903076 18.30003547668457
518 0.014500000514090061 0.010555555112659931 1.373684287071228 12.500014305114746
519 0.015000000596046448 0.009444444440305233 1.5882353782653809 15.500025749206543
520 0.017000000923871994 0.010555555112659931 1.610526442527771 9.20000171661377
521 0.020500000566244125 0.009444444440305233 2.170588254928589 12.200013160705566
522 0.01600000075995922 0.009444444440305233 1.694117784500122 7.499997615814209
523 0.01850000023841858 0.009444444440305233 1.958823561668396 13.300017356872559
524 0.017000000923871994 0.010555555112659931 1.610526442527771 10.900008201599121
525 0.01900000125169754 0.009999999776482582 1.9000002145767212 9.300002098083496
526 0.013000000268220901 0.009999999776482582 1.3000000715255737 14.600022315979004
527 0.010999999940395355 0.009999999776482582 1.100000023841858 14.100020408630371
528 0.01600000075995922 0.010555555112659931 1.5157896280288696 13.700018882751465
529 0.01600000075995922 0.010555555112659931 1.5157896280288696 8.90000057220459
530 0.020000001415610313 0.009999999776482582 2.000000238418579 13.900019645690918
531 0.015000000596046448 0.009444444440305233 1.5882353782653809 6.299998760223389
532 0.015000000596046448 0.010555555112659931 1.4210526943206787 9.700003623962402
533 0.017000000923871994 0.010555555112659931 1.610526442527771 9.400002479553223
534 0.01600000075995922 0.010555555112659931 1.5157896280288696 15.100024223327637
535 0.012000000104308128 0.010555555112659931 1.136842131614685 13.900019645690918
536 0.013000000268220901 0.009444444440305233 1.3764705657958984 12.600014686584473
537 0.01850000023841858 0.010555555112659931 1.752631664276123 16.700029373168945
538 0.018000001087784767 0.010555555112659931 1.705263376235962 13.000016212463379
539 0.017500001937150955 0.010555555112659931 1.6578949689865112 9.900004386901855
540 0.013000000268220901 0.009444444440305233 1.3764705657958984 19.000038146972656
541 0.01600000075995922 0.010555555112659931 1.5157896280288696 11.300009727478027
542 0.01850000023841858 0.009444444440305233 1.958823561668396 12.600014686584473
543 0.02250000089406967 0.009999999776482582 2.250000238418579 4.800000190734863
544 1.0 0.9088888764381409 1.1002445220947266 -94.89912414550781
545 0.020500000566244125 0.009999999776482582 2.0500001907348633 16.800029754638672
546 0.01900000125169754 0.009999999776482582 1.9000002145767212 10.200005531311035
547 0.01600000075995922 0.010555555112659931 1.5157896280288696 17.40003204345703
548 0.020500000566244125 0.010555555112659931 1.9421054124832153 8.800000190734863
549 0.015500000678002834 0.010555555112659931 1.468421220779419 12.200013160705566
550 0.015000000596046448 0.009999999776482582 1.5000001192092896 20.3000431060791
551 0.0195000022649765 0.009999999776482582 1.950000286102295 10.400006294250488
552 1.0 0.8655555844306946 1.155327320098877 -94.89912414550781
553 0.021000001579523087 0.010555555112659931 1.9894739389419556 10.200005531311035
554 0.01850000023841858 0.010555555112659931 1.752631664276123 8.099997520446777
555 0.023000001907348633 0.009999999776482582 2.3000001907348633 16.500028610229492
556 0.008500000461935997 0.009444444440305233 0.9000000357627869 9.50000286102295
557 0.015500000678002834 0.010555555112659931 1.468421220779419 12.200013160705566
558 0.013000000268220901 0.009999999776482582 1.3000000715255737 6.7999982833862305
559 0.014500000514090061 0.009444444440305233 1.5352941751480103 9.900004386901855
560 0.008500000461935997 0.009999999776482582 0.8500000834465027 14.200020790100098
561 0.007500000298023224 0.010555555112659931 0.7105263471603394 8.90000057220459
562 0.010999999940395355 0.009999999776482582 1.100000023841858 12.900015830993652
563 0.018000001087784767 0.009444444440305233 1.905882477760315 9.400002479553223
564 0.015000000596046448 0.009999999776482582 1.5000001192092896 11.400010108947754
565 0.009000000543892384 0.009444444440305233 0.9529412388801575 12.600014686584473
566 0.025499999523162842 0.009999999776482582 2.549999952316284 11.000008583068848
567 0.020000001415610313 0.009999999776482582 2.000000238418579 8.499999046325684
568 0.013000000268220901 0.010555555112659931 1.231579065322876 9.50000286102295
569 0.01250000111758709 0.010555555112659931 1.1842106580734253 11.700011253356934
570 0.010999999940395355 0.009999999776482582 1.100000023841858 12.300013542175293
571 0.02199999988079071 0.009444444440305233 2.329411745071411 10.300005912780762
572 0.017000000923871994 0.010555555112659931 1.610526442527771 10.300005912780762
573 0.021000001579523087 0.009999999776482582 2.1000001430511475 13.100016593933105
574 0.017000000923871994 0.009444444440305233 1.8000000715255737 15.30002498626709
575 0.021000001579523087 0.009444444440305233 2.223529577255249 16.60002899169922
576 0.015500000678002834 0.009444444440305233 1.6411765813827515 10.000004768371582
577 0.01250000111758709 0.009999999776482582 1.2500001192092896 18.400035858154297
578 0.01850000023841858 0.009444444440305233 1.958823561668396 17.500032424926758
579 0.009999999776482582 0.009999999776482582 1.0 11.100008964538574
580 0.014500000514090061 0.009999999776482582 1.4500000476837158 15.700026512145996
581 0.017000000923871994 0.010555555112659931 1.610526442527771 10.700007438659668
582 0.017500001937150955 0.010555555112659931 1.6578949689865112 11.300009727478027
583 1.0 0.9055555462837219 1.1042945384979248 -94.89912414550781
584 0.999500036239624 0.5538889169692993 1.8045135736465454 -94.89912414550781
585 0.013000000268220901 0.009999999776482582 1.3000000715255737 12.7000150680542
586 0.012000000104308128 0.009444444440305233 1.2705882787704468 18.800037384033203
587 0.02250000089406967 0.009999999776482582 2.250000238418579 11.000008583068848
588 0.0195000022649765 0.010555555112659931 1.8473687171936035 14.100020408630371
589 0.01100000087171793 0.009444444440305233 1.1647059917449951 11.700011253356934
590 0.023000000044703484 0.009444444440305233 2.4352941513061523 11.700011253356934
591 0.01600000075995922 0.010555555112659931 1.5157896280288696 17.500032424926758
592 0.03400000184774399 0.010555555112659931 3.221052885055542 3.2000017166137695
593 0.016500001773238182 0.009444444440305233 1.7470589876174927 15.90002727508545
594 0.016499999910593033 0.009999999776482582 1.649999976158142 5.799999237060547
595 0.010999999940395355 0.010555555112659931 1.0421053171157837 12.900015830993652
596 0.015500000678002834 0.009999999776482582 1.5500000715255737 13.200016975402832
597 0.013000000268220901 0.010555555112659931 1.231579065322876 9.700003623962402
598 0.02200000174343586 0.009999999776482582 2.200000286102295 7.899997711181641
599 0.020000001415610313 0.009999999776482582 2.000000238418579 11.700011253356934
600 0.020500000566244125 0.009444444440305233 2.170588254928589 12.900015830993652
601 0.01850000023841858 0.009999999776482582 1.850000023841858 13.200016975402832
602 0.015000000596046448 0.009999999776482582 1.5000001192092896 11.900012016296387
603 0.01900000125169754 0.009999999776482582 1.9000002145767212 17.800033569335938
604 0.021000001579523087 0.009999999776482582 2.1000001430511475 10.300005912780762
605 0.017000000923871994 0.009999999776482582 1.7000001668930054 17.40003204345703
606 0.017500001937150955 0.009999999776482582 1.750000238418579 8.59999942779541
607 0.023500001057982445 0.009444444440305233 2.4882354736328125 11.400010108947754
608 0.010999999940395355 0.010555555112659931 1.0421053171157837 13.600018501281738
609 0.014500000514090061 0.010555555112659931 1.373684287071228 12.800015449523926
610 0.01900000125169754 0.009444444440305233 2.0117647647857666 16.200027465820312
611 0.021500002592802048 0.009444444440305233 2.276470899581909 7.199997901916504
612 0.015000000596046448 0.010555555112659931 1.4210526943206787 10.800007820129395
613 0.00950000062584877 0.009444444440305233 1.0058823823928833 20.60004425048828
614 0.01900000125169754 0.009444444440305233 2.0117647647857666 9.600003242492676
615 0.01600000075995922 0.010555555112659931 1.5157896280288696 13.000016212463379
616 0.01850000023841858 0.009444444440305233 1.958823561668396 12.000012397766113
617 0.009000000543892384 0.009999999776482582 0.9000000953674316 9.50000286102295
618 0.016499999910593033 0.010555555112659931 1.5631579160690308 13.200016975402832
619 0.013000000268220901 0.010555555112659931 1.231579065322876 10.500006675720215
620 0.0195000022649765 0.010555555112659931 1.8473687171936035 6.099998950958252
621 0.00950000062584877 0.009999999776482582 0.9500001072883606 9.600003242492676
622 0.014000000432133675 0.009999999776482582 1.4000000953674316 11.300009727478027
623 0.015000000596046448 0.009999999776482582 1.5000001192092896 14.200020790100098
624 0.011500000953674316 0.009999999776482582 1.1500000953674316 15.00002384185791
625 0.01850000023841858 0.010555555112659931 1.752631664276123 12.10001277923584
626 0.014500000514090061 0.009999999776482582 1.4500000476837158 6.999998092651367
627 0.015000000596046448 0.009999999776482582 1.5000001192092896 17.900033950805664
628 0.017000000923871994 0.009999999776482582 1.7000001668930054 8.499999046325684
629 0.01850000023841858 0.010555555112659931 1.752631664276123 14.000020027160645
630 0.01900000125169754 0.009444444440305233 2.0117647647857666 15.100024223327637
631 0.021000001579523087 0.009444444440305233 2.223529577255249 11.900012016296387
632 0.01600000075995922 0.010555555112659931 1.5157896280288696 15.800026893615723
633 0.014500001445412636 0.010555555112659931 1.3736844062805176 17.600032806396484
634 0.017500001937150955 0.009999999776482582 1.750000238418579 19.700040817260742
635 0.014000000432133675 0.009999999776482582 1.4000000953674316 13.700018882751465
636 0.01600000075995922 0.010555555112659931 1.5157896280288696 12.7000150680542
637 0.0195000022649765 0.009444444440305233 2.0647060871124268 18.60003662109375
638 0.014000000432133675 0.010555555112659931 1.3263158798217773 9.900004386901855
639 0.018000001087784767 0.009999999776482582 1.8000001907348633 18.00003433227539
640 0.014500000514090061 0.009444444440305233 1.5352941751480103 9.400002479553223
641 0.017000000923871994 0.009444444440305233 1.8000000715255737 12.600014686584473
642 0.009000000543892384 0.009999999776482582 0.9000000953674316 11.50001049041748
643 0.01900000125169754 0.009999999776482582 1.9000002145767212 11.900012016296387
644 0.006000000052154064 0.009444444440305233 0.6352941393852234 17.40003204345703
645 0.015000000596046448 0.009999999776482582 1.5000001192092896 11.400010108947754
646 0.014500000514090061 0.009999999776482582 1.4500000476837158 10.400006294250488
647 0.999500036239624 0.5211111307144165 1.918017029762268 -94.89912414550781
648 0.013000000268220901 0.009444444440305233 1.3764705657958984 12.800015449523926
649 0.014000000432133675 0.009999999776482582 1.4000000953674316 20.3000431060791
650 0.017500000074505806 0.009999999776482582 1.75 13.700018882751465
651 0.01850000023841858 0.009444444440305233 1.958823561668396 7.499997615814209
652 0.014000000432133675 0.010555555112659931 1.3263158798217773 19.300039291381836
653 0.023000001907348633 0.009444444440305233 2.4352943897247314 14.900023460388184
654 0.027000002562999725 0.009999999776482582 2.700000286102295 21.400047302246094
655 0.0195000022649765 0.009444444440305233 2.0647060871124268 14.200020790100098
656 0.0215000007301569 0.010555555112659931 2.0368423461914062 4.900000095367432
657 0.011500000953674316 0.009444444440305233 1.2176471948623657 14.70002269744873
658 0.015000000596046448 0.009444444440305233 1.5882353782653809 16.500028610229492
659 0.023500001057982445 0.010555555112659931 2.226315975189209 10.100005149841309
660 0.0195000022649765 0.009999999776482582 1.950000286102295 3.2000017166137695
661 0.014500001445412636 0.009444444440305233 1.5352942943572998 10.500006675720215
662 0.01600000075995922 0.009999999776482582 1.6000001430511475 11.50001049041748
663 0.013500001281499863 0.010555555112659931 1.2789475917816162 10.700007438659668
664 0.016499999910593033 0.009444444440305233 1.7470588684082031 14.100020408630371
665 0.01600000075995922 0.009444444440305233 1.694117784500122 14.40002155303955
666 0.008500000461935997 0.009999999776482582 0.8500000834465027 20.000041961669922
667 0.016499999910593033 0.009999999776482582 1.649999976158142 13.600018501281738
668 0.01850000023841858 0.010555555112659931 1.752631664276123 6.999998092651367
669 0.014000000432133675 0.009444444440305233 1.4823529720306396 15.00002384185791
670 0.020000001415610313 0.009444444440305233 2.117647171020508 13.600018501281738
671 0.023500001057982445 0.009444444440305233 2.4882354736328125 9.900004386901855
672 0.015500000678002834 0.010555555112659931 1.468421220779419 9.20000171661377
673 0.0215000007301569 0.009999999776482582 2.1500000953674316 13.800019264221191
674 0.017500001937150955 0.009999999776482582 1.750000238418579 8.59999942779541
675 0.999500036239624 0.8177777528762817 1.222214698791504 -94.89912414550781
676 0.010999999940395355 0.010555555112659931 1.0421053171157837 13.400017738342285
677 0.014500000514090061 0.009444444440305233 1.5352941751480103 14.800023078918457
678 0.014000000432133675 0.009999999776482582 1.4000000953674316 13.600018501281738
679 0.017500001937150955 0.010555555112659931 1.6578949689865112 12.40001392364502
680 0.015000000596046448 0.009444444440305233 1.5882353782653809 11.80001163482666
681 0.017000000923871994 0.009444444440305233 1.8000000715255737 16.100027084350586
682 0.01250000111758709 0.009444444440305233 1.3235294818878174 10.100005149841309
683 0.013000000268220901 0.010555555112659931 1.231579065322876 11.80001163482666
684 0.010000000707805157 0.009444444440305233 1.058823585510254 11.900012016296387
685 0.020000001415610313 0.009999999776482582 2.000000238418579 3.300001621246338
686 0.017000000923871994 0.009444444440305233 1.8000000715255737 6.19999885559082
687 0.021000001579523087 0.009999999776482582 2.1000001430511475 17.300031661987305
688 0.021000001579523087 0.010555555112659931 1.9894739389419556 15.400025367736816
689 0.020500000566244125 0.010555555112659931 1.9421054124832153 7.0999979972839355
690 0.015000000596046448 0.009999999776482582 1.5000001192092896 6.099998950958252
691 0.015500000678002834 0.009999999776482582 1.5500000715255737 16.500028610229492
692 0.016499999910593033 0.010555555112659931 1.5631579160690308 6.599998474121094
693 0.02250000089406967 0.010555555112659931 2.1315791606903076 12.10001277923584
694 0.024000000208616257 0.009999999776482582 2.4000000953674316 12.10001277923584
695 0.014000000432133675 0.010555555112659931 1.3263158798217773 7.499997615814209
696 0.017500001937150955 0.010555555112659931 1.6578949689865112 13.300017356872559
697 0.01900000125169754 0.010555555112659931 1.8000001907348633 10.100005149841309
698 0.014500000514090061 0.010555555112659931 1.373684287071228 10.300005912780762
699 0.021000001579523087 0.009444444440305233 2.223529577255249 10.900008201599121
700 0.0195000022649765 0.009444444440305233 2.0647060871124268 6.399998664855957
701 0.01250000111758709 0.009444444440305233 1.3235294818878174 11.400010108947754
702 0.009999999776482582 0.009999999776482582 1.0 15.100024223327637
703 0.017000000923871994 0.009444444440305233 1.8000000715255737 14.800023078918457
704 0.021500002592802048 0.009444444440305233 2.276470899581909 14.800023078918457
705 0.010500000789761543 0.009444444440305233 1.1117647886276245 11.80001163482666
706 0.010500000789761543 0.009444444440305233 1.1117647886276245 15.60002613067627
707 0.01250000111758709 0.010555555112659931 1.1842106580734253 13.500018119812012
708 0.02250000089406967 0.010555555112659931 2.1315791606903076 3.900001049041748
709 0.024500001221895218 0.009444444440305233 2.5941178798675537 6.999998092651367
710 0.012500000186264515 0.010555555112659931 1.1842105388641357 15.400025367736816
711 0.015000000596046448 0.009999999776482582 1.5000001192092896 17.70003318786621
712 0.013000000268220901 0.010555555112659931 1.231579065322876 19.50004005432129
713 0.016499999910593033 0.010555555112659931 1.5631579160690308 13.600018501281738
714 0.01250000111758709 0.009999999776482582 1.2500001192092896 11.400010108947754
715 0.017000000923871994 0.009444444440305233 1.8000000715255737 12.7000150680542
716 0.01600000075995922 0.009444444440305233 1.694117784500122 14.40002155303955
717 0.01850000023841858 0.009444444440305233 1.958823561668396 8.099997520446777
718 0.024500001221895218 0.010555555112659931 2.3210527896881104 0.7000025510787964
719 0.015500000678002834 0.009999999776482582 1.5500000715255737 12.800015449523926
720 0.0195000022649765 0.009999999776482582 1.950000286102295 15.60002613067627
721 0.015500001609325409 0.009999999776482582 1.5500001907348633 5.799999237060547
722 0.01900000125169754 0.010555555112659931 1.8000001907348633 14.300021171569824
723 0.0195000022649765 0.009444444440305233 2.0647060871124268 16.100027084350586
724 0.01850000023841858 0.009444444440305233 1.958823561668396 4.3000006675720215
725 0.019500000402331352 0.009999999776482582 1.9500000476837158 12.300013542175293
726 0.014500001445412636 0.009444444440305233 1.5352942943572998 12.10001277923584
727 0.027499999850988388 0.010555555112659931 2.6052632331848145 5.199999809265137
728 0.015000000596046448 0.009999999776482582 1.5000001192092896 18.400035858154297
729 0.01900000125169754 0.009444444440305233 2.0117647647857666 11.80001163482666
730 0.014000000432133675 0.009999999776482582 1.4000000953674316 11.2000093460083
731 0.01900000125169754 0.010555555112659931 1.8000001907348633 14.100020408630371
732 0.010500000789761543 0.009444444440305233 1.1117647886276245 17.200031280517578
733 0.009999999776482582 0.010555555112659931 0.9473684430122375 16.500028610229492
734 0.014500000514090061 0.009444444440305233 1.5352941751480103 11.700011253356934
735 0.013000000268220901 0.009999999776482582 1.3000000715255737 15.60002613067627
736 0.015000000596046448 0.009444444440305233 1.5882353782653809 12.300013542175293
737 0.01100000087171793 0.010555555112659931 1.0421054363250732 11.400010108947754
738 0.026500001549720764 0.010555555112659931 2.510526657104492 16.30002784729004
739 0.01600000075995922 0.009999999776482582 1.6000001430511475 10.900008201599121
740 0.01600000075995922 0.010555555112659931 1.5157896280288696 11.100008964538574
741 0.01900000125169754 0.009444444440305233 2.0117647647857666 0.7000025510787964
742 0.014500000514090061 0.010555555112659931 1.373684287071228 13.000016212463379
743 0.014500000514090061 0.009999999776482582 1.4500000476837158 17.900033950805664
744 0.018000001087784767 0.009999999776482582 1.8000001907348633 10.600007057189941
745 0.010500000789761543 0.009444444440305233 1.1117647886276245 20.10004234313965
746 0.017500001937150955 0.009999999776482582 1.750000238418579 12.7000150680542
747 0.01600000075995922 0.009999999776482582 1.6000001430511475 12.40001392364502
748 0.012000000104308128 0.009444444440305233 1.2705882787704468 17.900033950805664
749 0.0195000022649765 0.009999999776482582 1.950000286102295 13.100016593933105
750 0.01850000023841858 0.009999999776482582 1.850000023841858 10.400006294250488
751 0.00800000037997961 0.010555555112659931 0.7578948140144348 14.800023078918457
752 0.013500000350177288 0.010555555112659931 1.2789474725723267 15.700026512145996
753 0.020000001415610313 0.010555555112659931 1.8947370052337646 14.70002269744873
754 0.007500000298023224 0.009999999776482582 0.7500000596046448 14.100020408630371
755 0.011500000953674316 0.009444444440305233 1.2176471948623657 12.800015449523926
756 0.017000000923871994 0.009444444440305233 1.8000000715255737 11.900012016296387
757 0.016499999910593033 0.009999999776482582 1.649999976158142 17.70003318786621
758 0.014000000432133675 0.010555555112659931 1.3263158798217773 11.400010108947754
759 0.018000001087784767 0.009444444440305233 1.905882477760315 10.400006294250488
760 0.013500000350177288 0.009444444440305233 1.429411768913269 8.099997520446777
761 0.013000000268220901 0.010555555112659931 1.231579065322876 6.499998569488525
762 0.019500000402331352 0.009444444440305233 2.0647058486938477 11.80001163482666
763 0.01900000125169754 0.009444444440305233 2.0117647647857666 10.700007438659668
764 0.016499999910593033 0.009444444440305233 1.7470588684082031 14.000020027160645
765 0.0195000022649765 0.010555555112659931 1.8473687171936035 11.400010108947754
766 0.02250000089406967 0.009999999776482582 2.250000238418579 11.900012016296387
767 0.018000001087784767 0.009999999776482582 1.8000001907348633 16.400028228759766
768 0.017500001937150955 0.010555555112659931 1.6578949689865112 10.800007820129395
769 0.016499999910593033 0.009444444440305233 1.7470588684082031 13.300017356872559
770 0.017000000923871994 0.009999999776482582 1.7000001668930054 10.000004768371582
771 0.01900000125169754 0.009444444440305233 2.0117647647857666 13.700018882751465
772 0.02250000089406967 0.009999999776482582 2.250000238418579 15.00002384185791
773 0.01600000075995922 0.009999999776482582 1.6000001430511475 12.40001392364502
774 0.016500001773238182 0.010555555112659931 1.5631581544876099 11.000008583068848
775 0.021500002592802048 0.009999999776482582 2.1500003337860107 7.599997520446777
776 0.01900000125169754 0.009999999776482582 1.9000002145767212 15.60002613067627
777 0.00950000062584877 0.009999999776482582 0.9500001072883606 12.000012397766113
778 0.01900000125169754 0.009999999776482582 1.9000002145767212 13.900019645690918
779 0.02200000174343586 0.010555555112659931 2.0842108726501465 17.500032424926758
780 0.024000000208616257 0.009444444440305233 2.5411765575408936 17.000030517578125
781 0.014000000432133675 0.010555555112659931 1.3263158798217773 10.000004768371582
782 0.02199999988079071 0.009444444440305233 2.329411745071411 9.400002479553223
783 0.009999999776482582 0.009999999776482582 1.0 10.900008201599121
784 0.015500000678002834 0.010555555112659931 1.468421220779419 12.500014305114746
785 0.01250000111758709 0.009999999776482582 1.2500001192092896 12.7000150680542
786 0.010500000789761543 0.009444444440305233 1.1117647886276245 8.29999828338623
787 0.015500000678002834 0.010555555112659931 1.468421220779419 7.499997615814209
788 0.013000000268220901 0.009444444440305233 1.3764705657958984 11.300009727478027
789 0.016499999910593033 0.009444444440305233 1.7470588684082031 10.500006675720215
790 0.01600000075995922 0.009999999776482582 1.6000001430511475 11.000008583068848
791 0.009999999776482582 0.010555555112659931 0.9473684430122375 13.900019645690918
792 0.015500001609325409 0.009444444440305233 1.641176700592041 14.800023078918457
793 0.017500001937150955 0.009999999776482582 1.750000238418579 23.3000545501709
794 0.020000001415610313 0.009444444440305233 2.117647171020508 14.800023078918457
795 0.021500002592802048 0.010555555112659931 2.0368423461914062 15.100024223327637
796 0.010999999940395355 0.009999999776482582 1.100000023841858 10.100005149841309
797 0.011500000953674316 0.009444444440305233 1.2176471948623657 21.100046157836914
798 1.0 0.7850000262260437 1.2738852500915527 -94.89912414550781
799 0.016499999910593033 0.009444444440305233 1.7470588684082031 13.900019645690918
800 0.017000000923871994 0.010555555112659931 1.610526442527771 22.10004997253418
801 0.01600000075995922 0.009444444440305233 1.694117784500122 8.29999828338623
802 0.013000000268220901 0.009444444440305233 1.3764705657958984 14.300021171569824
803 0.018000001087784767 0.010555555112659931 1.705263376235962 15.200024604797363
804 0.014500001445412636 0.009444444440305233 1.5352942943572998 14.600022315979004
805 0.016499999910593033 0.009444444440305233 1.7470588684082031 13.000016212463379
806 0.01250000111758709 0.010555555112659931 1.1842106580734253 16.9000301361084
807 0.015500001609325409 0.009444444440305233 1.641176700592041 13.800019264221191
808 0.014000000432133675 0.009999999776482582 1.4000000953674316 17.900033950805664
809 0.013500001281499863 0.009999999776482582 1.3500001430511475 13.800019264221191
810 0.013000000268220901 0.009444444440305233 1.3764705657958984 11.000008583068848
811 0.014000000432133675 0.009444444440305233 1.4823529720306396 15.90002727508545
812 0.010999999940395355 0.009444444440305233 1.1647058725357056 17.40003204345703
813 0.012000000104308128 0.009999999776482582 1.2000000476837158 22.200050354003906
814 0.020000001415610313 0.009444444440305233 2.117647171020508 6.499998569488525
815 0.012000000104308128 0.009444444440305233 1.2705882787704468 14.500021934509277
816 0.014500000514090061 0.009444444440305233 1.5352941751480103 11.700011253356934
817 0.01250000111758709 0.009999999776482582 1.2500001192092896 16.100027084350586
818 0.015000000596046448 0.010555555112659931 1.4210526943206787 15.200024604797363
819 0.015000000596046448 0.009999999776482582 1.5000001192092896 13.300017356872559
820 0.007500000298023224 0.009999999776482582 0.7500000596046448 15.800026893615723
821 0.01850000023841858 0.009444444440305233 1.958823561668396 14.500021934509277
822 0.011500000953674316 0.009444444440305233 1.2176471948623657 13.900019645690918
823 0.017000000923871994 0.010555555112659931 1.610526442527771 20.700044631958008
824 0.014000000432133675 0.009444444440305233 1.4823529720306396 12.800015449523926
825 0.009999999776482582 0.009999999776482582 1.0 12.10001277923584
826 0.018000001087784767 0.009999999776482582 1.8000001907348633 19.000038146972656
827 0.014000000432133675 0.009999999776482582 1.4000000953674316 13.800019264221191
828 0.014500001445412636 0.009444444440305233 1.5352942943572998 6.7999982833862305
829 0.010500000789761543 0.009444444440305233 1.1117647886276245 9.900004386901855
830 0.014000000432133675 0.009999999776482582 1.4000000953674316 4.100000858306885
831 0.012000000104308128 0.009444444440305233 1.2705882787704468 10.500006675720215
832 0.021000001579523087 0.009999999776482582 2.1000001430511475 13.100016593933105
833 0.013500001281499863 0.009444444440305233 1.4294118881225586 12.600014686584473
834 0.013000000268220901 0.010555555112659931 1.231579065322876 6.999998092651367
835 0.00950000062584877 0.009999999776482582 0.9500001072883606 9.20000171661377
836 0.021000001579523087 0.010555555112659931 1.9894739389419556 11.80001163482666
837 0.011500000953674316 0.009444444440305233 1.2176471948623657 12.000012397766113
838 0.014500000514090061 0.009999999776482582 1.4500000476837158 15.800026893615723
839 0.015000000596046448 0.009999999776482582 1.5000001192092896 16.30002784729004
840 1.0 0.8788889050483704 1.1378002166748047 -94.89912414550781
841 0.01600000075995922 0.010555555112659931 1.5157896280288696 12.40001392364502
842 0.016499999910593033 0.010555555112659931 1.5631579160690308 14.900023460388184
843 0.013000000268220901 0.009444444440305233 1.3764705657958984 10.300005912780762
844 0.01250000111758709 0.010555555112659931 1.1842106580734253 13.700018882751465
845 0.0215000007301569 0.009999999776482582 2.1500000953674316 3.100001811981201
846 0.01600000075995922 0.009444444440305233 1.694117784500122 14.800023078918457
847 0.011500000953674316 0.009999999776482582 1.1500000953674316 9.700003623962402
848 0.0215000007301569 0.009444444440305233 2.27647066116333 15.700026512145996
849 0.020000001415610313 0.009999999776482582 2.000000238418579 12.800015449523926
850 0.015000000596046448 0.010555555112659931 1.4210526943206787 15.800026893615723
851 0.01850000023841858 0.009444444440305233 1.958823561668396 12.600014686584473
852 0.016499999910593033 0.009999999776482582 1.649999976158142 14.900023460388184
853 0.011500000953674316 0.010555555112659931 1.089473843574524 13.600018501281738
854 0.008500000461935997 0.009999999776482582 0.8500000834465027 13.500018119812012
855 0.01600000075995922 0.010555555112659931 1.5157896280288696 13.400017738342285
856 0.017000000923871994 0.009444444440305233 1.8000000715255737 17.500032424926758
857 0.01900000125169754 0.009999999776482582 1.9000002145767212 14.70002269744873
858 0.012000000104308128 0.009999999776482582 1.2000000476837158 11.300009727478027
859 0.02199999988079071 0.009999999776482582 2.200000047683716 17.70003318786621
860 0.012500000186264515 0.009999999776482582 1.25 12.7000150680542
861 0.01250000111758709 0.009999999776482582 1.2500001192092896 15.500025749206543
862 0.014500000514090061 0.009999999776482582 1.4500000476837158 11.2000093460083
863 0.00950000062584877 0.009444444440305233 1.0058823823928833 8.199997901916504
864 0.019999999552965164 0.009444444440305233 2.1176469326019287 18.800037384033203
865 0.01600000075995922 0.009999999776482582 1.6000001430511475 16.800029754638672
866 0.021500002592802048 0.010555555112659931 2.0368423461914062 15.700026512145996
867 0.02250000089406967 0.010555555112659931 2.1315791606903076 9.400002479553223
868 0.015500000678002834 0.009444444440305233 1.6411765813827515 17.800033569335938
869 0.0215000007301569 0.009444444440305233 2.27647066116333 14.40002155303955
870 0.00800000037997961 0.009999999776482582 0.8000000715255737 16.60002899169922
871 0.0195000022649765 0.009444444440305233 2.0647060871124268 5.099999904632568
872 0.010500000789761543 0.009999999776482582 1.0500000715255737 16.500028610229492
873 0.00800000037997961 0.010555555112659931 0.7578948140144348 9.400002479553223
874 0.018000001087784767 0.010555555112659931 1.705263376235962 8.399998664855957
875 0.02500000223517418 0.010555555112659931 2.3684213161468506 5.099999904632568
876 0.026500001549720764 0.009999999776482582 2.6500000953674316 16.60002899169922
877 0.020000001415610313 0.009999999776482582 2.000000238418579 15.00002384185791
878 0.018000001087784767 0.009444444440305233 1.905882477760315 7.999997138977051
879 0.01900000125169754 0.009444444440305233 2.0117647647857666 11.80001163482666
880 0.016499999910593033 0.009999999776482582 1.649999976158142 12.300013542175293
881 0.016499999910593033 0.009444444440305233 1.7470588684082031 17.300031661987305
882 0.011500000953674316 0.009444444440305233 1.2176471948623657 5.59999942779541
883 0.02500000223517418 0.009999999776482582 2.500000238418579 1.7000027894973755
884 1.0 0.9200000166893005 1.08695650100708 -94.89912414550781
885 0.013000000268220901 0.009999999776482582 1.3000000715255737 13.300017356872559
886 0.01600000075995922 0.009999999776482582 1.6000001430511475 10.700007438659668
887 0.02250000089406967 0.009999999776482582 2.250000238418579 14.300021171569824
888 0.015500000678002834 0.009999999776482582 1.5500000715255737 17.200031280517578
889 0.013000000268220901 0.009999999776482582 1.3000000715255737 16.00002670288086
890 0.010000000707805157 0.010555555112659931 0.9473685026168823 12.900015830993652
891 0.009999999776482582 0.009999999776482582 1.0 7.899997234344482
892 0.016499999910593033 0.009999999776482582 1.649999976158142 18.100034713745117
893 0.017000000923871994 0.009999999776482582 1.7000001668930054 12.300013542175293
894 0.02200000174343586 0.010555555112659931 2.0842108726501465 9.700003623962402
895 0.014000000432133675 0.009444444440305233 1.4823529720306396 10.500006675720215
896 0.02250000089406967 0.010555555112659931 2.1315791606903076 9.800004005432129
897 0.007500000298023224 0.009444444440305233 0.7941176891326904 9.800004005432129
898 0.014000000432133675 0.009444444440305233 1.4823529720306396 16.200027465820312
899 0.018000001087784767 0.009999999776482582 1.8000001907348633 10.800007820129395
900 0.020000001415610313 0.009444444440305233 2.117647171020508 13.900019645690918
901 0.027000000700354576 0.009999999776482582 2.700000047683716 0.9000025987625122
902 0.01850000023841858 0.009444444440305233 1.958823561668396 15.800026893615723
903 0.017000000923871994 0.009444444440305233 1.8000000715255737 7.299997806549072
904 0.013500001281499863 0.010555555112659931 1.2789475917816162 11.300009727478027
905 0.017000000923871994 0.009999999776482582 1.7000001668930054 15.00002384185791
906 0.015500000678002834 0.009999999776482582 1.5500000715255737 12.900015830993652
907 0.01600000075995922 0.009999999776482582 1.6000001430511475 10.400006294250488
908 0.01600000075995922 0.009999999776482582 1.6000001430511475 11.000008583068848
909 0.018000001087784767 0.009444444440305233 1.905882477760315 11.900012016296387
910 0.01600000075995922 0.010555555112659931 1.5157896280288696 15.60002613067627
911 0.014500000514090061 0.009444444440305233 1.5352941751480103 15.400025367736816
912 0.016499999910593033 0.010555555112659931 1.5631579160690308 13.800019264221191
913 0.018000001087784767 0.010555555112659931 1.705263376235962 19.100038528442383
914 0.014500000514090061 0.009999999776482582 1.4500000476837158 11.900012016296387
915 0.01250000111758709 0.009999999776482582 1.2500001192092896 13.400017738342285
916 0.015000000596046448 0.009444444440305233 1.5882353782653809 11.000008583068848
917 0.017000000923871994 0.009999999776482582 1.7000001668930054 13.100016593933105
918 0.016499999910593033 0.009999999776482582 1.649999976158142 16.700029373168945
919 0.010999999940395355 0.009999999776482582 1.100000023841858 10.300005912780762
920 0.023000001907348633 0.009444444440305233 2.4352943897247314 14.200020790100098
921 0.014000000432133675 0.009444444440305233 1.4823529720306396 11.2000093460083
922 0.017000000923871994 0.009444444440305233 1.8000000715255737 21.900049209594727
923 0.026500001549720764 0.010555555112659931 2.510526657104492 10.700007438659668
924 0.017000000923871994 0.009999999776482582 1.7000001668930054 21.000045776367188
925 0.019500000402331352 0.009444444440305233 2.0647058486938477 5.099999904632568
926 0.02199999988079071 0.009444444440305233 2.329411745071411 16.30002784729004
927 0.023000001907348633 0.009444444440305233 2.4352943897247314 13.400017738342285
928 0.015500000678002834 0.009999999776482582 1.5500000715255737 17.10003089904785
929 0.01600000075995922 0.009444444440305233 1.694117784500122 10.100005149841309
930 0.016499999910593033 0.009444444440305233 1.7470588684082031 11.700011253356934
931 0.017000000923871994 0.010555555112659931 1.610526442527771 10.400006294250488
932 0.017500001937150955 0.009444444440305233 1.8529413938522339 10.400006294250488
933 0.014000000432133675 0.009444444440305233 1.4823529720306396 13.900019645690918
934 0.020000001415610313 0.010555555112659931 1.8947370052337646 14.100020408630371
935 0.013000000268220901 0.010555555112659931 1.231579065322876 18.60003662109375
936 0.015500000678002834 0.009444444440305233 1.6411765813827515 15.30002498626709
937 0.017500001937150955 0.010555555112659931 1.6578949689865112 8.800000190734863
938 0.015000000596046448 0.009999999776482582 1.5000001192092896 18.800037384033203
939 0.013500000350177288 0.009444444440305233 1.429411768913269 4.100000858306885
940 0.013000000268220901 0.009999999776482582 1.3000000715255737 11.80001163482666
941 0.017000000923871994 0.009999999776482582 1.7000001668930054 6.699998378753662
942 0.014500001445412636 0.009444444440305233 1.5352942943572998 18.90003776550293
943 0.011500000953674316 0.009444444440305233 1.2176471948623657 15.500025749206543
944 0.015500000678002834 0.010555555112659931 1.468421220779419 9.700003623962402
945 0.0215000007301569 0.009999999776482582 2.1500000953674316 12.10001277923584
946 0.027499999850988388 0.009444444440305233 2.911764621734619 19.20003890991211
947 0.017500001937150955 0.009999999776482582 1.750000238418579 11.80001163482666
948 1.0 0.8572221994400024 1.1665587425231934 -94.89912414550781
949 0.018000001087784767 0.010555555112659931 1.705263376235962 11.700011253356934
950 0.015500000678002834 0.009444444440305233 1.6411765813827515 12.10001277923584
951 0.020000001415610313 0.009999999776482582 2.000000238418579 10.700007438659668
952 0.010500000789761543 0.009444444440305233 1.1117647886276245 11.300009727478027
953 0.016499999910593033 0.009444444440305233 1.7470588684082031 10.300005912780762
954 0.01900000125169754 0.010555555112659931 1.8000001907348633 12.600014686584473
955 0.00800000037997961 0.009444444440305233 0.847058892250061 10.900008201599121
956 0.020500000566244125 0.009999999776482582 2.0500001907348633 13.600018501281738
957 0.024000000208616257 0.009444444440305233 2.5411765575408936 3.300001621246338
958 0.01850000023841858 0.009999999776482582 1.850000023841858 9.20000171661377
959 0.016499999910593033 0.009444444440305233 1.7470588684082031 9.300002098083496
960 0.01900000125169754 0.009999999776482582 1.9000002145767212 9.400002479553223
961 0.010500000789761543 0.009444444440305233 1.1117647886276245 9.800004005432129
962 0.010000000707805157 0.009999999776482582 1.0000001192092896 11.700011253356934
963 0.01600000075995922 0.010555555112659931 1.5157896280288696 4.200000762939453
964 0.013000000268220901 0.010555555112659931 1.231579065322876 10.200005531311035
965 0.020500000566244125 0.010555555112659931 1.9421054124832153 9.400002479553223
966 1.0 0.980555534362793 1.0198301076889038 -94.89912414550781
967 0.014500001445412636 0.009444444440305233 1.5352942943572998 6.599998474121094
968 0.017500001937150955 0.010555555112659931 1.6578949689865112 13.500018119812012
969 0.017000000923871994 0.009444444440305233 1.8000000715255737 16.200027465820312
970 0.02250000089406967 0.009444444440305233 2.3823530673980713 4.200000762939453
971 0.02250000089406967 0.009444444440305233 2.3823530673980713 16.100027084350586
972 0.011500000953674316 0.009444444440305233 1.2176471948623657 12.800015449523926
973 0.02250000089406967 0.010555555112659931 2.1315791606903076 19.000038146972656
974 0.012000000104308128 0.009444444440305233 1.2705882787704468 17.10003089904785
975 0.01600000075995922 0.009999999776482582 1.6000001430511475 20.000041961669922
976 0.00800000037997961 0.009444444440305233 0.847058892250061 14.500021934509277
977 0.01100000087171793 0.009999999776482582 1.1000001430511475 13.200016975402832
978 0.017999999225139618 0.009999999776482582 1.7999999523162842 11.700011253356934
979 0.013000000268220901 0.009444444440305233 1.3764705657958984 14.40002155303955
980 0.011500000953674316 0.009444444440305233 1.2176471948623657 13.000016212463379
981 0.016499999910593033 0.009444444440305233 1.7470588684082031 20.60004425048828
982 0.013500000350177288 0.009444444440305233 1.429411768913269 15.400025367736816
983 0.017000000923871994 0.010555555112659931 1.610526442527771 4.900000095367432
984 0.014000000432133675 0.010555555112659931 1.3263158798217773 12.200013160705566
985 0.0195000022649765 0.010555555112659931 1.8473687171936035 11.80001163482666
986 0.020500000566244125 0.009444444440305233 2.170588254928589 15.500025749206543
987 0.020000001415610313 0.009444444440305233 2.117647171020508 10.900008201599121
988 0.013500001281499863 0.009444444440305233 1.4294118881225586 10.900008201599121
989 0.009999999776482582 0.009444444440305233 1.0588234663009644 9.800004005432129
990 0.021000001579523087 0.009999999776482582 2.1000001430511475 11.50001049041748
991 0.015500000678002834 0.009999999776482582 1.5500000715255737 11.50001049041748
992 0.014500000514090061 0.009444444440305233 1.5352941751480103 19.400039672851562
993 0.00950000062584877 0.009444444440305233 1.0058823823928833 7.0999979972839355
994 0.01600000075995922 0.009444444440305233 1.694117784500122 9.400002479553223
995 0.01850000023841858 0.010555555112659931 1.752631664276123 11.300009727478027
996 0.01900000125169754 0.009444444440305233 2.0117647647857666 19.000038146972656
997 0.017500001937150955 0.009444444440305233 1.8529413938522339 18.200035095214844
998 0.014000000432133675 0.009999999776482582 1.4000000953674316 18.30003547668457
999 0.00950000062584877 0.009444444440305233 1.0058823823928833 12.40001392364502
1000 0.014000000432133675 0.009999999776482582 1.4000000953674316 6.999998092651367
