4.6426 306
4.82788 301
3.762673 281
4.804114 263
3.5970266 212
3.8947906 271
3.0205033 176
2.643307 154
2.3045328 118
3.791768 217
5.3068886 296
4.174765 242
2.9369452 174
5.2601023 313
4.8259606 346
3.2733257 184
3.6093767 217
4.775777 306
0.22899064 11
3.6128762 234
2.730148 165
3.4072611 213
3.507202 203
4.227825 248
3.5180228 226
4.8694973 263
4.124119 277
4.1300097 248
4.3691244 247
4.1038947 281
3.8331528 218
3.5214758 260
4.8287673 304
2.822313 158
4.9907584 308
4.1455116 223
3.139312 181
4.334916 322
2.964995 177
4.1210527 297
3.6259181 277
3.0422096 188
4.00852 255
2.6312678 157
3.8849604 245
3.0263329 175
3.4132788 236
4.7997456 283
3.246726 179
3.8319287 222
4.3812275 285
5.0534306 271
4.1174383 247
3.7422476 225
5.2431507 321
4.66658 293
4.8691707 304
3.9284217 284
3.6899564 214
2.2663145 140
4.119363 264
3.4105413 188
0.853734 50
2.8691359 160
4.6593833 259
2.4330308 167
4.141245 244
3.482402 203
4.910641 322
5.266486 316
4.5168123 283
5.9505606 357
3.4517703 189
2.6969194 160
4.2416196 314
4.727458 312
4.252524 258
3.721472 229
1.9248658 113
3.1601799 177
2.349883 133
3.76852 236
5.4214654 330
3.9839113 252
4.6367736 282
3.9070232 222
3.81049 247
2.5269842 133
4.257263 255
3.4450345 237
3.975801 227
5.0647693 345
1.4797686 83
2.608054 140
3.7516031 240
1.9287175 101
2.7806933 188
4.717918 278
3.8025656 230
4.6553874 270
4.6877346 284
4.977243 280
3.6577322 208
5.0717754 319
2.1418586 122
4.3121853 267
4.556573 260
3.2101724 215
3.747138 238
5.168169 326
2.6689856 159
2.6712053 165
3.9531336 245
3.5463178 221
3.86291 260
2.2359753 147
3.442272 235
4.432032 260
2.7554145 173
2.096281 110
2.9320333 149
2.7816234 162
4.1789804 292
5.286736 351
2.5108128 147
1.4200518 81
3.840464 225
5.137325 341
3.9635975 243
4.7798915 270
3.59549 210
4.2648664 246
3.3952787 191
3.18349 174
4.0955124 278
4.5387115 327
4.4394245 270
3.8099706 266
5.2806625 343
3.0300567 190
3.9874709 261
4.9070654 333
4.160079 237
3.7582765 278
4.0827 237
4.325892 309
4.3464375 277
5.3783216 323
4.7507358 280
2.9296725 157
3.9650786 240
1.9103682 94
4.406032 261
3.5513966 204
3.5344613 269
4.2993617 252
3.6609764 219
5.709416 359
2.1601574 115
2.565189 164
3.3199685 211
5.171375 313
4.6119103 309
4.465497 267
3.0166905 173
4.044447 219
5.5143175 410
2.7181091 154
4.9684453 362
6.012568 468
3.8743312 249
3.4467545 210
5.0642715 284
4.033264 220
4.8472424 295
1.1911883 74
3.9961202 281
2.8407857 170
4.712925 339
2.6619563 161
4.546045 331
4.191468 281
3.6435335 244
5.7207327 325
0.8126006 44
2.524012 143
4.9913883 287
3.0721004 171
5.2444825 295
3.1110587 212
3.268284 224
3.134864 218
5.445517 309
2.4146335 144
4.698564 276
2.8991113 173
4.547385 323
4.3595552 273
3.752512 241
1.6485269 91
3.6036072 189
5.717811 356
3.9595635 284
3.719881 263
3.956234 279
4.739516 310
1.9857808 115
3.1460695 172
4.5954795 271
2.5701141 153
4.129723 259
2.1779583 124
3.6664197 216
3.3160036 201
2.0055392 116
4.4982276 267
5.400217 357
1.4318318 81
3.9903166 249
3.5428722 201
3.2309837 192
3.3721077 192
3.0780127 161
4.7061415 284
3.424776 250
3.2113345 169
2.9441366 161
4.266562 306
3.681486 261
3.8704014 263
3.7768588 233
4.11569 237
3.3531404 187
2.7756157 160
2.8968687 197
3.4176757 218
5.250855 317
4.2788897 261
3.803087 231
4.545843 321
3.9801326 237
2.1376998 113
2.9366627 162
3.7513652 230
2.935104 190
3.2678297 180
5.464752 322
0.024145339 1
3.2239654 180
3.2053442 200
2.1327174 119
3.3142943 241
3.3727624 215
3.4836774 199
3.6078799 233
3.1858208 215
3.323118 203
1.8950596 111
4.747867 308
0.025806911 1
4.1027656 259
3.3252256 205
4.340826 286
4.2169065 270
1.1888522 70
4.1287804 303
1.3554595 72
4.0643964 282
3.3209248 188
4.9894543 286
3.754915 213
5.3508697 306
4.1526065 296
1.9172885 106
2.984795 177
3.1879816 186
4.8054876 321
3.8251226 232
3.7768314 212
4.597622 339
4.354491 268
3.6586974 218
2.3845465 144
3.6109047 235
3.6072612 218
4.725245 277
3.3107808 209
3.377 196
3.6083658 253
2.5926733 147
2.1283631 113
2.9287553 160
3.1911728 193
4.105663 251
4.8524933 296
3.4837258 206
6.791105 417
3.0891778 158
4.471337 268
3.042536 190
3.3846667 210
3.860117 224
4.3455076 304
3.4214056 197
3.6371813 225
4.5351377 258
3.7869582 216
3.3014057 193
2.746889 156
4.7200055 286
4.609631 268
6.7872844 403
5.328007 322
3.6778784 203
4.3121634 316
3.5340014 206
2.6697516 181
2.545151 151
3.1865115 168
2.8756976 156
0.021494146 1
0.6074692 33
3.2084556 196
4.7149687 316
3.8236964 227
3.1448731 203
1.5921453 84
5.530904 320
3.9277728 236
4.07935 280
4.019836 285
4.386396 265
4.9029894 338
3.3039536 185
4.5530963 268
3.5828507 208
1.7189288 94
3.3620384 218
3.5119562 195
3.6480725 212
0.02340935 1
2.4954457 149
4.5358176 336
4.238098 232
3.6693966 216
4.241291 312
4.7194886 282
2.5926704 135
3.561529 254
3.4392076 197
4.155377 267
4.1344137 232
2.9269624 154
3.641173 218
4.189835 273
3.7986107 228
4.115281 234
3.524261 283
3.4471831 205
0.7897134 41
3.8363771 236
4.1674266 259
4.0286446 233
2.7635367 167
4.6307726 258
4.684493 281
2.8245194 175
3.6807277 214
3.474395 228
3.5383568 194
4.1903105 271
5.0424504 307
4.7573557 264
4.1809974 261
3.668393 223
5.8052373 367
1.3048248 78
4.53541 306
4.454313 313
3.940872 232
4.4350476 234
1.2527691 66
4.542231 276
4.0469 270
5.8002343 374
4.408897 316
2.611451 167
4.0047846 238
4.626117 338
2.4589727 147
3.381664 197
3.1296773 173
4.756265 300
4.1767097 288
2.302634 135
3.2833295 185
5.1894965 326
3.1673973 189
4.1396255 250
3.797269 231
3.8162682 229
3.0997183 188
4.025684 219
3.0003073 182
1.697814 90
5.026478 299
1.2026354 60
5.47051 325
4.340794 252
4.06709 283
4.562843 297
2.295057 142
1.1747241 59
4.32568 268
2.717233 167
2.8778267 183
4.208689 307
1.7388281 104
4.5964007 293
4.537341 333
2.6402454 156
2.4676995 132
3.2616732 204
4.3327756 272
4.782622 282
3.8209343 228
2.8085947 173
4.114952 313
4.877404 354
4.1861844 280
4.1222553 301
2.6304252 151
4.073434 272
3.8522696 226
3.1599898 224
2.915706 180
4.0216923 250
3.9894638 221
3.9796164 251
3.2421696 218
4.1470795 216
4.514062 263
4.3398576 264
3.572668 229
2.3409352 124
0.025592918 1
2.9524503 169
0.542155 29
0.5622159 30
0.8397827 42
2.3120036 129
3.7292075 202
3.0151253 169
4.7344375 273
3.7936473 244
3.5925286 260
2.0275264 113
2.5340905 153
4.6504693 297
4.5031657 251
2.424735 151
3.8605661 216
3.5514078 190
5.3400393 328
2.2751536 116
4.4919076 269
3.7087986 220
3.9990923 237
3.4464893 194
3.24563 177
3.1733522 197
2.197078 139
4.978059 308
3.8808267 305
4.0503864 243
4.2873282 239
5.0638976 366
4.539613 270
2.5637412 153
2.8130789 162
3.9700725 288
4.2722316 267
5.215083 357
3.6109114 228
4.105935 256
4.853219 295
3.4981008 186
2.8472419 177
2.28891 142
4.1533856 306
2.8594434 163
3.0972164 170
2.18564 114
5.4301143 314
4.2077336 286
0.026343787 1
3.1118455 187
2.2618363 146
3.320321 191
3.3397894 228
4.341094 253
4.3832574 263
2.9245012 174
5.4109344 311
3.5640998 289
4.295557 269
3.9185011 272
2.4415107 139
2.7493243 169
3.7788596 220
3.1077905 174
2.7766128 184
4.672078 281
4.8307376 273
4.659767 261
3.1168797 186
3.70307 197
3.6276653 224
4.602464 305
3.3408022 224
3.3065732 190
2.6470819 166
3.3371809 193
3.556901 243
4.8429494 274
5.766364 326
3.9321635 226
4.1508007 237
3.5192542 193
4.482279 324
2.0954342 124
3.4764454 204
2.7422185 165
7.4534326 499
4.186231 260
4.3894534 252
4.099194 236
3.6578863 258
3.1490214 206
3.6165671 219
3.9227538 212
3.645694 205
1.0774177 61
1.2444187 70
4.1928015 266
3.868544 216
5.126654 295
3.1488097 176
4.040891 255
4.106798 217
2.7017972 164
1.8613284 118
3.3341725 180
3.733516 199
3.9117968 225
5.6201596 399
4.293562 237
2.98713 175
3.285904 206
3.6395936 201
3.4504862 216
3.0237117 161
2.9723032 182
3.798542 239
5.2117915 318
3.2704628 201
3.509326 222
4.1057487 251
2.7757263 166
4.4237046 261
3.9164574 232
1.328944 81
3.3502316 209
4.4530993 266
5.49835 374
3.345822 197
4.330668 272
4.3266206 268
2.0084746 111
3.998259 247
3.352575 213
4.395795 246
0.023748638 1
0.98119324 52
4.152842 275
4.143955 278
4.0525846 242
3.2572348 187
3.9869914 224
4.1878004 283
5.902177 378
1.0776222 61
5.4236383 316
1.2977601 77
3.7775733 244
3.9716415 228
4.01517 231
5.1431375 318
2.615736 154
3.8109426 220
5.351611 345
3.4396033 224
5.650282 376
3.7823424 225
3.9159472 241
2.5118048 146
2.636334 161
3.811315 233
4.641656 264
4.5727067 273
2.437168 132
4.2309523 233
4.3707595 244
2.9663775 187
3.44664 207
3.6573913 230
3.9772396 260
4.759847 271
2.6046202 141
0.7936232 47
3.8661926 222
4.187766 260
5.4750485 346
4.5080557 279
3.3155742 207
2.7373402 152
5.086104 305
3.2807827 192
3.1622937 188
2.3786871 131
3.914485 248
4.4200897 273
3.756144 236
4.407531 267
4.3990264 267
2.800909 165
4.8444686 350
2.526262 135
3.8844721 238
2.394342 149
4.1821766 287
2.6585255 147
4.5478544 264
4.778847 265
5.6688375 341
1.2458967 67
2.3726583 135
4.4236016 304
4.8825216 295
3.5197747 245
4.0892324 274
4.1910367 250
4.5978317 344
4.078702 242
3.1671805 162
2.0733237 107
4.5316796 253
4.60196 273
2.4111578 134
0.024738565 1
5.8782454 394
3.3553553 203
3.8333087 245
4.287383 311
5.4581914 342
5.941916 380
3.3881555 209
1.932034 120
5.97785 427
4.1803527 258
3.4453657 213
3.9357877 225
4.8156 345
3.7493012 204
0.7122851 39
3.969706 295
4.022471 220
3.578311 192
3.6912606 216
3.6491854 245
4.0654354 255
3.452724 200
4.1501474 298
3.3167868 207
0.4621347 25
2.7082875 155
4.3928986 299
4.802152 300
3.0253093 189
1.5129402 91
3.9094336 229
1.2339014 65
3.330085 200
3.6112623 228
2.6930323 156
4.6382713 332
3.2259257 244
4.4374924 277
2.5836782 153
3.5792584 219
3.7202754 252
4.812744 273
3.7187371 253
3.393431 198
4.7790813 281
3.9743755 264
4.2128725 268
1.765031 103
3.716306 223
4.5289216 282
3.1204436 175
3.9046047 225
2.6646237 147
4.798522 284
3.8577988 244
4.0121217 214
2.0680766 152
3.406251 195
3.5113068 222
4.1844325 244
0.026153324 1
4.723648 270
4.6407547 279
3.0030334 171
4.5582986 285
4.181437 314
0.36248273 22
4.547988 264
3.4430504 192
4.339735 258
3.4121056 203
4.6309037 271
4.903704 273
3.3878129 240
4.0437016 250
4.144425 294
3.2468565 172
4.1973605 243
3.604452 188
2.9658422 181
0.022627367 1
3.7579415 224
6.667644 382
3.5940273 239
3.6504564 200
4.251477 287
3.4677374 246
4.6109257 288
3.0734527 179
3.8323138 282
4.4790425 264
3.025828 157
5.0756326 345
4.1064496 240
4.6094513 331
4.195722 309
3.4519727 208
3.9610372 273
2.9699416 184
3.093189 188
2.4187841 157
3.570219 219
3.6029797 209
4.855407 270
3.9121478 230
5.415204 390
2.8691227 144
3.781049 279
4.7983165 344
3.7844403 242
3.8823142 225
2.7466288 155
3.6492288 268
3.4617848 227
2.0189836 123
4.8371825 305
4.7277126 312
4.356329 283
3.610143 208
4.4454045 273
3.5286372 191
3.1493993 192
5.3888063 337
4.239329 309
3.8827772 236
2.8601503 159
2.6842794 170
3.3935456 193
2.982815 193
3.0950296 191
3.8252168 276
2.3583672 127
6.387909 365
4.52568 285
6.214963 354
3.0997112 181
4.9574924 289
2.2372162 139
4.112192 284
5.706855 357
2.4566073 145
4.649427 250
4.0608177 252
4.7983046 302
5.080338 304
4.3462634 305
4.001584 251
4.8701386 289
4.3240695 253
3.9165282 294
3.036969 154
5.1939373 337
5.0491724 283
0.804192 42
4.716831 313
3.9365537 228
4.0280294 231
3.9901235 234
3.4902742 246
5.182869 318
4.774609 289
4.1639676 237
4.4389234 267
2.4621158 129
4.393613 314
4.034666 231
4.7515407 334
3.492907 219
3.0814104 175
2.2888954 129
2.7555442 153
3.6342642 264
4.4555545 279
2.5566945 160
3.0872278 194
3.760863 278
3.4798136 258
4.0375338 227
4.111262 252
0.43840125 23
3.2274308 228
3.4827201 191
3.276133 219
4.4760957 275
2.5202851 147
4.121401 226
0.5860072 31
5.2577386 338
4.1818204 278
4.549133 268
3.7316482 284
4.6154227 269
4.129498 280
4.312373 269
4.234762 235
4.932221 307
3.4571176 201
3.241635 192
4.6240997 274
3.5627177 222
5.3244786 308
4.2705097 276
2.3216043 137
3.69795 223
3.7969468 219
4.8263254 285
0.53549325 28
4.775992 271
3.5954294 218
3.7700164 219
2.7664561 180
5.585549 304
3.9146488 251
4.4144516 270
2.3228202 140
3.6563725 222
4.053138 214
3.017455 165
3.605722 208
3.5525103 216
4.2119284 270
1.9620948 114
0.26050478 15
2.5020368 150
5.9535775 354
3.194369 199
4.0987988 239
4.5249653 285
4.3108582 237
4.6333637 332
2.377185 135
4.397421 255
5.0193744 304
3.2972474 200
2.5978901 130
3.381346 185
0.7342784 36
4.8594418 257
2.7491753 167
3.855944 230
1.3988729 95
3.9831448 249
3.4319444 233
4.099739 242
3.6677408 204
5.010229 304
3.6760767 238
3.7702127 271
4.041263 262
3.781699 249
3.8485281 252
3.1727476 188
5.510427 328
3.4455092 205
4.7159786 323
3.121085 190
2.7157204 159
4.230394 271
4.054669 295
3.8641386 240
4.2269635 308
4.747395 292
3.1066778 173
6.1281104 365
0.026626995 1
5.115912 330
1.5864968 83
4.787953 280
3.4606633 216
4.2458806 308
2.6496775 149
3.5698152 243
4.3729005 255
4.1484466 256
3.8257906 209
3.5004983 199
2.5370934 145
3.6772177 199
1.6683623 85
0.35050327 17
2.7376988 171
5.082707 333
4.6562295 291
3.219448 219
3.552559 214
4.9629827 294
3.670697 240
0.023874583 1
4.357464 310
3.6985905 245
2.1759908 124
1.9462383 105
4.139574 254
3.5728102 230
3.4867435 230
2.0844378 108
1.9608092 121
3.0070252 161
1.799466 97
2.728739 184
3.1490438 187
4.049278 265
2.250752 134
3.8578343 285
3.6417236 265
0.024939867 1
2.0079782 123
3.8952954 291
4.525532 301
2.6338947 154
4.0771194 224
4.0389824 250
6.1855483 366
5.080364 345
5.726599 378
4.1086416 232
3.2611783 181
3.330749 226
4.075683 224
4.1957464 315
4.934924 321
4.5451565 263
2.9977963 174
3.7764566 232
4.052337 296
4.060494 229
3.821454 234
3.2033982 193
3.8037353 282
2.8641233 169
3.3452032 189
5.026644 306
1.948771 109
4.2122483 247
3.50047 242
2.402606 121
5.4054055 337
6.63664 403
3.6443057 221
2.9361293 177
