6.4586053 292
6.168396 274
6.7888064 288
5.489845 230
4.861505 197
6.5186977 302
3.7547286 150
4.227834 170
0.027982077 1
5.5709953 222
6.1581116 269
6.144986 275
3.301647 126
6.675765 336
6.1936793 278
4.9007382 201
3.780891 153
5.9851356 262
0.3345319 12
5.937483 272
3.7277167 148
4.27085 173
6.3055215 309
5.221497 217
3.1188076 128
5.6980124 237
4.95432 194
5.4857183 225
5.887046 252
7.161275 305
5.6664033 234
6.072656 249
6.0113845 271
4.8940725 194
6.1124516 262
7.534122 346
5.1308804 214
6.8893814 284
4.9569125 218
5.549272 238
6.103526 244
4.5138044 187
5.5014496 238
5.5714817 247
5.6128936 230
3.7994943 163
4.437415 179
5.205795 241
4.1563883 166
5.4896207 224
5.499048 240
5.642396 258
5.0194097 213
4.438686 176
5.96761 277
5.5657125 230
5.928828 258
6.0526705 272
5.1902323 209
2.3248882 89
5.557374 232
4.431169 198
1.2739872 47
1.8767393 71
5.343178 237
4.1527286 171
4.522456 184
5.242806 217
5.364294 250
6.208333 254
6.1836963 292
7.493818 389
6.0093265 249
4.060717 165
6.043245 253
6.5886316 291
5.3817344 237
4.475553 197
4.0685177 169
4.621561 188
3.8247433 154
5.560449 259
6.6585727 300
4.748597 186
6.1095843 278
4.809115 190
4.937229 213
4.756166 200
10.074522 625
4.676125 179
5.4757853 228
7.053486 350
0.1111754 4
3.893385 154
5.4232564 219
1.1091641 41
4.912809 201
5.0004554 199
6.0211124 257
5.6949844 269
5.1627426 215
5.9547915 248
5.340399 211
7.163918 358
4.5988607 188
5.764992 254
5.7200546 266
2.5366387 94
4.633926 187
5.61123 237
4.7625833 194
3.314341 130
5.5268583 231
4.8474784 208
5.21797 223
1.873359 69
5.1850467 213
6.0693855 254
3.9173048 157
3.1961877 124
4.180242 159
3.0622573 119
5.478451 230
6.10848 316
4.4599323 201
3.142855 125
5.4762754 232
6.207338 268
6.013368 291
6.207042 272
5.7129946 260
5.5416293 265
4.8189406 201
4.597413 185
5.780353 248
5.895525 254
5.773837 250
5.296189 209
7.7470994 425
4.673256 186
6.257108 289
5.4948697 234
4.5941987 197
6.160282 274
4.9557757 209
6.1314487 280
6.608319 312
7.434545 356
5.792665 237
3.16761 124
4.677043 207
2.1040726 82
4.9449406 208
5.2574854 223
6.589313 273
4.5269537 189
7.4989953 433
6.1638136 255
0.98212355 36
4.716793 194
2.144642 80
6.27252 283
6.9423656 352
4.6295505 196
4.998447 194
6.2157354 287
5.3126645 220
4.847796 194
6.094895 251
5.4483733 244
5.300311 213
4.7329903 202
5.2673597 216
3.6244435 150
6.368777 284
1.0951333 41
6.2977247 261
4.0428724 163
6.4744906 293
3.3084276 131
6.82299 291
4.7757406 206
5.035286 207
5.7870502 288
3.0445216 130
3.3566487 127
6.3569283 273
4.304227 169
6.6751223 314
5.5730715 235
5.1322036 213
6.0195107 253
6.4887047 264
3.7257786 153
5.7847357 256
2.9728491 120
4.485763 176
6.0932956 290
5.2206707 216
4.1606874 168
4.0474524 163
5.8823004 269
5.7685776 252
6.5555105 274
6.679147 282
5.729786 246
5.0169992 223
4.3749948 181
6.252611 271
2.971197 122
4.2831025 170
3.9562135 154
6.037649 256
4.449923 182
4.6472907 187
4.6482544 200
5.7610373 264
4.198125 166
5.2728653 229
4.929442 197
5.033548 202
4.611603 182
3.4436402 135
6.0804195 273
5.675264 256
5.0253773 210
4.2624564 175
5.0045824 220
6.116778 263
5.7433653 236
4.9073753 196
4.985317 208
2.5763712 100
2.5230641 96
4.8291454 208
3.4309433 138
6.5213666 303
5.9704566 302
5.2449927 240
6.455274 270
5.5240846 226
2.0569448 81
4.9710927 207
5.0344567 209
4.91781 204
2.1776276 85
6.655411 350
0.027982093 1
4.9163394 213
6.5887976 318
2.7699575 112
5.836387 260
5.341611 227
5.1712327 224
6.0445166 255
3.9031222 171
5.425339 238
3.5496264 139
6.461154 283
2.0766134 77
4.104654 165
5.290601 233
6.403283 276
6.3251085 275
3.2678359 126
5.4239674 228
2.144711 85
5.8976297 252
3.2571073 134
5.4113655 224
5.4530926 247
6.004694 248
6.379017 271
2.846163 111
2.7953014 111
4.0560336 157
6.840203 310
4.1969194 167
4.2956204 172
6.9591627 306
6.872083 359
3.9396522 153
2.7711432 113
5.8360457 258
4.80625 212
6.5239263 334
5.6234655 270
4.4745636 175
5.4961686 215
5.356093 223
2.5512252 101
6.1640244 286
2.8922508 110
6.10592 269
5.624255 261
5.9117727 254
7.7046347 403
4.441142 177
5.297548 221
5.0453043 213
3.861352 155
5.5862813 241
5.877294 251
2.890825 116
5.3818417 236
6.8375406 295
7.0528703 363
5.465886 235
4.761197 195
5.69173 242
4.8564405 191
7.0419836 353
6.364831 278
3.1443315 119
6.871359 302
4.151005 170
5.953672 254
4.685993 192
4.695397 187
6.1182327 255
0.027982108 1
0.8160267 30
4.9362226 216
6.1276956 267
2.9558759 116
4.6151624 184
2.7537267 105
6.60445 315
4.6262784 190
6.335268 265
6.4627266 275
5.541046 228
6.785335 283
4.3477716 170
5.718089 247
4.2153335 172
3.341268 131
4.2758193 172
3.7972677 159
5.1190987 222
0.99165684 36
2.2423248 93
6.786635 297
5.445719 223
3.9918032 165
6.1024313 251
5.874998 293
3.8577664 158
5.3062906 204
3.0332093 117
4.8223925 185
5.6101856 273
5.2927394 221
4.7841687 202
6.1378493 265
4.3154745 176
6.2506084 272
5.986301 243
2.696551 102
1.2402884 48
4.8693223 190
8.35237 496
4.5231204 191
4.8813753 199
5.8144135 247
5.9205384 244
5.282385 216
5.4631076 225
5.459222 280
3.617879 141
5.6222 237
6.875124 354
4.6138487 206
4.6589346 196
5.051141 204
7.328029 379
2.6485372 100
6.255996 275
6.1744204 263
5.255444 204
6.830103 280
1.9217188 74
5.607516 241
6.1319795 276
7.037207 379
6.660444 283
4.3365083 187
4.6717563 197
6.294593 278
2.785413 108
4.175428 168
2.345071 90
6.311612 294
5.940613 254
2.3238628 89
5.2409735 224
6.032228 308
4.969258 195
4.738644 196
4.742007 203
5.096942 233
4.5517898 189
4.506531 185
2.1489487 82
2.7127523 105
4.6726117 194
2.14477 87
5.6949205 247
5.5355916 233
5.726171 237
6.4932094 287
4.4395394 180
0.35566208 13
3.530435 137
4.7318606 195
3.3394556 140
5.8031316 243
1.848731 70
5.8564057 237
6.9614973 301
3.0808454 121
5.708044 232
4.8791404 194
6.0090156 276
5.7894554 254
4.125606 162
4.051295 160
7.28923 310
5.0982256 209
5.453777 248
6.7491612 272
2.292517 89
4.791502 200
5.8405232 270
3.8592334 156
1.5038743 56
5.5506735 245
4.4474187 190
5.4193816 221
4.546349 203
4.0234265 158
5.058463 200
5.7103496 270
3.8811493 173
3.8416336 167
0.027982092 1
4.829498 223
0.63070625 23
3.2799127 131
0.4466985 16
3.056416 119
4.4103694 181
4.817422 195
5.6888742 247
4.724875 195
6.175507 261
3.3676336 133
5.120889 220
5.6338444 255
7.1678486 308
4.124467 169
9.49561 535
3.7373245 148
8.033461 459
0.027982077 1
4.184315 180
4.8446918 197
5.592314 243
4.715152 187
4.8907313 193
4.738743 196
1.0120263 37
7.3555927 400
6.4162283 273
5.7222548 244
4.682679 188
6.9087114 303
6.798604 294
2.858398 112
3.1295788 132
6.0861387 265
5.370104 244
5.9188557 262
5.7034287 234
5.38263 231
6.539535 282
4.368152 171
4.7384543 202
4.720532 195
7.1462307 299
2.944741 117
3.7477024 148
3.2441838 133
6.583315 296
5.7208247 267
0.02798205 1
5.0108786 225
2.8333063 120
4.4467916 184
3.8725195 164
5.8591623 275
5.790802 268
4.3240433 177
6.6282635 318
6.706391 275
4.6387143 212
6.351348 275
4.435895 179
4.5892687 213
5.419651 225
5.5692534 240
4.359928 178
6.7504582 370
6.492536 314
5.8218265 259
3.4902103 133
6.431627 296
6.13981 321
5.9240746 248
5.249201 222
4.750997 189
3.7749045 145
2.8081422 114
5.6501937 230
3.5457807 149
6.1888123 286
3.414423 138
3.516556 139
3.4858017 141
7.096525 311
3.1648972 123
4.6172585 182
4.4742517 178
6.0531464 258
5.6358094 258
5.317529 244
4.799742 191
5.8439503 233
4.780073 204
6.154284 282
5.2449126 212
5.393211 216
1.8222961 73
1.166439 44
3.8540833 156
6.0928473 248
6.4509006 311
5.4493628 233
5.3442607 223
6.2896695 272
2.4736776 94
2.6737785 102
4.121721 163
4.2130466 164
5.6643567 237
5.864669 254
5.792421 246
3.4720316 141
3.802934 158
5.7678576 225
4.3513393 181
5.502312 230
3.5227344 153
5.070491 215
6.474514 274
4.4515715 181
5.2710795 217
4.992583 218
5.3656983 235
5.654423 244
4.2146063 164
1.2820877 47
2.5388994 102
6.3585854 296
6.1185145 271
4.4110055 193
5.4863048 235
6.3143187 266
2.492418 102
5.6010923 240
4.0814815 158
4.6481137 199
0.027982099 1
1.5133212 57
6.0296044 251
6.013444 254
4.5400596 180
7.1071587 365
4.951589 204
5.230543 217
6.2685094 281
2.8807964 118
6.922564 315
2.8243234 111
5.4066777 242
5.442656 220
2.848485 111
6.516136 276
5.540704 242
4.82034 203
6.770437 321
5.190536 208
6.220322 309
2.8982983 119
5.805925 240
3.2095475 126
4.5588465 188
7.3005824 396
7.155561 321
6.2507486 274
1.74782 66
5.805759 242
5.2353897 216
3.8102705 146
4.9596605 219
4.0083694 155
5.4873 242
4.854351 201
2.9665442 115
2.1259682 78
4.2675796 174
4.7828937 195
5.6944666 251
6.3436165 291
4.6870427 196
1.5636444 59
6.271049 312
3.6641228 146
3.5658019 138
3.6187084 155
4.566721 195
4.7148747 192
5.273303 239
6.737593 303
5.977882 259
5.265775 238
6.182336 262
4.5808597 187
5.947982 278
4.146796 165
4.77489 199
4.1122417 168
6.00334 271
6.828327 314
6.476268 288
3.554056 143
0.35791448 13
6.2714324 256
5.3350663 236
4.989838 201
5.2598124 239
4.601026 186
6.8942046 299
4.746251 204
4.8020973 193
2.0899897 81
5.9507527 276
5.9209685 251
4.7489157 195
0.02799994 1
5.6439633 249
5.1165266 198
5.001442 214
6.75356 287
5.023786 206
8.268611 446
5.717563 238
1.9768229 74
5.37534 219
5.4643817 226
5.310888 219
4.9511065 211
6.1127996 262
4.7833133 190
0.51364446 19
6.142452 274
4.7580075 203
5.861183 269
5.266489 220
4.3916926 181
8.524634 454
6.29161 264
6.7257037 287
5.171637 228
1.2506726 47
3.7487397 145
6.118656 275
5.682913 231
3.8643727 168
2.5154595 97
6.632594 307
1.2779915 47
4.9342985 199
3.0262866 119
2.9873924 113
7.0298986 313
4.8089986 204
6.469536 284
4.365185 166
5.1401415 222
4.4929 182
6.034325 248
5.395912 232
4.4659667 180
5.5270033 225
5.819965 250
6.132385 279
2.1686625 84
4.070285 165
5.4891596 237
5.683191 244
4.873507 202
3.5839944 143
5.732821 246
4.450416 190
5.8816314 233
3.310583 134
3.8994427 162
5.478449 224
5.400442 215
1.8769889 74
6.2990108 274
6.375197 263
4.6149406 186
6.2859154 285
6.4716067 267
3.4103224 132
4.5811243 188
5.405955 228
5.478893 246
5.573424 223
6.028316 250
5.4958744 251
5.109517 208
6.2339373 268
5.938892 247
4.7763543 197
4.8914595 190
4.2384796 165
5.7921042 245
0.027982093 1
5.8843756 247
7.741672 412
6.091656 276
5.821968 267
5.9541364 266
4.8636813 208
6.055064 255
3.3323042 126
6.6477933 284
6.3578243 262
5.2789226 234
5.492746 235
5.1789765 215
6.890825 301
7.0165753 300
5.1188807 215
5.6267614 247
4.209242 176
5.3999553 232
4.381998 170
4.95814 204
4.561552 184
6.235878 253
4.674302 197
5.5009913 230
4.576482 191
5.970644 247
5.6220307 226
5.4643745 248
5.4695783 244
4.5032077 174
6.8949285 287
5.284879 223
3.139789 121
5.207382 227
6.732335 315
6.0299897 244
5.545913 231
5.584487 236
3.5687015 138
3.410685 139
5.0706773 222
6.73388 282
5.027018 202
4.6626234 197
4.8956103 207
5.1133256 218
4.727536 199
4.560953 193
5.027369 213
0.027999952 1
6.969656 325
4.7015214 201
6.7135057 300
4.0855174 159
6.787862 330
1.3339252 50
5.6292844 237
7.1300716 360
2.3657193 92
5.5493264 246
4.1854486 166
6.084045 282
5.395707 218
6.0781994 291
5.861718 261
5.634498 261
5.1847534 217
6.698198 273
4.140296 165
6.5210075 298
6.231769 288
1.5137013 57
6.4186406 278
4.515781 186
6.184011 267
5.6769657 227
5.136817 216
5.80525 248
6.007189 297
6.1614966 259
6.200473 274
3.2332623 121
6.392183 255
4.571492 188
6.922246 280
4.5734563 184
5.190398 210
1.7275482 65
2.2466667 90
6.1826234 270
4.9396176 222
4.609729 195
5.020119 206
7.0344434 301
6.1806374 266
5.9895062 263
4.618384 190
0.8431488 32
5.392725 220
3.02443 121
5.750904 247
5.6937084 250
0.5241512 21
5.885805 266
1.8532054 72
5.4029555 226
5.7240953 230
6.3561807 286
5.500845 226
5.8347416 232
5.2836514 218
6.1141415 259
6.361591 304
5.624546 240
4.788891 199
5.386999 231
5.5544386 233
5.8687387 249
7.6133246 423
6.502147 285
3.547036 140
5.7667985 228
4.185573 164
5.5710397 251
0.63284683 23
7.0616918 305
5.203226 234
4.874619 208
5.130541 230
6.7398305 297
2.5223036 100
5.491234 220
2.2181668 83
3.9793208 157
5.6496363 244
1.6325473 61
4.661367 199
5.5975738 231
6.553251 281
2.1615672 83
0.027982105 1
0.664093 24
6.734881 287
5.478686 232
4.8856444 198
5.469189 247
5.5448956 235
6.555857 297
2.8056128 112
6.40867 357
5.7818346 236
4.685875 191
2.7141533 111
3.5953746 141
2.9926057 124
4.4421716 179
3.4924963 138
4.938326 217
1.4638671 55
5.3309264 224
3.8043973 152
4.9272366 193
7.0376544 342
6.0225987 241
5.3425174 228
6.050078 265
5.403962 229
4.132816 169
6.0791287 291
5.25479 225
5.6647587 242
5.6335764 232
5.931027 272
4.965656 216
3.9279974 153
5.501983 239
5.806392 256
6.1558666 253
6.7425227 288
6.1792054 297
4.2643886 180
6.0620203 275
0.027982078 1
6.006275 259
2.6805053 103
6.1596417 261
6.3748927 284
6.348953 270
4.1062384 160
4.6679025 199
6.0522027 266
5.1430993 212
4.3165755 173
5.80059 245
1.6358006 65
5.6288795 256
0.7687074 28
3.4989424 152
3.443688 150
5.8600073 261
7.0539994 369
5.1505117 242
2.5758703 99
7.0916367 338
5.125749 216
0.02798206 1
6.9827356 302
6.3682494 271
4.9275084 217
1.5852835 60
4.4502387 173
5.457519 226
5.2869062 218
5.0822754 212
1.0647819 39
3.9158854 158
3.0768661 120
4.1005883 164
4.057807 164
6.0801625 262
2.001873 75
6.4834557 275
6.2265725 280
1.7237259 68
4.1739826 172
6.730246 295
5.5731297 265
3.747962 151
5.930211 238
4.7206335 201
7.2609205 372
7.248795 382
6.7182956 316
5.214485 215
2.6570852 101
4.0736275 155
5.61394 230
5.8497214 240
6.6332154 337
6.6430616 292
2.8299704 113
5.2630267 217
6.258568 276
6.4232974 263
5.9556084 280
3.7266831 152
5.9793363 250
5.114994 211
3.2801957 126
5.120901 216
2.7751665 109
5.5945234 238
3.5291424 134
4.8477845 203
7.417704 392
7.9049864 376
3.236909 126
3.3246024 132
