6.5850134 317
6.4854536 307
7.022227 397
5.211442 250
4.017815 169
6.930497 358
3.4512937 146
4.895917 220
1.3776894 59
2.4218762 103
5.923166 286
3.9675539 171
3.8397677 167
4.734104 210
7.15763 360
4.0020323 181
2.837831 117
5.918926 291
1.2169145 51
4.364099 198
1.6503049 70
3.9143903 181
4.21253 179
5.002571 230
2.5605803 109
6.015202 284
5.1587124 232
4.302785 186
4.623695 198
6.1498575 317
5.6149716 272
5.7421618 274
6.7449403 307
1.3657919 56
5.5505304 268
5.1641407 232
2.5107388 108
6.708524 344
1.7578812 73
6.8733196 390
6.2668777 491
3.157616 141
5.0304747 218
0.14696239 6
4.284843 195
2.3812618 102
5.6065226 266
3.5820167 162
3.3708847 146
5.8013744 262
4.1951194 187
4.41679 194
6.1917453 281
4.0385623 190
5.6528134 245
6.025292 281
6.7005057 313
6.5039296 335
4.910865 224
2.1805696 96
5.3773932 247
2.8111093 121
2.7588868 123
2.0445766 89
3.440683 141
1.8385261 77
2.849757 121
4.1540937 179
3.487856 146
6.3525157 297
7.271139 341
8.608285 414
5.775012 269
2.4151337 110
5.7445054 281
4.3084965 188
5.180821 236
2.1831174 88
2.927415 126
4.255186 200
2.420701 102
3.5496275 161
7.273051 348
5.160762 235
2.3906999 111
4.793146 221
5.7035847 265
5.3952413 249
6.154531 282
6.04184 295
5.7862363 261
7.2668204 384
0.3254131 14
3.9499588 177
5.2776246 251
1.8121585 75
4.9222546 223
3.5116506 153
3.4598393 158
4.3701534 201
3.6385643 161
5.515012 236
3.986324 184
6.972938 337
2.6186986 112
4.203697 192
4.9508266 220
5.841882 277
5.486475 277
3.8928235 172
4.7650304 216
0.02675814 1
3.5954146 153
5.9476933 275
5.4943843 256
0.027294653 1
2.5563822 107
6.3882747 294
3.0054994 137
1.3702407 57
3.1704276 138
2.7843385 121
4.9073434 225
5.118415 233
2.711558 114
2.7983012 120
3.4135127 147
5.301664 232
5.1276345 233
5.0516915 235
5.4432993 261
5.2793307 248
3.8854053 167
3.269594 149
5.857262 278
6.917756 375
6.523631 302
7.2181454 384
6.0297117 285
2.0048666 83
4.5889626 233
5.9701076 297
3.5433388 158
7.3416586 407
2.5244796 103
6.8977094 366
3.6336958 164
7.026696 325
4.8909473 209
2.049819 84
3.559267 164
1.0551138 44
3.325132 144
4.3686934 194
5.975439 304
4.784379 233
4.8662224 219
6.4459295 297
1.7020214 72
1.7834554 73
4.5622654 199
5.107314 244
6.5727677 313
5.9448686 263
3.2060313 135
4.8322353 215
3.7410388 165
3.4558845 157
7.4071755 391
4.334169 193
2.5035222 105
3.6200874 156
4.892798 212
2.9714227 133
5.9902825 267
0.025961492 1
6.9113464 491
3.2575216 149
6.804304 359
2.470622 101
6.3689494 332
4.154644 191
4.670983 221
7.030893 322
1.8191626 76
3.0083854 128
3.9377036 176
2.423459 104
5.820461 279
5.8916664 287
5.299022 258
6.698494 330
6.876658 330
2.4344106 112
5.6570354 278
0.6020711 25
5.934392 305
4.5211396 207
3.2378335 141
1.953122 83
2.4378824 105
6.3297257 279
6.671186 363
6.1482434 345
7.182356 386
4.806579 218
5.344715 262
3.4646153 149
6.366748 309
3.1821902 143
2.2621183 95
2.8221083 124
5.302949 242
3.4408796 147
4.8626933 227
6.096929 277
6.401657 313
1.8418634 77
3.853871 176
3.539337 166
5.034839 225
3.4534676 145
2.5223558 103
6.580178 320
6.132522 483
3.2553537 142
4.5613103 237
4.0605855 181
7.1713824 371
4.7834344 222
3.4288669 145
3.3705006 144
2.186867 89
1.1477741 49
4.7117267 214
1.9273951 86
6.8151355 329
2.1764357 91
4.7675695 214
6.3090544 325
4.9993095 231
1.0881976 43
1.0002851 40
3.332362 147
2.7975347 122
1.6158446 68
5.7537565 271
0.02736782 1
4.873822 215
1.3805599 56
1.7408742 73
5.158933 262
5.3754473 260
5.395435 270
5.8417525 277
4.85879 220
1.6937305 69
0.35052788 15
6.631779 309
0.27817932 11
3.6008465 156
2.4017193 105
6.544066 333
5.3748827 252
3.1459703 150
7.2423825 389
0.85259604 36
6.2306366 313
3.0845318 139
4.647537 213
3.7557929 164
5.306854 258
6.846757 370
4.1878767 196
2.1179914 89
2.734412 113
6.8823624 378
4.099052 200
5.181957 229
6.6190767 394
2.8894782 122
3.6625972 161
3.3423145 142
5.557026 300
4.7310414 236
5.293831 235
3.3772497 155
2.9362853 121
5.962787 297
3.5703847 158
1.8428075 78
4.4855013 203
3.9244666 184
4.2090425 186
5.576431 250
4.979115 220
7.102816 331
4.3523817 195
4.734062 209
3.855259 171
0.77336377 31
4.198258 187
6.950253 387
2.3328974 103
3.7677717 157
4.6064816 201
2.3663406 98
2.958876 126
4.5660763 208
4.7973585 222
3.6743076 164
6.586425 328
7.402734 352
2.8735845 123
7.0151434 368
3.4320781 148
4.203297 189
5.3597326 252
1.8721546 75
4.4613495 197
0.026267821 1
0.027367825 1
4.6089153 231
3.620877 154
3.96994 177
3.2820702 137
0.6615077 27
7.3249307 367
3.5982254 162
6.6293063 355
6.531502 352
1.7571672 72
6.6941776 363
2.7119262 113
5.3716784 247
1.8590081 77
1.369984 57
2.8138382 126
2.3655267 96
4.7677355 229
0.027202899 1
0.48436177 20
6.3020463 338
4.548479 204
3.9274833 176
5.833246 282
5.9622865 282
2.1018507 90
6.048473 295
1.5856366 66
5.657168 269
4.8685713 227
2.990885 131
3.8409271 162
6.565728 339
3.178417 142
5.49563 278
5.0713987 273
0.7459027 31
1.6272733 69
5.544997 250
5.915797 275
2.8666399 117
1.9557948 86
4.953463 230
5.915381 271
2.6093838 112
4.4484906 203
5.079916 233
3.9684942 189
5.6417537 264
4.0986347 177
2.9315906 125
2.3041546 96
3.4878187 172
6.1866407 288
0.027276326 1
6.8958597 373
6.773402 365
4.095069 185
3.8672025 166
1.0377822 44
5.1815953 234
4.6408467 215
7.002683 323
7.0751963 419
2.20062 102
3.3329709 146
6.855352 361
2.8199847 128
4.682348 214
3.9915154 172
5.4132047 258
5.7433963 275
1.5201446 64
3.6971173 163
3.1241531 135
4.9156504 213
4.7984853 222
6.0156965 273
4.4562483 195
2.6986392 125
3.717653 170
1.0299778 41
2.399992 101
5.333256 229
1.4478363 60
5.279065 251
4.0551233 176
6.0004945 286
7.41259 389
2.797714 118
0.4732268 19
5.2599707 242
3.7172894 165
4.378902 203
6.1847725 348
2.7817707 126
5.0113645 233
6.629846 384
0.2465154 10
4.429048 197
2.782935 125
5.922165 274
5.085848 238
5.98478 275
3.4200616 157
6.6039634 352
3.3367023 146
3.3597844 163
7.0059414 397
1.4729031 67
5.5071263 255
4.5412087 211
3.769532 170
1.2049034 52
2.6818223 118
3.0544615 142
6.4519887 322
2.7574704 122
4.822081 208
4.7922983 218
6.1781983 288
2.689147 117
0.7987872 32
0.027748827 1
3.7754307 162
0.027386062 1
0.21260704 9
0.3079847 12
2.6653354 118
3.9733171 182
1.579976 67
3.3764455 145
3.8572972 184
6.9300656 349
1.235247 52
3.1859095 142
3.9675279 171
6.1743894 280
1.58853 67
5.0631113 222
2.642885 109
6.7420273 304
1.3283246 54
4.984589 227
4.0854864 199
3.5705323 154
3.670486 163
3.3054857 141
3.733052 162
0.7081037 30
5.0083356 227
6.3590336 409
4.57542 216
5.1064534 223
6.638864 332
4.036989 184
0.28843158 12
2.2420137 93
6.9099784 371
4.4516015 217
6.34203 295
2.7215385 125
3.3187566 138
5.357325 240
2.652994 117
4.132368 188
1.6966944 72
7.20698 384
3.4503129 150
2.121144 92
1.8203598 75
5.452556 236
7.134124 336
0.24488285 10
4.6957183 219
1.1656735 49
3.6703322 151
2.8964565 136
6.8964853 335
5.1478224 231
3.8496187 181
6.769472 312
6.0685306 338
3.0447478 135
6.933519 388
2.381825 103
2.6847749 116
4.421079 196
3.6351607 164
0.9881618 41
3.3699858 154
5.6560373 263
4.6230206 199
3.2611241 142
3.6042714 160
4.6203766 204
4.912524 215
3.9854417 173
1.647898 71
4.5943584 220
2.6410213 118
5.7822323 293
4.450324 203
6.1682835 289
2.8824475 131
3.2571404 149
2.751534 115
6.813311 365
2.0893881 88
2.0475078 90
1.9911395 87
5.6428337 260
5.903562 283
4.9929924 218
2.6886172 116
6.550995 340
3.4769874 157
4.3961363 201
4.0835037 174
4.6175475 205
0.027036998 1
0.72796637 31
4.396906 209
4.0215387 179
6.6538787 294
3.5348265 147
3.5504062 148
5.261207 243
0.46173632 19
0.02742258 1
3.602393 161
2.4466143 103
4.426223 195
3.8234165 165
6.5599113 303
4.6935863 211
4.3450127 213
4.289281 176
3.7227304 179
4.205565 184
3.2154577 149
3.4597135 162
6.1869063 275
0.92726076 38
2.016877 86
3.313711 145
5.160505 241
4.9070044 227
4.063267 173
0.027513582 1
2.3845243 103
6.4368343 307
4.6562924 206
4.1198807 187
5.129428 232
5.026754 219
0.9436356 38
4.6675515 198
3.4083683 153
3.6769187 154
0.027312962 1
0.027784837 1
6.300518 311
6.373358 316
3.0576262 125
5.0528727 226
4.013728 183
3.726385 163
4.929143 225
1.1747164 50
7.7032137 379
2.649562 114
4.7961316 217
4.583508 208
2.2312372 96
5.9784813 278
5.2651587 254
4.486908 207
6.2375054 316
2.044129 82
7.404138 337
2.2116528 98
5.344513 241
2.258651 98
2.6148908 112
5.7291484 268
6.6361027 306
3.6455626 160
1.7676011 74
3.3964095 144
4.335356 198
0.027147712 1
2.1068652 89
5.545211 271
5.4034047 247
3.382239 140
2.513345 103
1.7823883 71
4.250644 182
3.840307 171
5.370601 246
6.860207 363
0.44886485 18
1.5690831 63
6.3118486 310
2.4842727 107
1.535912 63
4.341503 207
4.65937 233
4.8359957 227
4.28958 187
5.3733263 241
4.987987 248
0.027276319 1
6.495253 303
3.4815402 155
4.1672835 183
5.2217975 225
6.5724435 337
3.402556 147
5.1872034 243
4.293496 193
5.744299 258
1.9704348 82
0.026962893 1
6.4380207 327
5.101213 228
4.161567 187
3.0728042 135
5.5017304 266
6.618407 345
3.27308 142
4.2175283 189
2.7935386 119
5.5357356 261
4.4798245 204
3.529962 152
0.027658572 1
4.473081 198
3.3970942 143
6.1018205 297
6.31116 322
4.048773 183
7.29794 355
2.9727657 122
0.07007845 3
4.3108273 193
4.951823 216
3.7267723 165
3.4488194 149
6.849224 372
4.0570064 182
0.8262977 34
6.6220255 337
5.826213 262
5.209324 236
4.5765676 207
5.723415 270
5.3472896 248
3.8178716 181
6.7398047 401
4.3366117 192
0.22133179 9
2.2217517 98
5.472078 255
4.5179005 203
3.1453545 139
0.67048585 28
5.092863 235
0.027458994 1
3.335907 147
2.798227 128
2.397925 108
6.805924 355
5.3013864 269
5.057016 227
2.2826998 95
2.011817 83
6.1470995 294
6.163124 287
4.3912754 202
4.465262 201
5.350781 246
5.5393167 270
4.5720654 217
0.09894925 4
3.769832 160
6.218326 289
4.1411133 178
3.0434153 136
1.8898425 75
4.8532534 215
3.3269563 153
4.7828965 219
4.525509 204
2.1645374 91
5.4634604 260
5.3154516 234
1.5831798 64
5.960453 268
6.088921 279
4.5114093 194
4.893311 232
7.0561237 395
0.026981441 1
3.4258375 144
3.4585195 142
5.0291753 233
3.8194258 170
5.5007334 252
5.9791856 259
2.8670754 127
4.1425843 192
7.3995175 379
5.9926305 288
3.4206116 144
3.172267 131
4.400345 207
0.027294645 1
2.598129 108
8.347891 405
5.4455733 252
3.98442 177
6.7482395 339
4.2304564 200
5.352598 232
2.043313 83
6.4226584 356
5.305674 232
3.7035298 169
3.3448548 138
4.787291 218
7.3730426 389
7.0324802 412
5.49915 254
4.1843963 183
3.4510348 157
3.6198177 171
0.66620904 28
1.2094212 50
3.58041 151
3.859767 167
2.9681506 132
4.7191644 219
2.6977928 111
7.102256 371
6.0614386 329
4.1458993 192
3.920098 169
3.422668 149
5.9386153 315
3.4897933 164
1.0933291 45
2.9880426 137
5.6186056 252
6.4372196 343
5.187836 232
3.765189 164
3.9581807 177
2.5112953 111
4.925412 225
6.2330923 321
6.3489866 298
3.1523175 136
2.654064 116
1.9934376 81
3.977849 186
2.942077 125
5.6218214 299
1.2108948 48
6.400588 288
4.8265514 218
8.33618 415
3.0607648 137
6.368851 302
1.2877533 59
6.645262 344
5.9083815 274
3.3155756 151
6.0497327 265
3.4421062 159
6.0618224 279
4.736303 208
4.937709 243
3.5306005 158
5.034753 229
5.5092974 256
6.4054556 355
1.529032 61
6.083886 289
5.432269 253
2.6104155 110
6.091124 304
4.881841 222
3.5390558 153
4.159468 187
6.1228495 299
6.2787323 289
6.3869476 320
4.6866174 206
6.438525 306
2.8966362 128
6.947181 373
5.6041346 270
6.876661 381
1.8123716 79
3.5976667 149
1.8879956 80
0.6162913 25
5.3647137 269
2.0901985 93
1.750676 73
1.3630408 58
6.8685856 369
7.229877 381
2.057526 87
3.6740553 157
2.7624638 122
5.602917 266
3.044426 127
2.9397964 136
6.4463305 302
0.7680478 34
5.6182375 266
2.3363671 95
4.1908283 181
6.767672 351
3.0736873 130
7.340709 398
5.532384 248
4.768271 222
4.790782 229
5.2212634 228
4.9039383 213
4.8567066 235
3.2619812 146
3.9786186 165
4.0577574 177
7.5970507 378
5.940305 286
2.5436113 114
3.39376 151
4.74462 211
4.5775084 203
1.3388864 56
4.9490485 217
4.0031962 179
4.430841 186
2.5787563 114
8.313392 402
2.5219052 112
4.2547483 193
3.8286095 182
4.1663647 172
3.5075321 156
0.76065135 30
3.5950089 156
4.322174 195
7.604998 375
1.5365024 61
0.027257994 1
1.4093513 61
6.297608 292
4.587005 212
4.2360415 187
4.9748607 220
3.8786397 176
6.6353827 350
2.6988094 114
3.591645 154
4.99071 233
2.0089695 90
2.6569722 109
4.1873174 176
3.2457242 141
4.1097856 179
1.4566256 60
5.20853 229
2.4740307 112
5.6221733 263
2.368991 102
4.1994267 183
4.743535 204
7.369523 342
2.2219968 100
6.6922235 335
3.7377503 165
3.7205534 166
4.007245 182
4.941982 227
5.1250434 242
3.6113756 180
5.2149687 250
2.8782737 132
3.125518 140
6.459894 318
6.3036633 361
3.1257164 132
6.159457 311
7.8679056 385
2.2669857 93
5.7307105 264
0.027928423 1
5.5259953 251
0.88859695 36
5.354507 242
3.497227 166
6.6584334 361
1.9150742 79
2.0186641 84
4.0920672 191
4.8423166 211
2.4777672 105
4.607245 210
1.167624 48
5.590517 239
0.8198437 32
1.501376 60
3.6308577 158
7.1949067 349
6.1810613 290
4.3599625 188
1.9268076 80
4.7747846 212
3.7275717 165
0.027892577 1
6.5184193 379
7.2852964 384
2.467174 110
0.09994481 4
3.225197 137
3.307209 146
5.0490746 256
2.854655 122
0.93184686 41
2.9344451 128
2.14517 91
1.3514636 58
1.6837002 75
5.271796 257
0.95452565 41
6.406284 355
5.8494687 333
0.027694711 1
2.6932104 120
6.6928616 363
4.683963 212
2.0446677 90
5.8992696 261
6.5162706 302
8.3461075 392
7.336573 332
6.584768 306
2.822407 120
2.2748046 95
5.3425274 265
4.116155 178
7.523946 396
5.5539393 259
6.928963 322
3.3689342 140
3.7837665 186
6.681696 379
6.6117353 295
4.775072 230
3.2386417 140
6.1926317 343
3.2394013 137
1.2510082 49
4.113653 172
2.0404568 88
3.8436909 174
5.6272035 248
3.4186168 142
3.047607 135
6.763458 331
2.09341 87
2.2484465 103
