2.7365048 151
2.9326131 137
2.5247273 153
2.8401108 143
1.8389438 96
2.3325524 146
1.9020097 92
1.9361008 102
1.390027 65
2.5436773 132
3.4814963 171
2.7457051 128
1.6924806 86
2.8328369 142
2.864804 180
2.2450783 104
2.222793 116
2.5210705 136
0.02559289 1
3.055668 165
1.5703989 79
1.213032 65
3.2114704 167
3.198277 185
1.4921263 81
3.1943507 150
1.8904648 109
3.1068056 179
2.5429964 123
2.7596087 169
2.96505 161
2.2247088 151
2.3450341 118
2.5088785 122
2.931032 156
4.0488605 200
2.345556 113
3.0545866 195
2.3004775 115
2.7641373 178
2.2544208 143
1.4872513 80
2.0812795 111
1.8726333 96
1.5686109 87
1.7022798 91
2.183591 145
3.3152153 186
1.5343443 76
2.5082154 132
2.4085095 127
2.9082422 141
3.4501262 194
3.08844 156
3.0359423 145
2.8987815 146
3.8716545 198
2.1470757 138
2.2075427 112
1.8754226 107
3.2358093 171
2.8755884 152
0.7236431 37
1.0398993 49
2.1252456 102
2.188236 127
2.5629928 122
2.2494898 114
2.7046838 151
2.779613 130
3.083018 159
4.6301007 249
3.245609 154
2.0115345 111
2.9909816 185
3.3427434 201
2.4768732 134
2.1603048 104
0.9238929 51
1.8883946 96
1.3831828 77
2.0467942 105
3.7025065 194
2.4561033 134
2.3610806 111
2.9551053 149
2.5928466 144
1.9473691 92
3.762224 195
1.9252813 114
2.5303066 128
3.031976 170
0.022248553 1
1.745362 85
2.407116 143
1.0978241 51
1.1919858 71
2.612028 133
2.6802852 140
3.0410345 159
2.536136 123
3.8199058 200
2.9618344 156
2.9297266 161
1.4898498 71
2.5702624 136
3.1414104 154
1.1720265 67
1.8099182 97
2.5605447 141
3.3510284 199
1.5825526 93
2.2459347 123
2.5226734 137
2.019058 109
0.10134575 5
2.1703992 129
2.6507692 132
1.4536515 83
0.60501635 28
3.1118033 148
1.3578852 67
2.199236 129
3.4582264 199
1.5476143 75
1.5045744 81
2.5305665 121
3.6431687 208
2.3374057 117
3.7398615 214
2.3256173 121
2.255474 108
3.612351 188
1.868597 93
3.3245268 197
3.1410081 190
3.4105256 175
1.6217806 92
3.7837179 203
1.1565603 57
2.4956555 139
3.9577544 221
1.8989773 89
2.3654518 152
2.2062356 117
2.99806 201
2.8176177 143
3.7718682 200
3.709964 191
2.1288152 118
2.323821 120
1.0440382 46
2.349169 125
2.3058643 116
2.8411958 183
3.0440059 165
3.0713146 169
2.476671 130
1.3287847 64
1.4128097 78
2.012569 102
3.535882 174
4.2172623 240
3.0280404 161
2.3091903 127
4.026956 229
1.9474819 95
1.4998249 76
2.9885077 197
3.031148 172
2.4729822 144
2.2512782 120
2.782211 130
1.7130072 84
3.1239133 171
0.55058974 32
2.6967685 184
1.4848831 79
2.9994152 189
1.9577072 95
2.9128077 186
2.441569 132
3.0534441 164
4.229324 212
0.64293355 30
2.6931615 141
2.442726 124
2.3819926 117
4.633237 253
2.491604 171
1.5988411 94
2.025436 131
3.1479473 155
1.1349112 59
2.8861184 139
1.3065801 73
2.8958204 192
2.0434346 109
2.4096115 137
1.3361458 64
2.0360801 99
3.12565 145
2.0801308 132
2.8079116 188
2.2657008 140
2.7125256 155
2.1667125 115
2.437536 126
3.2244227 167
1.7715274 93
2.9756787 149
1.707827 84
3.247438 168
2.251151 127
1.5454313 81
3.091232 160
2.8998728 155
0.856794 42
3.0819724 179
2.6457925 134
2.0302851 105
1.3520807 67
2.5872116 121
2.0065846 107
1.755233 111
2.3806312 115
2.9349995 166
2.2657425 133
2.6591995 173
1.769379 99
2.0124407 109
1.8731893 99
1.4946779 72
1.6187452 82
1.9726354 109
2.206886 113
3.4008207 194
2.8119323 152
2.5837529 148
3.0098577 195
2.7398658 147
0.6983509 33
2.2403648 118
1.9668553 98
2.2752361 129
1.9234442 93
3.9492834 188
0.023600794 1
2.0199788 107
2.8519354 156
1.6059576 82
2.2104342 145
2.6983423 147
2.8441942 148
2.380961 134
1.932546 111
2.03587 100
1.7234652 90
2.8307087 149
0.330269 15
2.1815639 105
2.4384015 129
4.1068687 236
2.644587 153
1.3844723 74
2.9686022 190
1.1551925 54
2.847527 191
1.5764184 73
3.187778 151
2.298731 109
4.1684356 207
3.3330593 216
1.155328 56
1.7058716 83
1.881083 100
2.8573284 176
2.4834573 122
1.7487688 84
3.1330113 213
2.905921 149
2.6767673 145
2.0575206 110
3.895873 240
2.4474678 126
3.4263625 208
1.6483349 92
2.1520162 105
2.6669126 168
2.5453196 133
1.2822967 62
2.1553319 102
2.2686634 120
3.0351393 159
2.7156012 130
2.9678817 154
3.3799746 155
2.8501568 130
2.5606196 121
2.5806594 134
2.1259377 112
2.2619689 122
3.1489334 206
1.6793216 87
2.8404768 155
3.3851287 157
2.8347764 143
2.2243555 117
1.9454594 100
2.7791264 142
1.6393036 82
3.087183 152
3.6751707 182
1.6688489 76
3.2359262 207
2.1988578 113
1.7617779 90
1.9800928 107
1.504053 70
2.4799025 120
0.87354606 50
0.24691236 12
1.8790225 103
2.4247255 129
0.2780787 13
1.9572802 110
1.579889 77
3.619427 176
2.0676537 116
3.2025197 205
2.8393795 183
3.3316562 178
3.1918733 205
1.8969177 88
2.8708212 144
1.5862384 84
0.97495306 46
1.3045311 67
2.3048558 106
1.1234676 55
0.8725828 44
1.3161793 67
2.8452392 177
1.7595927 82
2.18529 117
2.6920645 164
2.3834124 125
2.418584 115
2.51599 151
1.5065817 86
2.4468305 150
4.161138 237
2.4585347 120
2.368252 115
2.1975892 133
2.2120602 111
3.6943786 217
2.2556453 149
1.4872408 80
0.3938333 18
2.890046 150
3.1065505 167
3.1379967 171
1.7654741 90
3.3511128 175
3.0106895 160
2.1493654 105
2.8560436 135
1.429958 73
1.6041824 79
2.5743723 145
2.616341 127
1.8865279 87
2.1132624 107
1.9311845 100
3.517007 180
1.4423273 85
2.2907128 149
2.719265 188
2.626185 149
3.1043944 145
1.245102 64
1.8469518 99
2.335692 130
3.694529 191
2.8901322 186
1.5189466 79
2.871141 153
2.7148373 176
1.152385 65
3.04187 148
1.304652 62
2.8168426 153
2.6566877 177
0.8858391 44
2.626804 134
3.3773737 176
2.0750062 107
2.7934535 146
2.2423394 112
2.026512 100
1.9147698 93
2.1281285 94
2.0491045 111
1.3966116 66
2.8119848 147
1.35801 66
2.788836 138
2.2551427 111
2.2902687 145
3.3677528 183
1.7170428 98
1.3702925 63
2.273185 116
1.2734587 69
1.6356763 92
2.770144 186
0.5767465 31
3.3509142 169
2.9191673 201
1.6678767 90
1.8869189 93
0.97889256 51
2.8390632 145
3.8496845 191
2.2826974 108
1.659805 89
2.9352677 183
2.7529557 144
2.5985513 138
2.7937896 177
1.1985323 55
1.9590677 102
2.8718934 149
1.8759273 96
0.9077333 46
1.997893 106
1.8032647 82
1.6748964 93
1.4241675 75
3.316879 154
2.7912362 141
2.142994 107
1.6757207 94
1.0693872 48
0.025317928 1
2.359968 123
0.3841815 18
0.478401 23
0.026381725 1
0.78598756 37
2.1190145 103
1.7259939 82
2.6506224 120
2.2543101 115
2.6206918 170
1.638964 82
1.1523588 58
3.1051872 177
2.359292 114
1.5664964 89
2.560178 126
0.7759066 34
3.3911521 189
1.519902 72
2.1946397 114
2.6169403 130
2.5165932 121
1.6732881 81
2.5397608 128
2.232234 106
0.7434882 39
3.3631003 179
2.4066727 158
2.2645326 116
2.3394012 112
3.1557155 196
3.3144114 158
2.0530186 109
0.5530572 26
2.0963361 127
2.3451889 131
3.611782 198
2.4064012 134
2.5305088 140
2.8877707 142
2.2358234 104
1.7916151 90
2.0160944 115
2.507403 167
1.327644 63
1.9579697 97
0.7141842 32
3.443706 175
2.6280036 145
0.73881364 33
2.3279383 128
0.7490913 40
1.947881 97
1.7144483 96
3.9985642 227
2.0080655 98
1.7499342 86
4.6354995 246
2.1800911 144
1.8265911 92
2.41147 154
0.4434538 21
1.0694096 54
2.3922565 120
1.4816215 75
0.91384995 51
3.2215257 162
2.6593485 150
2.537131 119
1.3937291 72
3.097332 157
3.0434504 155
2.4357104 118
1.859382 102
2.2609258 121
1.6060059 95
2.3829815 126
1.7874006 100
2.3218076 111
3.653794 194
2.052367 100
2.578668 121
2.3309486 117
3.4762795 217
1.5221381 79
2.190501 114
1.5208865 87
3.1169755 171
2.451662 124
2.6659758 129
2.455635 126
2.6662724 173
2.508052 138
2.7735152 140
3.3415306 164
2.1995878 111
0.62373036 31
1.2427605 67
2.8126676 146
2.8770936 145
3.8801653 198
1.7877383 87
2.1161392 112
2.782966 137
1.1882316 62
0.09991478 5
1.4898342 77
1.4656111 64
2.9040308 155
2.018134 110
2.5037107 120
1.645245 80
1.8041284 95
2.1190865 100
1.8698779 97
2.9662826 144
1.8428056 97
1.760358 88
2.9686396 159
2.3383877 129
1.9046193 105
1.7476784 85
2.3851666 128
2.4542413 129
2.9625285 153
0.8780615 44
1.5890789 80
3.1893923 157
3.0626895 155
1.3804656 75
2.8032944 146
3.328797 200
1.5921265 76
2.6709526 156
2.821555 154
3.0519128 150
0.023558391 1
0.3074489 14
2.985748 185
3.3479073 196
3.2472365 174
2.7053485 138
2.879009 139
2.4568675 141
2.8606615 141
1.5990822 79
3.1479585 153
1.081091 58
2.1055055 111
2.2872322 111
2.1058917 99
1.9208786 100
1.5169848 78
2.209696 117
2.783688 143
1.6721228 84
3.6209004 190
1.1617082 56
3.796316 210
1.3106556 71
2.3581226 120
3.1784844 171
3.2227437 154
3.5059614 186
1.3978251 67
2.7555904 128
3.384491 174
2.1664357 117
2.5480103 161
1.8354322 105
1.9905443 114
1.6993291 78
2.179133 104
1.1663603 64
2.8451774 136
2.6188056 148
2.6219332 144
3.1340766 171
1.8637208 98
0.046701018 2
3.2838326 185
1.9178421 105
2.5355027 137
1.7566618 84
2.270348 126
3.283544 158
2.1430736 112
2.5712903 138
2.9114957 151
1.9097115 101
3.0722327 171
1.7719147 85
4.193803 237
1.922861 101
3.1026425 202
1.8963443 97
2.744847 141
3.6677408 173
3.1847365 168
2.4083333 121
0.38935545 20
2.8799276 197
3.0531902 150
2.55694 142
1.5821438 86
2.4040852 127
3.2031262 199
2.689257 138
1.9578893 93
1.7361373 77
3.7667408 192
2.128068 106
1.8408244 94
0.024166021 1
3.549738 185
1.9894692 107
2.6173105 144
3.0489051 193
2.4655697 119
4.1115074 234
2.18589 127
1.3085252 77
2.4663308 127
2.9315362 160
1.8758736 93
2.206327 108
2.597395 165
2.0898209 103
0.7870329 36
2.8740509 186
2.242873 111
2.706606 128
2.8219652 149
1.873842 108
2.639821 140
2.1659486 112
3.0155423 189
1.6919008 90
0.34648615 16
1.7774496 94
3.0627723 176
3.1369607 179
1.313593 65
1.2608479 72
2.3714616 117
1.0587108 50
3.0506313 158
2.193223 127
1.7915106 90
2.5020344 159
1.9995586 126
2.6935143 154
2.002814 101
1.326399 72
2.2335873 143
2.9156845 140
2.244486 131
3.0179203 160
3.342879 161
2.1769996 118
2.9307282 170
1.6192 89
2.2559266 119
2.7436423 140
2.7990205 140
2.9712965 147
1.8420815 101
2.6058612 121
2.1231349 100
1.9156315 89
0.6050474 33
0.26024735 12
1.7151833 86
3.157499 154
0.422247 18
1.9305651 87
2.8167324 150
1.5421789 76
3.082526 166
2.3862548 150
0.5204041 27
2.7587671 149
2.3931277 120
2.0561497 101
2.403349 124
2.8216143 130
2.978414 151
2.3887258 126
2.3775177 122
3.3425827 223
1.7620652 80
2.6211991 123
1.3280584 60
2.2425272 119
0.35575372 18
2.7792869 157
3.6708293 169
2.2958605 126
2.5216 127
2.6679256 170
1.8788813 109
2.9350388 153
1.9334885 103
2.1367033 141
3.5281398 179
3.10773 174
2.7528858 143
2.055559 105
2.5744467 165
3.0419865 198
2.049949 115
2.3793375 132
1.6989237 86
2.136172 121
1.0682526 57
1.7874818 92
1.7923616 92
3.4363546 174
3.3289034 175
2.4168098 127
3.0270905 153
2.4252427 159
2.9026809 192
2.0488014 110
2.3767967 122
1.534674 83
2.4730306 150
1.9959993 112
1.2638502 73
2.6623952 137
2.1372638 107
3.1753755 202
3.3990836 170
2.7733543 154
1.8889632 85
1.3609124 72
2.2856836 112
3.0340369 196
2.7121196 139
2.3682368 112
0.4909484 23
2.0058155 94
1.7877878 94
1.9805696 106
2.5467918 154
1.7015976 86
4.368532 225
2.7177083 151
3.9461732 216
1.0506632 60
2.527065 125
1.5513593 80
3.218401 205
3.6781905 197
2.2407062 111
2.3078048 107
2.7243998 139
3.6515443 192
2.3413682 116
3.5963807 211
2.7435348 139
2.415869 112
2.4610715 119
2.273522 154
2.162091 98
3.5156765 218
3.6249769 193
0.79418916 37
2.8342528 157
1.8232647 90
2.4256673 116
2.2460554 109
2.556873 156
2.7060077 129
2.2012806 106
2.7008946 134
2.938448 147
1.5616034 70
2.7749043 181
2.2065957 115
3.0836885 197
2.3584385 121
2.4145143 111
0.8672444 42
2.5551984 132
2.3382075 143
2.5350595 139
1.2814434 64
1.8057554 98
2.4508464 158
2.7462976 184
2.5088487 122
2.9402332 153
1.6023195 77
2.0173826 117
2.3642707 117
2.055741 114
3.3398302 173
1.087496 52
2.7398348 130
0.024453994 1
2.2369726 114
2.6912549 176
4.4802113 254
2.616376 169
3.4536774 175
2.353094 135
3.1221142 167
2.6045845 127
2.8236268 148
2.3801343 117
1.945491 106
4.0378876 225
1.5952834 86
3.4176424 173
2.8382914 150
1.4659233 78
2.0259635 102
1.9763538 88
2.5389779 129
1.7533635 85
3.2451847 163
3.0911326 171
3.5377014 203
1.0512005 51
3.3313787 163
1.5711514 81
2.421076 116
1.0450819 58
2.3033051 124
2.5875998 123
1.7882662 82
1.4003907 65
2.4893863 119
3.121625 192
0.89970315 47
0.022449903 1
0.34618616 17
3.661199 190
1.6316779 92
2.910996 144
2.8556054 142
2.9321082 136
3.2926068 210
1.7420911 86
2.899015 143
2.5407674 119
1.8881081 99
1.7067765 80
1.3423222 64
2.292551 110
3.0995903 157
1.7803175 88
1.7781702 84
1.2257774 69
2.8278358 140
1.4966944 77
1.5520078 76
2.110608 97
2.8530378 138
2.1110957 110
2.3455534 157
2.11367 119
3.5016139 203
2.9308112 151
1.7401541 93
2.5564756 120
2.3884177 121
2.328389 124
2.227587 130
2.1582975 109
2.4115 132
2.9436429 207
2.742544 140
2.6597738 168
4.024049 224
2.6249866 130
3.299759 173
0.27916276 12
3.0455248 155
1.6140357 85
2.9984925 167
2.0479882 102
2.2275043 143
2.082542 112
1.8970585 103
2.505802 120
2.0097628 94
2.4298227 118
2.5365772 132
0.71504694 34
3.4728591 169
0.025436131 1
1.198406 56
1.5281928 77
2.611119 144
2.048259 105
2.3244636 126
2.1455197 121
3.2299984 171
2.2151496 123
0.023748593 1
2.8567145 199
3.3936007 223
1.2192036 62
1.508172 74
2.3084748 117
2.221097 126
2.4398077 139
2.2964628 117
0.69343626 37
2.035203 96
1.1006006 56
1.8501613 112
1.5377942 79
3.4197984 195
1.1675065 63
2.0456977 133
2.4004836 159
0.8046198 36
1.5504612 85
2.441061 156
2.2856903 127
1.547134 78
2.8162417 156
2.310518 120
5.3497553 304
4.484755 252
3.6886625 198
2.8199897 142
1.0160156 51
2.918571 186
2.6996078 135
2.8848493 197
4.2473507 259
3.216628 157
1.4898238 71
2.5088053 132
3.000013 201
3.1273108 144
2.1170049 112
2.4322908 133
2.6539881 171
1.8788751 94
2.3721735 116
2.742815 131
1.0629691 54
2.6546278 137
2.4910438 143
0.9360011 43
4.3394036 247
3.7756107 196
1.430353 67
1.7569892 91
