6.003188 302
5.299714 233
5.8823104 262
4.5055823 204
3.400646 146
5.4731317 251
2.8438547 121
3.969445 171
1.2123623 50
4.7938237 219
5.235934 237
4.7458878 214
4.460466 198
4.811169 238
5.53968 249
4.634764 219
3.933404 185
6.2386565 305
0.027999928 1
3.5247507 161
2.6608107 112
3.0656295 128
4.4246387 200
4.763615 218
2.615198 110
3.880361 167
3.542914 152
4.226922 182
5.1040993 251
5.2906623 241
3.926778 179
5.5415483 257
5.517924 234
2.5958552 116
6.0851607 275
5.868983 302
2.0197232 81
6.076329 286
3.1384516 138
5.503955 248
5.212012 236
2.0742118 85
4.6929398 204
2.4199376 106
3.776455 163
3.208084 140
2.1742427 97
5.069096 246
2.3581846 101
3.748575 157
4.8560247 220
3.5737154 158
4.979361 250
4.3060746 194
4.8411217 218
5.2488465 255
5.337356 243
5.1830935 232
4.0846677 197
2.0175357 81
6.3925986 294
2.6372445 107
0.9430152 39
1.2809325 49
4.9483976 226
2.5134523 98
3.7399552 162
3.8624363 180
4.06708 176
5.0740757 224
6.3012166 329
5.7481422 277
4.872784 228
3.919119 171
4.920172 221
5.228933 265
3.0824695 130
3.103123 130
4.3366323 194
2.157091 87
2.1764987 89
5.2486887 241
5.00032 236
4.316969 201
5.2484508 255
3.6553018 164
5.3538623 255
2.9650338 126
5.3075166 247
4.9493423 228
3.2649004 136
5.8540382 274
1.0057225 39
1.6380167 65
3.822589 168
1.5634711 62
3.1581297 158
5.266808 242
4.968547 233
4.6024847 226
5.049762 241
4.591444 210
3.686047 165
5.8533826 283
1.9681647 78
5.0622315 243
4.724527 220
3.3132968 142
4.052212 176
4.792862 219
4.5846562 211
3.9104905 170
3.7259743 160
3.898444 175
3.5622168 160
0.052268464 2
2.672349 109
4.0870833 185
3.4562902 148
1.9143478 79
3.0125623 123
2.548655 109
6.396717 306
5.7153277 280
2.1096926 89
2.4748878 102
2.3791425 101
4.015448 170
5.601892 267
5.4888186 242
4.774038 207
4.366198 194
3.5220292 155
2.682515 118
5.5798445 279
5.1397686 233
4.6090355 225
4.645671 213
6.2932467 320
2.0029185 80
5.345031 249
6.17231 319
3.578586 163
6.1957464 291
3.3337266 138
5.5052037 258
4.807697 219
5.782469 280
4.5778913 203
2.3105357 97
4.3814545 209
1.2073593 47
4.2103744 185
3.61344 168
5.885575 270
3.7733774 155
5.650408 253
5.019198 240
0.6289511 24
2.0191524 78
4.101291 180
5.945037 266
5.850778 287
4.370508 192
3.0335298 134
4.7761974 226
3.2641437 133
2.3403592 95
5.146889 234
3.9013855 175
3.6540523 156
3.6637194 163
4.0140486 183
3.1153195 134
5.319933 250
1.7559501 74
6.075988 285
3.3417692 142
5.8576593 280
2.8594139 122
6.1222277 292
5.0181365 222
5.3172317 239
6.182387 273
2.2426066 89
2.9351392 134
4.4032125 187
3.4902592 152
3.5613 151
3.636106 166
3.6770039 167
3.9160945 176
5.7301903 257
1.6950608 71
3.6074529 162
1.7476265 74
5.2522483 242
4.5145884 206
2.8633053 119
2.5337682 106
1.8614492 75
6.4269476 338
6.3247576 282
6.093698 288
6.0240583 281
5.4611096 233
2.4647398 110
3.510529 178
5.8892064 274
3.614307 155
3.622563 166
1.9340379 77
5.927453 297
3.15828 132
2.5729299 110
4.3823457 194
4.861303 216
2.3979213 94
4.6234894 207
4.702238 225
3.3663244 152
3.2853992 143
3.1340961 131
4.9907913 235
4.7225184 200
3.249867 146
4.0799966 176
4.329343 189
5.8563595 286
4.9514027 229
2.2133858 91
3.4537675 145
3.0048096 121
2.4892788 109
5.0440316 233
4.008797 185
6.44814 317
5.057895 231
4.33681 186
6.4377947 308
4.920343 219
2.2436235 91
2.1442242 89
2.707427 111
2.9153867 130
1.4534228 58
4.3727756 194
0.027999956 1
3.514468 153
4.074377 182
1.4396089 56
5.1437635 256
4.7648654 206
5.047779 238
5.754221 282
3.5247407 146
3.5413077 147
2.246444 94
6.0332775 293
2.877367 122
4.7293324 225
5.0371175 219
6.8210964 341
6.3183813 291
1.865037 77
4.665949 199
2.3220074 100
4.7162127 214
2.7914178 121
3.193427 133
2.6647205 116
4.4743977 198
6.0516744 292
2.177472 87
3.120724 138
2.805478 120
5.6753263 269
4.268425 197
3.1685607 135
6.995759 335
4.146395 178
4.6246095 211
3.1045268 134
5.251985 233
4.532498 200
5.7161245 286
4.7250366 214
2.6614432 109
3.848996 168
2.8392088 116
3.061639 128
2.6645832 113
3.280235 140
5.515295 255
4.3708663 198
3.3399854 136
5.6603956 285
3.4364395 150
4.509592 207
4.2763786 195
2.5240471 106
2.8765852 125
5.570104 256
1.7733648 73
3.5170493 157
5.0857944 229
4.470374 210
4.6368833 203
3.2074566 137
4.357268 191
3.80277 164
4.6703568 214
5.4292617 252
3.3375344 139
4.9436483 218
4.048582 175
3.9728956 179
1.5945386 61
3.1523418 140
3.3541598 138
1.1644216 48
0.027999962 1
3.9442143 175
3.6555343 161
3.1770778 133
4.2027035 173
2.4602346 103
6.692002 317
4.297639 188
5.6323495 263
6.1901207 299
3.7444975 168
6.189751 315
1.3750191 54
4.1481657 188
2.587077 108
2.1964707 90
3.7832828 174
3.4672472 164
3.058625 135
1.4800999 56
2.5650969 114
5.7427135 259
3.2562504 132
4.76692 226
5.5116267 256
4.371418 191
1.6425526 64
4.9081306 224
2.125716 86
3.8771057 170
4.942463 220
2.4312012 102
4.234584 185
5.745001 256
3.1869247 138
5.755427 283
5.2144423 231
1.6379704 65
0.81014574 31
2.6160636 106
5.5535765 272
3.3698242 149
4.15813 188
4.4064646 200
3.8860803 173
2.8003592 120
4.3698993 196
3.9193258 181
1.7154205 76
5.320178 250
6.806493 337
3.718936 160
4.3700705 198
5.198929 227
5.5824456 240
0.9551119 37
5.703141 250
6.324017 300
3.6219568 157
3.726496 162
0.85371786 34
4.8154554 208
5.8583174 277
6.7945967 346
6.4671316 318
2.563665 110
5.016074 259
6.236936 294
2.7878203 114
5.081258 225
2.3877919 103
5.8505955 271
4.91453 210
2.3049786 105
3.6295793 169
6.5115724 306
3.796173 171
4.3993187 192
3.9750977 180
4.0320287 181
3.8363235 178
3.5765014 156
2.7578053 118
0.9439566 37
3.6885006 154
1.6279361 66
4.4514356 210
3.749249 161
3.9281726 171
6.645793 321
3.8925495 165
1.673283 66
3.3981125 150
2.717898 112
2.7022634 115
4.860017 217
2.1795082 94
5.1915216 248
6.935698 331
1.7771908 71
3.5923655 157
2.923694 129
5.7755647 261
4.5591326 216
3.5144153 152
3.7026677 167
6.001548 292
3.4145155 156
4.4880433 213
5.9317484 293
2.0674605 89
3.3183248 145
2.9303482 125
3.2571583 142
1.8895087 78
4.086358 178
2.2233558 98
3.2882364 140
3.8720386 168
3.4139752 157
3.900189 179
5.043561 225
2.9937332 140
1.0415651 40
0.027999954 1
3.6481194 156
0.027999938 1
0.78594625 30
0.027999919 1
0.36494866 14
2.9341955 126
3.5993392 154
4.7692237 206
4.3520045 196
6.0200405 290
2.9252825 128
2.2146194 96
5.3553004 241
4.241339 193
1.6849244 71
4.9047337 230
2.4661925 98
6.5946174 346
1.2190783 48
4.464842 198
4.411865 202
5.3884087 247
4.068989 184
1.6404494 65
4.108905 195
0.9975679 41
5.5107746 247
6.3019004 315
3.9511654 176
2.2201767 89
6.1892715 287
5.067729 234
2.0384178 84
2.3104637 99
5.3680162 242
4.8120866 217
6.675291 313
4.3305483 193
3.8268704 166
4.4455876 209
4.2386885 186
3.7212112 164
3.1430976 132
6.5588455 315
2.0082536 81
3.4642785 143
0.36709696 14
4.852094 212
6.3470726 321
0.051922828 2
4.2412972 186
2.2453728 97
3.5752513 151
3.161706 150
5.308859 239
5.2068963 257
3.7580075 172
6.0432506 313
5.6888423 270
3.2452319 141
6.2304087 280
1.66514 66
3.2143524 134
5.094685 230
3.2561538 143
2.5764718 112
6.243762 304
4.8722057 237
5.0368667 234
2.9149725 123
4.723831 212
5.191472 225
3.6949902 163
2.985945 125
4.5664005 204
3.7449207 165
3.2160985 134
5.173231 239
3.470462 152
5.882613 269
2.0255563 81
3.4520378 164
3.7443254 174
5.384225 243
1.6567708 67
3.0081663 122
1.9713612 80
4.669013 205
4.3772345 191
4.9182673 227
5.2927475 235
5.3710794 248
3.1319003 133
4.0004787 178
3.8838444 180
3.9410567 181
1.4057935 56
2.325861 97
4.326187 187
3.651241 160
5.5086474 260
3.2040915 134
3.360537 144
5.5871463 261
1.7713279 70
2.024017 83
3.1434963 139
3.1685119 138
3.964296 174
4.2407584 176
4.010666 171
1.826976 73
5.077572 224
4.498696 196
4.3107343 198
3.577711 154
3.753016 173
3.7950501 172
6.128792 273
1.553086 62
3.805612 160
3.6298845 155
4.10634 174
3.9715166 171
4.760069 223
0.20937964 8
2.7649996 123
4.928946 213
4.210752 177
4.436498 197
3.558318 147
5.3614535 247
1.3319979 53
4.3066463 195
3.8797183 165
3.1112683 134
0.027999962 1
0.84022367 32
4.7824674 210
6.202091 300
3.3373854 146
4.9758635 225
4.440321 207
4.2815256 180
4.3746614 196
2.2723908 92
5.94849 277
1.8807836 76
4.7565036 210
4.7934713 207
3.975486 177
5.310127 235
4.102576 190
4.406552 201
6.272777 304
2.6334662 114
5.9453034 293
2.2457762 93
5.05535 227
2.2404041 89
3.91747 176
4.95731 227
4.6132355 219
4.8895426 233
1.7834332 81
2.6244986 109
4.7997184 236
0.9121677 36
4.357314 182
4.3337784 187
4.70525 207
3.2324736 136
2.7240055 110
0.36331746 14
3.5070136 150
5.092218 244
4.5952487 201
5.642013 272
2.3029683 95
1.9818295 79
6.037959 326
3.578441 162
2.4545584 100
3.0762327 153
5.0747514 251
5.3086514 258
4.54901 198
6.128344 294
5.3406315 268
2.5357056 105
7.453955 378
2.7327847 116
4.4381137 196
4.264183 190
4.3047295 210
2.594682 108
4.0848317 198
4.92519 225
4.6524434 197
2.9813962 133
0.02799996 1
5.901585 288
4.0288677 173
5.000262 232
3.885499 173
3.5043182 149
6.1350327 302
6.4752927 323
2.2475526 96
2.31663 98
5.067923 233
3.7531989 159
3.6241775 162
0.02799994 1
3.8987377 169
2.7950463 115
5.549056 253
5.921435 276
3.8113844 161
6.789261 353
3.4102244 141
3.696706 162
5.0854254 219
4.325179 210
4.214055 179
3.5784504 167
6.181128 296
3.7424183 168
1.6145461 64
5.664677 268
4.709439 213
3.6939132 163
4.079509 174
3.666054 150
5.7572837 264
4.207552 208
6.2518234 303
2.698287 108
0.28561452 11
3.0711641 132
4.475668 198
4.7724204 222
2.7990756 117
1.9919615 82
6.186075 291
2.111041 88
4.3939753 212
4.8071055 217
2.660931 109
5.5649486 248
4.1474595 177
4.111775 186
1.8427113 76
2.9934473 122
5.8096895 285
4.3075805 192
5.4750743 246
3.8490396 172
5.271843 251
5.320369 254
6.3987145 298
1.3089222 51
2.970089 127
4.445347 199
4.1198473 178
4.2201676 194
2.4236884 98
4.891658 231
3.9369302 183
4.965812 215
1.0699266 42
2.05882 82
3.4744322 159
3.5007203 157
0.027999936 1
3.565642 153
4.6991806 215
3.1584404 137
5.5205865 269
5.8145256 283
0.3611423 14
3.783902 165
2.345331 95
4.3363028 187
3.549184 163
5.096983 233
6.1000094 301
4.1234927 184
4.451169 187
5.557277 255
2.8436863 121
3.8824165 173
2.0962825 87
4.574327 216
0.027999956 1
4.4160624 202
5.554053 264
4.1977797 189
5.3512287 267
5.1999106 241
3.520937 160
4.928121 214
2.2599626 90
4.6688805 216
4.3136425 192
3.995165 177
4.010521 167
3.4953833 148
6.183482 284
6.3947353 321
4.805876 205
3.3287284 136
4.048104 185
3.735073 163
1.2953024 50
3.4679902 152
2.6482291 110
3.2938738 138
4.034789 182
4.352912 186
2.3738089 100
5.775306 262
5.0975037 220
4.2509685 186
3.5290725 146
2.5374718 111
4.7532225 209
4.8261485 226
1.6537455 64
4.1032023 184
4.7898936 208
5.6222634 259
4.319442 190
5.285238 247
2.4488645 103
4.002642 174
3.8332815 165
6.326704 314
4.609189 205
3.2781157 142
3.501529 160
3.965471 170
5.103121 232
2.2188144 92
5.05033 220
1.3242073 53
4.7484217 210
4.5112314 217
6.2086573 276
2.3334436 94
5.087006 252
2.3748097 97
5.28948 232
6.013322 286
2.7127545 133
4.7110915 211
3.6092172 153
5.031685 242
2.9023325 122
5.6999087 269
4.0330486 201
3.7418363 168
2.5837364 104
5.6814814 259
1.1832459 45
4.360623 194
4.7586613 214
2.3938742 98
6.1324334 283
3.5816402 152
3.8687963 167
4.5831428 197
4.202751 167
5.7068987 257
5.343297 235
3.5242972 156
5.526534 267
2.2352736 94
5.8076806 287
4.6623893 215
6.0089545 289
2.5776134 110
4.0776377 181
2.189195 88
2.628351 113
4.7829823 206
3.551901 155
3.3178115 138
4.0659857 181
5.920668 279
6.0834737 287
4.450692 200
3.6612496 153
1.0616318 41
3.7213786 169
2.8864453 129
4.355386 185
4.675774 194
1.1742369 46
5.675428 265
1.0353808 41
3.5628371 158
5.627821 269
4.895036 217
5.3443923 247
4.9844527 227
4.2875204 194
5.044164 221
6.0821443 300
5.29271 242
4.239474 198
4.403337 212
5.238574 233
3.2109544 139
6.9817977 365
5.726087 247
3.1880996 139
3.4086587 142
3.815664 179
4.7760262 208
1.3362778 54
5.3455076 234
4.3703237 198
3.418595 145
2.7616494 117
6.1225863 270
2.5794232 117
4.221359 192
3.3086212 143
4.1946855 186
4.64327 203
1.4798257 59
2.7028887 118
3.4160297 148
5.9419246 317
1.8360187 71
0.56984156 23
0.5747589 22
5.9558253 276
4.6940484 205
4.842516 222
3.5675297 157
3.6584191 168
5.692628 276
1.4646728 57
5.357656 235
4.161637 185
3.9642963 177
2.0646644 85
2.7151933 112
3.2509077 135
3.2101042 134
2.7093022 111
4.3439994 194
1.0076162 38
3.063371 127
3.2773757 139
3.8014836 164
4.3641667 198
4.7675214 206
3.46506 169
5.7064314 262
4.1983438 176
3.6967266 162
4.7627115 201
5.488 247
3.4310772 154
4.577563 215
6.683167 318
4.307285 184
3.5456762 156
5.653279 257
6.384413 316
5.520848 261
6.0018826 273
6.0204573 286
2.2507744 97
4.7043867 201
0.027999943 1
5.142749 228
1.8668681 78
4.7173405 203
4.144751 200
5.039981 215
3.2885704 135
3.549276 150
2.463492 105
4.6082377 205
3.251378 130
2.2486956 96
1.8761945 78
5.6255746 261
0.12911983 5
1.9176408 77
1.5202035 64
6.12753 290
5.7884274 266
4.32779 202
1.5936495 62
4.873047 226
4.083064 177
0.027999926 1
5.9099197 276
5.412393 261
3.5160115 151
0.62715507 24
3.4385636 154
3.3616567 141
3.816423 162
4.1757736 183
0.789162 31
2.501866 106
1.2514421 49
2.969502 120
2.158048 86
5.9489975 278
2.417443 106
4.9795556 220
5.3316255 234
0.979895 38
3.0107188 125
6.131642 291
4.5103846 204
1.5230918 63
4.405217 191
4.272234 181
6.924894 328
6.043991 319
6.103963 271
4.3077354 195
1.8745484 80
4.050201 178
3.349224 146
4.9196754 208
7.0843015 385
4.887221 219
2.1909704 87
5.994804 281
6.4239025 298
5.615294 280
4.457145 208
3.2770262 143
5.5167313 264
3.5097752 154
2.6688213 115
4.5557265 195
2.7930498 116
3.187574 136
2.2316895 95
2.8619826 126
5.6363993 263
6.622805 297
2.6252682 113
2.518608 102
