2.6965806 139
3.214095 156
3.5555234 239
2.6841693 128
2.8392818 149
3.7469285 228
2.729057 138
2.4794793 127
2.3118887 114
3.4320257 189
3.9780726 213
3.5796702 196
2.2917175 109
2.8476849 149
4.3449073 289
1.998848 90
2.5095723 122
3.4929292 210
1.266168 51
3.353561 201
1.4765279 67
2.084613 100
3.70736 218
3.0412169 173
2.2740483 123
3.156921 147
2.8345478 161
3.696001 200
3.8137937 194
3.622837 222
3.9669266 217
3.3116503 191
3.2465565 189
3.3910222 168
3.6280186 194
3.9821978 221
1.7500622 79
4.265451 269
2.9772317 163
3.3310957 207
3.0736876 188
1.8802905 88
2.964042 160
2.2080305 116
3.0628371 165
2.2919655 114
3.3910868 200
2.8581817 156
3.3240187 193
3.2597039 172
2.939871 163
4.036088 229
4.020882 211
3.2340815 168
3.7721424 185
3.992748 203
3.97135 225
2.6943796 163
2.3184729 144
1.9535129 101
3.883461 212
2.5759077 131
0.78340536 31
2.3667448 121
3.4605486 183
2.0321016 113
3.2565908 167
2.9967449 166
3.8711414 219
3.4709806 172
3.7569525 201
4.5960913 235
2.945353 151
2.7825797 165
3.5022833 231
3.6850936 217
3.7419538 215
3.4754403 196
1.9744349 98
2.8693352 146
2.4990437 137
2.5419793 131
4.129354 237
3.01788 159
3.3037639 167
3.1901245 174
2.1939185 114
2.0645995 96
3.7121725 205
2.4108279 163
3.453951 180
3.4443476 200
0.027586194 1
2.3057647 112
3.621704 213
2.4054105 110
2.6665246 155
1.4143902 63
2.7374978 148
3.628753 219
3.167698 167
3.6180713 181
3.0422542 153
3.7755163 217
2.279308 103
2.9875996 189
3.117624 152
2.6601558 155
2.1034243 109
3.5160043 200
2.7987556 144
1.3699503 63
3.3536823 184
2.237005 121
2.20917 112
1.0979806 45
2.896354 156
3.259587 177
1.8884742 92
2.0919547 100
3.833036 199
2.4064136 125
2.6880271 152
3.044421 164
1.9021765 88
1.6127962 76
3.4366436 170
4.844876 280
3.7011237 203
4.678605 284
3.0392895 168
2.8052847 146
3.635058 198
2.3810067 108
3.2698731 176
3.8075354 266
3.2498612 167
2.724866 162
3.6858034 192
2.2431445 112
3.2194164 191
4.226078 254
3.225137 166
3.2640505 223
3.3111453 172
3.3695502 214
3.9544628 211
3.1940544 162
3.5569124 188
2.143628 104
2.9839807 187
1.3396776 55
3.2864988 182
2.9442043 145
3.8395941 241
3.9875164 215
4.0835605 246
3.170873 175
2.544497 130
2.4457521 133
1.6259975 74
3.9834654 210
6.6230974 407
4.498701 248
2.8493207 143
3.1796088 166
3.0861897 172
2.7215745 148
4.0954633 282
3.7768476 238
2.9869976 171
1.8142838 83
2.3013725 109
2.473925 123
3.0355723 164
1.3485501 63
3.4053571 225
2.1090798 102
3.7473912 242
2.6526437 134
3.797208 238
2.2932153 111
3.287235 198
4.469788 243
1.4589549 63
1.9121027 96
2.6171215 124
2.7190735 134
4.0309143 211
3.0261118 175
1.5719467 81
2.9403994 174
3.1952317 166
1.1318339 46
2.7961695 138
1.5630528 76
3.3691978 199
2.8903525 155
3.413956 196
1.7312937 84
3.049947 150
4.1849833 224
2.6285074 154
3.6415765 242
3.4127824 211
3.8877077 230
2.2966478 118
2.6181371 130
3.183247 169
1.4460931 62
4.0205817 226
1.6792203 76
3.8163033 239
2.4295068 120
1.6779873 77
3.1278403 154
3.7361503 205
1.5173047 67
3.9233627 216
2.6868432 141
2.5362215 134
2.0392184 98
3.649298 190
2.9668832 156
2.1229894 127
3.3058712 181
3.2675915 182
2.6519973 142
2.2974815 139
2.916726 172
2.7814844 157
2.8156834 148
0.93741286 36
2.1734173 106
2.8956287 178
1.9410489 96
4.4324627 271
3.5334072 191
4.1946793 247
3.9154825 261
3.3663821 190
0.9296211 36
2.5001264 120
1.8559475 87
1.720981 82
2.4833007 116
4.1921377 218
0.027982093 1
3.1013315 173
3.2384915 183
2.5526288 128
2.6878123 160
2.201098 112
2.6916237 141
2.9264622 161
2.831749 159
2.1042666 108
1.6166301 80
3.7713838 212
1.169925 47
2.6277506 129
3.125897 179
3.919398 227
2.9946976 159
1.5079763 73
4.375126 282
1.7579746 80
4.05433 272
2.1590023 99
2.6989405 133
2.589568 133
3.5751905 178
3.7011447 236
1.4326943 63
1.9267701 87
2.7407434 146
4.1131783 295
3.0712612 169
3.0849857 159
3.6999834 251
2.978182 150
2.1926682 110
1.3862879 63
4.2026124 247
2.811401 177
3.9559293 214
2.100576 103
3.839872 203
3.118906 182
2.4610682 123
1.9603164 94
2.5091171 123
2.064636 104
4.167129 253
3.0498362 148
3.8932037 224
5.452097 339
2.6927376 122
2.85736 140
2.9921243 158
2.377531 121
2.581334 130
4.3870287 302
2.459122 120
2.8169303 155
3.3970134 167
3.5231655 195
2.9187818 164
2.9539819 159
3.1162832 175
3.8004217 214
3.0340528 143
4.1808796 220
2.7671118 134
3.8751347 268
2.1936243 103
2.4189851 126
2.9639397 153
2.7989368 131
3.1553204 154
1.0999534 46
0.027513593 1
2.629074 144
3.8437257 224
1.4725353 65
1.8194183 86
1.4821591 67
4.215104 214
2.662537 142
3.9769104 263
3.788561 266
2.9794302 161
4.18027 266
2.14694 103
3.6551538 193
3.4025733 184
1.7526946 82
1.6721627 79
3.2261975 161
1.17968 51
0.027892612 1
2.0393429 102
3.8814912 249
3.6259773 203
2.4369817 121
3.6276393 219
2.050415 103
2.9823992 151
2.564731 167
3.2627397 179
3.6246898 218
5.0790052 299
2.5646868 132
3.7454462 224
3.0327795 184
2.4522417 131
4.0181923 221
2.1877618 131
2.6825817 141
0.027892595 1
3.7048843 222
4.457742 250
2.0508194 95
1.8785689 89
5.4970384 327
2.7778609 145
2.6260822 130
2.7394273 144
1.8006194 84
2.601637 127
2.529449 135
3.4815478 196
2.3557563 112
3.8640258 229
3.2829893 173
3.9044561 209
2.2213902 111
3.7696993 243
3.8460214 258
3.1729746 169
3.0612335 147
0.7573356 29
3.8798447 214
2.9645174 168
5.4439917 306
3.1701245 223
3.5794218 215
2.762097 141
3.3794532 203
0.41641763 16
3.5744994 200
2.4306314 117
3.229426 194
3.8357737 254
0.9396418 36
2.741483 138
4.5689716 271
2.9176416 148
3.1409926 170
2.74106 138
2.5438092 126
2.5383868 130
3.9059165 208
1.8285303 84
2.2453856 115
4.5932984 271
2.3358123 115
3.960103 205
3.0295844 152
2.731533 160
4.004095 225
1.889144 99
1.1177815 48
2.5176578 124
2.302555 121
1.7822647 86
3.1401417 185
0.93174833 38
3.0683265 171
4.277575 283
1.9855195 100
2.6560647 136
1.6294731 77
3.1097298 172
3.0077975 160
2.3038182 110
2.1049652 110
3.8831522 260
4.2374177 262
3.7582846 208
4.123405 283
2.36348 112
2.4974785 130
3.0781164 159
2.374665 136
1.8699144 89
2.7205966 149
4.157393 235
2.972962 167
2.4327283 135
3.0461931 144
2.9458404 150
4.0129824 229
2.598267 138
2.3601773 115
0.02798209 1
2.3653114 117
1.9157677 90
0.027802814 1
0.19452451 7
1.588696 72
3.1195116 163
2.6645498 137
3.4134529 174
3.861632 238
3.446049 203
2.501256 132
1.1217852 44
4.3449435 251
2.8940573 140
1.8121831 91
3.8458788 201
1.3363044 55
4.4964685 280
2.3396957 111
2.8089159 154
2.4010785 120
2.7697933 141
1.0651937 42
2.8736172 144
2.6771173 133
1.212642 55
4.6464624 288
3.3038688 214
3.1711483 168
4.360011 229
4.15645 263
3.7438216 204
2.9897773 171
1.7165569 80
3.3203712 204
2.7293687 150
3.812994 220
3.1930637 173
3.629592 199
3.330872 162
2.9025528 143
2.3021922 121
2.8576791 162
3.266426 206
1.9028217 86
3.1411762 163
2.02015 93
6.2757673 358
3.1461527 169
0.87983006 36
2.473528 136
1.5378913 76
2.8191867 145
2.253354 125
4.3214765 234
4.279896 241
2.5820515 136
4.605576 250
2.9748604 182
4.271003 246
3.6855822 227
2.318308 117
1.1516728 48
2.3413723 113
2.1056106 96
1.331605 63
4.086186 220
4.9582424 280
4.2041516 228
2.4897861 143
2.4171371 116
3.0009506 159
3.2526424 177
1.9068993 90
2.661149 138
1.476934 69
3.12926 160
2.6712737 144
2.5079997 127
4.272157 214
2.6409886 148
2.673012 127
2.5998876 130
4.250087 295
1.0546545 41
2.6612773 150
2.8898807 154
4.217215 226
3.323952 190
3.755567 206
3.4764588 202
2.9972882 185
2.9226432 158
2.9965167 153
2.5787973 120
3.611367 208
1.18314 49
1.4051789 64
3.4284053 199
2.6786983 135
4.428546 225
2.4137285 123
2.7797074 149
2.9227095 140
1.6429507 76
0.36745602 14
2.2214408 103
1.4963393 63
2.436388 114
3.236493 180
3.262113 171
2.4048896 128
2.2566164 124
2.9757416 146
2.1884315 107
2.8486295 140
2.0773056 103
2.5263414 131
3.0713408 165
2.3944695 123
2.4588938 141
2.3523126 119
3.1753604 179
2.4855173 125
2.567407 127
1.5200536 67
2.8960102 172
4.2752047 267
3.7632046 210
1.7552836 86
4.146395 253
3.666092 199
2.1387005 107
2.8798475 162
2.6382797 145
2.0219805 90
0.027892614 1
0.68579566 26
3.6428845 217
3.4735374 202
2.9317164 146
3.8454955 213
2.8776617 147
3.246458 196
4.8501625 278
1.7649583 80
4.1122274 222
1.2196779 58
2.811944 147
3.3601327 177
2.993945 151
3.3898635 168
2.3116643 121
2.8078163 178
3.1960273 170
2.826289 160
3.7416797 216
2.67128 138
4.646418 298
1.8520601 89
2.4272265 118
3.4362886 194
3.0990744 155
3.1896145 177
1.07205 42
3.1424103 157
4.058617 220
2.389312 129
2.68542 156
2.2680357 116
2.412885 124
2.370836 113
2.6898472 133
1.580173 69
3.056296 157
3.382681 197
4.137703 255
2.9798818 167
2.899929 155
0.76338154 29
4.826173 272
1.6231292 76
2.7494023 155
1.5341653 68
2.7982566 167
3.3100274 182
3.284351 191
3.9293983 212
2.8665013 154
2.3541934 119
3.6766357 197
4.065916 237
3.9623055 212
2.0305963 97
3.883839 231
3.08507 160
3.1359792 153
3.6728196 186
2.9735346 155
1.8728437 87
0.02773081 1
4.2229214 259
4.3839765 241
2.460554 136
2.7032201 145
4.0581126 219
3.9077578 252
4.203275 256
2.932963 145
2.105038 99
3.9538503 187
4.046541 235
2.102381 101
0.027820794 1
3.452282 194
2.4129586 124
3.4139025 197
3.9256923 256
2.8342469 148
3.6464188 184
2.5313342 135
1.4498681 73
3.5118606 196
3.5128446 189
3.1281233 169
3.2742386 189
3.5475104 222
2.4263694 130
0.027999947 1
3.8215096 221
2.620015 121
3.7064188 214
3.3602674 186
2.2953067 121
3.8181005 203
3.01039 160
4.0674105 277
3.4624298 193
0.027964205 1
0.60007393 23
3.5123847 219
4.0958614 219
1.8327148 85
0.8358366 34
3.2227652 168
0.19279477 7
2.9123359 159
3.0201235 158
2.3351407 120
3.7173705 217
2.2752852 132
2.6430068 144
3.131989 172
2.3113823 116
3.3773692 194
3.7657905 185
2.3402317 129
2.46108 123
2.990155 149
2.9800992 164
3.1441414 182
1.5110395 70
2.3701186 119
3.5152533 202
2.5685565 130
3.3317823 166
2.6256206 138
2.9189115 143
2.588719 143
3.9796484 202
2.15576 119
2.0013523 93
3.225351 185
4.5256834 276
1.3373464 56
2.8341668 138
3.9284012 220
1.9253914 93
4.0443244 233
3.6500528 227
0.027586196 1
4.6005797 263
3.0632637 156
2.2964487 115
2.726404 149
3.3150108 169
4.123835 247
2.6327748 159
3.7395408 223
3.74246 249
2.968937 168
3.7455375 211
1.8951316 88
2.6837964 138
1.4148996 64
3.1512861 166
4.248518 232
2.6093774 136
4.0571604 219
3.6791165 215
2.9650629 160
3.5477314 197
2.8203626 152
2.5893812 155
3.4380925 175
4.546825 249
3.875946 221
3.7711623 210
3.4599986 213
3.679328 223
3.721172 210
3.636709 218
1.8245434 82
1.6110375 79
2.3132117 122
3.8997796 216
2.3875215 111
2.6630442 124
3.7953765 201
2.8645773 150
3.4033976 186
2.42191 143
3.353087 203
2.515966 134
3.667864 211
2.9962094 164
3.4436817 231
3.4087033 186
1.8779584 95
3.4601095 193
2.2589998 108
3.9496925 239
3.9587266 238
3.2565148 180
3.1659677 152
2.3010788 122
4.222037 244
3.5082123 223
2.7805607 147
1.9247738 92
2.648144 133
2.7131798 131
2.746199 150
2.8951502 149
3.492978 219
1.5999526 71
5.143872 316
4.224019 232
4.0977273 228
2.602535 152
3.2440639 193
1.6409193 80
3.8039253 225
4.1882806 246
1.903996 84
3.537579 184
3.2730377 183
4.587658 261
3.1280966 167
3.444972 188
3.0803957 159
3.031001 154
3.9213598 221
3.7459576 240
1.6794404 78
5.0611815 327
3.9712706 220
1.394686 57
3.11648 190
2.6540024 142
2.449992 117
4.254599 247
2.8709753 170
4.267025 241
3.9813077 215
2.8346214 141
3.8024752 206
1.9885583 91
3.3618586 229
3.257198 190
3.8645124 255
2.769555 149
2.501284 121
2.235497 117
2.3595133 116
3.3632262 211
3.1785533 188
1.6086475 74
2.6987438 147
3.2527692 204
2.7202187 160
3.4084044 184
3.6922643 218
0.11183889 4
2.5418508 147
2.3230202 111
2.7497082 158
3.6970556 220
1.9597694 92
3.179104 156
1.4508497 66
4.605934 284
3.6692476 242
4.286066 255
2.7562463 160
3.7698224 217
2.8873808 165
2.7246335 143
3.4018424 175
3.6383772 201
2.4925096 132
2.3967912 120
3.7591736 217
2.331358 120
4.9236283 288
3.3360581 179
0.9312097 38
2.0797997 105
3.8956292 202
3.7597506 217
2.6405804 126
3.0336652 169
2.5035233 130
3.368604 170
1.4771177 66
4.982677 296
3.2315025 175
2.6975546 142
0.027147695 1
2.8630965 160
1.9405886 84
1.7806109 79
2.8180547 142
2.7694635 134
2.897483 158
2.5110571 128
0.027874686 1
1.7422866 85
3.6316347 192
2.5607274 137
3.594432 223
4.563413 264
2.9930964 147
3.7025373 257
1.9279093 90
3.7129788 217
3.4882517 188
1.9649601 92
3.693225 220
1.1959801 47
2.4412043 119
5.256789 329
2.676284 146
2.835858 145
0.1329698 5
3.882614 207
3.2651074 174
3.3275812 174
2.7448685 127
3.5727448 201
3.338863 213
2.8309395 189
3.1241555 170
3.1838477 172
4.214766 236
2.7568135 144
4.056594 238
3.239338 192
3.5415258 204
2.647996 146
3.0032768 146
3.158142 184
3.0585678 191
2.9553027 152
3.336639 208
3.8882473 257
3.5262854 208
6.2459397 399
1.1868371 48
3.9848087 225
1.6149623 71
4.3521037 257
3.1095605 202
3.390048 218
1.740615 86
2.7633166 157
2.8157778 140
3.6760538 207
3.4045684 172
2.9439204 148
0.055533633 2
3.5540237 189
0.4755287 18
0.98514515 39
1.4640083 62
3.8272033 219
3.6082032 206
2.3715503 127
2.409397 126
4.6390004 257
2.7962918 161
0.39866456 15
3.8693817 245
3.7404206 235
2.596423 142
1.6308104 75
2.9643977 149
3.143821 188
2.4156263 130
3.2536707 173
2.6334531 140
3.8277295 211
1.8800211 91
1.7247614 84
1.8857093 93
3.6989992 207
1.3477502 63
2.9463499 178
2.9770749 187
1.5613978 68
1.1968002 49
3.9199743 261
2.505415 131
2.1255507 104
4.1830096 223
3.6828954 214
3.8676746 210
4.3170395 231
4.076408 220
3.4329166 189
2.4652975 136
2.3456862 139
2.5430255 121
2.9166224 171
3.6991034 218
3.2458441 156
2.9012077 163
2.5871994 152
3.6580782 218
3.417917 161
2.6968915 146
2.115385 105
3.2888684 196
3.4107497 189
2.0977302 101
3.7825916 197
0.7464052 29
2.1102107 102
3.9047523 241
2.5856993 125
4.0431066 220
4.7197247 298
2.1148102 99
2.3406441 117
