2.4738688 127
3.7987657 192
2.227323 118
2.995785 146
0.99481344 43
2.311448 124
1.3485907 62
2.1392126 98
0.7236677 30
2.0493667 94
2.197166 99
2.2269137 102
1.8613638 85
2.7962961 151
2.519156 140
1.8956159 87
1.4210181 63
2.5239687 126
0.5885128 24
1.5991355 82
0.56071794 24
1.5685828 71
2.5346951 121
1.7929885 83
1.2818931 63
2.5382996 117
2.2635512 120
2.5051632 126
1.794536 80
2.2133677 114
3.291324 179
2.144692 107
2.5756695 127
2.236663 97
2.9386134 149
3.4352043 178
2.247367 109
3.039371 154
1.977159 91
2.7062092 137
2.1002784 111
1.6210715 79
1.91227 93
0.52766615 23
1.7939174 83
2.245817 105
2.2325268 104
2.807065 140
1.224811 55
1.9508152 92
1.2015511 55
3.1234322 149
2.3798876 111
1.8322672 88
3.281122 160
2.3328261 113
2.6562924 131
1.9687126 106
1.7545409 82
1.4319057 70
2.8350258 142
2.7838447 133
0.4623284 20
1.1047705 49
2.9190114 136
1.6139205 82
2.0718837 92
1.3875864 63
3.6612587 187
2.590031 115
2.6375306 127
3.3837235 165
1.9000823 85
0.8022622 35
2.8818858 141
2.5013847 123
2.5100822 128
1.648173 74
1.0635177 49
2.8665705 135
1.1368475 53
1.581206 72
2.5112042 117
2.352874 120
3.1161726 153
1.7747635 77
2.1998742 104
1.2320577 54
3.108153 164
2.2220633 116
2.897086 152
2.667171 126
0.5602563 25
1.4145584 64
1.4381117 68
0.8549781 36
1.8700852 87
1.829589 88
1.9951909 96
3.2882001 179
2.4663906 118
2.7159352 122
2.7799773 140
2.1642396 103
0.98694146 42
2.1160192 99
2.7682917 145
1.6395421 83
1.9439201 92
1.7890296 87
2.328562 114
0.8727472 41
3.1094208 166
1.7148716 83
1.6667589 78
0.053888705 2
1.6260442 81
2.3046634 106
1.3626392 66
1.2442014 57
2.473333 127
1.340798 62
2.2501583 116
2.8124225 134
1.502962 66
1.320177 62
2.3040555 104
3.0424764 174
2.7052042 137
3.4403713 182
2.0430877 98
1.9643301 88
2.5866752 128
2.3096912 107
2.5970898 128
3.1054592 157
2.0952492 93
2.882266 156
3.9734845 227
1.0516342 45
2.2290933 108
2.6050825 121
1.7045231 76
2.1169534 114
1.9885788 96
2.5414307 133
3.1613207 158
3.8754299 216
3.20323 182
1.2006671 55
2.4868102 123
2.0655007 95
3.0323927 174
2.03027 93
2.548167 142
2.9149415 145
3.0019743 146
2.1509895 101
0.27608675 11
1.4702791 76
1.8667214 92
2.438398 114
4.762771 264
2.4278688 113
1.9186964 87
2.2741811 119
1.9440955 91
1.690838 82
2.4198668 124
3.197288 165
2.0177898 100
2.5209918 127
2.5009482 117
2.1343112 109
2.738387 144
0.2767379 12
2.1677139 115
2.2767777 122
2.99197 152
1.2188243 54
2.7922115 141
2.5949502 133
2.391618 118
3.959629 205
0.72476655 31
1.5592388 71
2.8002737 139
2.1127439 105
2.8795545 134
1.74943 91
1.905817 100
2.2287128 110
2.990755 141
1.3374788 62
1.3577127 58
0.79057384 35
2.4126537 122
1.6504269 78
1.8294603 88
1.1510566 50
2.8512588 151
3.1703439 165
2.186582 117
2.111558 118
2.2408757 115
2.2312162 112
2.0011647 99
1.7273266 79
2.5361745 125
0.08009975 3
1.5161829 74
1.6176585 78
2.6847622 133
1.5045598 68
1.5090754 70
1.2084123 52
3.1653237 162
1.1161436 50
2.6751466 141
2.611994 134
2.3159811 109
1.8302791 85
2.7214327 139
2.408509 123
1.446868 77
1.3806628 61
2.0865214 101
2.1489017 106
2.256135 121
1.6369675 81
1.9915011 92
2.1930077 101
1.8456768 85
1.2674792 55
1.171271 59
1.480573 65
2.4629314 124
2.7358704 134
1.6573019 78
2.6381152 140
2.0585155 106
1.59089 69
1.5977383 74
1.9784011 96
1.5464673 77
1.2435415 55
3.6305473 182
0.027999956 1
1.9423105 89
2.245803 107
1.3789837 67
1.5570449 80
2.4619322 128
1.5486126 71
2.3630264 121
1.5092373 75
2.5181434 120
1.3174895 58
1.6768928 74
1.3331584 56
2.0617406 96
2.4971302 117
2.625712 130
2.1580734 102
1.4039148 68
2.8660657 151
0.6551213 27
3.2941914 172
1.6468996 71
1.7183429 77
2.3733225 116
2.21566 104
2.8298233 148
1.5800124 72
1.3897644 62
1.5948291 74
2.8687482 161
2.1419218 99
1.5092185 68
2.023624 108
2.4974942 122
1.8361794 87
0.7528288 34
2.4787242 132
2.4957073 124
3.6030905 179
1.353434 64
2.9831316 140
1.9981203 99
1.8322489 86
2.3919475 116
2.316452 105
1.2366335 57
3.8365939 199
1.6830877 76
2.952359 170
3.5913713 179
1.4806359 64
2.7516217 123
3.5501454 182
1.0354044 47
2.1017854 101
2.5942862 133
0.92431897 40
2.775966 144
2.1547766 96
2.666842 139
1.3639057 64
1.3024824 60
3.1953259 162
2.4323075 129
1.6647441 72
2.3841693 122
1.3360076 59
2.4768147 133
2.1933935 103
1.8008661 83
1.8257692 80
3.1535087 157
2.5543044 125
0.19361812 8
0.027999962 1
2.47183 122
4.099937 234
1.0530211 45
1.7465091 86
1.1144391 49
3.0181878 157
2.2593353 107
2.8181245 141
2.6120703 134
2.435175 110
3.1907454 168
1.3426056 58
3.4404411 174
2.1898382 118
1.2674421 55
1.7956464 87
2.0270054 87
0.6388674 27
0.02799996 1
1.5453694 69
3.1889718 163
2.5445876 123
1.7021738 79
3.2449923 159
2.1657588 106
1.5435952 71
1.8763809 93
1.216653 51
2.0793474 102
2.3856428 131
2.1969984 111
2.6632764 134
2.0285513 99
1.4150999 64
4.011852 208
1.777597 91
1.5932896 75
0.7219914 31
2.2191768 105
3.1622095 169
1.4823675 67
2.5433316 125
2.5119753 129
2.5328507 128
1.2545985 55
2.15965 97
1.4812139 67
2.1675053 108
2.813081 136
3.4688778 169
1.2812098 55
1.890346 85
2.446177 132
3.5687642 185
1.1575855 56
2.1182425 111
2.5479598 131
2.0006578 105
2.5913384 116
0.6425193 27
2.4539459 128
2.1889215 108
3.097877 159
2.2338576 117
1.4524016 66
1.8147798 88
2.0815227 103
0.95514077 42
2.8761187 148
2.6538787 123
2.5732417 122
2.0409703 105
0.6269538 27
1.3235309 61
2.9072263 144
1.1133598 48
1.8472881 87
1.2470307 53
1.3967261 61
2.3327386 114
2.568318 120
1.4497811 68
1.1638609 53
3.0182784 150
1.3127412 57
2.9470544 146
1.7465158 80
2.2271917 117
2.9937413 151
0.78516215 35
0.2943867 12
2.519717 129
1.6259261 77
1.2076575 55
2.432184 127
0.9336545 42
2.2079525 113
2.3655307 123
1.1268237 54
0.70762646 29
2.0303333 93
1.7518263 81
1.960512 86
2.0517378 97
1.8134722 88
2.534736 135
1.7759019 82
2.36541 122
2.184483 114
1.1590663 51
1.0180194 48
2.0379748 96
1.4885403 72
0.76438683 34
1.869197 94
4.2765527 230
2.409622 119
0.7977313 37
1.732693 73
2.5993025 128
2.451986 123
1.0127769 47
1.3809893 61
0.055497654 2
1.9247617 87
1.1750021 51
0.4707735 20
0.027999917 1
1.2102305 53
2.482722 119
1.954805 92
3.9979985 219
2.5677037 122
2.2215152 110
1.7178081 83
1.2257581 54
3.5973086 181
3.007664 143
1.3130925 61
2.9035523 150
1.1953334 51
3.6108778 208
1.2683386 54
2.7790022 145
2.678019 127
2.5054898 114
1.402616 66
2.3530266 115
1.4113765 64
0.62250406 27
3.562248 203
2.3096619 114
2.5322535 126
2.6633887 131
3.6580918 192
2.7936506 133
1.2380065 56
1.1941762 56
2.3368378 121
2.102915 101
3.5393069 184
2.6590686 128
2.0311282 98
2.1939993 105
2.2187119 100
1.5714939 75
1.5834728 73
2.2763891 118
1.9668537 94
1.64744 76
1.2346396 54
5.649889 296
2.7678301 141
0.4241975 17
2.2478378 111
0.9807011 43
0.90500784 41
1.2625145 62
4.1091967 216
2.1976473 97
1.8088644 87
4.1461053 224
2.408455 121
2.9446805 146
2.0621526 109
1.4164782 68
0.5080039 22
2.0107634 95
1.8620425 88
0.8109618 36
3.2396476 185
3.6264198 186
3.0747144 167
1.5164992 69
2.7159173 134
2.2669034 106
2.682294 131
1.6582402 73
1.9823531 96
1.2029074 54
1.7271227 77
2.046269 101
1.45228 62
2.6804988 139
2.2177887 102
2.2166636 99
1.3098835 57
2.7995563 151
0.9089988 41
1.520833 70
1.2836062 61
2.6186988 128
2.2906854 116
2.4122195 116
2.2196548 104
2.2959914 112
1.3240521 59
3.1128087 165
1.7447029 78
1.658413 76
0.69166726 30
0.028000006 1
2.8459656 142
2.0355926 96
3.4664056 171
1.5432397 70
1.6128373 75
3.1652384 153
1.2239033 57
0.027999967 1
1.480573 68
1.0554993 45
2.5040514 124
1.6251814 77
1.7551664 75
1.2683011 57
1.8152324 86
2.5100706 115
1.8324978 92
1.7652618 76
1.95348 91
2.1487312 105
2.6477206 129
1.4902296 72
1.4102715 69
1.8766798 86
1.9096527 84
1.9571836 94
1.3278161 56
0.95702547 44
2.4066353 113
3.1251829 165
2.7633936 152
1.5538626 73
3.7456446 191
3.5049222 189
1.7681842 82
2.3845916 122
1.9812351 94
1.3486587 57
0.027999962 1
0.027999952 1
2.1935613 114
2.7240405 139
2.32612 106
2.5036476 122
1.6946722 77
1.7794679 91
3.4173782 177
0.29752287 12
2.2717829 113
0.66920805 29
2.1486824 100
2.5629284 121
1.611229 78
1.20369 53
2.447514 118
2.2324016 109
2.0294256 95
2.0379438 100
3.4198308 191
1.8797475 88
3.3470275 193
0.98545736 45
1.8189266 84
3.1490371 167
2.4789455 109
2.6945355 126
0.6591021 28
1.5707366 66
3.0424564 159
1.340165 65
2.088303 98
2.1051495 102
1.6023395 74
1.8122214 83
1.349327 57
0.72322 33
1.6475856 74
1.9191697 94
2.491915 124
3.0605528 170
1.5388287 71
1.0102471 42
3.3504233 176
1.4886523 72
2.2496593 107
1.806517 84
2.255761 99
2.6181455 132
2.5746038 145
3.122172 162
2.2649884 113
1.4857243 69
3.2280543 165
1.3853412 61
2.9490957 160
1.5107543 74
2.378022 121
1.9772431 92
2.4226813 117
2.6235545 132
1.78101 79
1.2706494 59
0.02799996 1
2.7047944 143
3.966389 195
1.7707083 89
0.91186273 41
2.4684124 113
3.145976 156
3.120846 182
2.0457013 93
0.68289053 28
3.6226845 183
3.6879141 195
1.7356836 80
0.4530693 19
1.9622065 95
1.8949581 91
1.7584797 81
2.9243174 148
2.7309594 138
4.328646 218
2.0429738 101
0.90781635 42
3.214788 180
2.024333 97
1.2168438 57
1.3204924 57
2.7783937 151
1.4518094 65
0.027999947 1
2.3202767 122
2.7643056 133
1.9161325 94
2.4465652 120
1.7516035 87
3.3485081 182
1.4829335 69
2.019437 110
1.8162671 93
0.44335938 19
0.8955414 40
3.631134 196
3.664542 206
1.0084882 46
0.8914942 40
2.227491 99
0.9556752 40
1.6747599 76
1.7325691 81
1.1165206 48
2.3270762 128
1.600775 83
1.5572759 70
1.7297729 81
0.8755976 41
1.9631647 99
2.4822404 117
2.6607547 126
1.9759078 92
2.596108 120
2.332355 122
2.89751 145
0.4467566 19
1.1550585 50
3.044439 159
3.7749162 200
3.0706673 155
1.5295503 75
2.3621585 112
2.3043108 115
2.8116312 124
1.1887608 58
0.106263585 4
2.2345042 110
2.3550506 112
0.8638511 37
2.6768353 125
2.6892848 126
0.5803755 24
2.5641916 120
2.3366609 119
0.653403 29
3.6742837 190
1.8563808 82
1.9879314 93
2.4358075 120
2.53348 115
2.996664 165
2.1743264 105
3.052205 156
2.482905 129
1.5553911 66
2.5848043 127
1.9842021 88
1.3752763 66
0.10399983 4
1.8421333 87
4.022142 223
1.3211925 61
2.987045 140
2.321467 114
1.8084011 90
3.2960844 172
2.0929825 103
1.7815613 91
3.3507097 161
2.520733 125
2.700395 138
3.7106183 201
2.902115 152
2.2951713 117
2.9471264 145
1.5551883 76
2.455652 119
1.3515553 66
0.7635489 35
1.5124023 70
1.2298399 56
2.3184683 106
1.6965269 75
1.7087581 83
3.0475414 159
1.6406462 89
2.071761 99
1.4745113 70
2.3989425 117
2.249952 104
2.7448552 141
2.3339002 123
1.0757308 53
1.7519046 86
1.4953018 66
3.0617766 154
2.657085 141
2.626507 127
1.4049435 60
1.6429071 77
1.7117966 78
2.6962867 137
1.7016547 81
1.4668992 64
1.1732984 52
2.0602064 89
2.0923731 101
1.5122232 72
2.4174926 117
1.6436745 78
4.2441525 211
2.80087 149
3.2629743 163
1.6421528 78
3.9523997 218
0.027999965 1
2.4465024 129
3.5369103 183
1.2064284 54
2.347837 110
2.23986 109
2.652918 133
1.8959236 82
3.586719 190
2.740992 151
3.5185618 190
2.3768322 113
2.1881077 112
2.475395 107
3.04635 158
3.7021875 196
1.0103227 43
2.469886 123
2.0009177 92
3.0484781 149
2.2667646 102
2.3185205 120
4.3037105 237
2.6408398 125
2.3864942 112
3.5352726 187
1.7617304 80
2.1468878 109
3.384112 196
2.998903 156
1.0138919 46
1.6809828 73
0.4361233 18
1.4277031 67
2.3217878 124
1.8065025 84
1.171193 52
1.4033871 66
2.3010676 119
2.0297768 103
2.587562 125
2.8817346 141
0.027999932 1
2.050503 103
2.0527427 95
1.6122901 79
2.7747836 146
0.43224022 18
2.220797 102
1.4703023 66
2.6627748 132
2.4741733 130
3.4496026 184
2.5365574 131
2.832256 141
2.0979738 103
2.1664999 109
2.3795252 115
3.614267 185
1.7602543 83
1.7979409 85
2.5041745 116
1.6149986 75
3.0429192 156
1.871062 86
1.4358349 64
2.3434877 109
2.9758441 138
3.4776387 182
1.3674139 58
3.6040928 184
1.9229664 93
2.7705212 142
0.7276485 32
3.7644756 190
1.4411689 67
1.1042942 47
0.74130696 33
1.9311464 92
2.5102873 113
1.1147426 47
1.777517 87
1.9502739 88
2.7899313 149
0.7361327 32
0.24530764 10
0.027999975 1
2.055929 97
1.7360841 85
2.0886195 97
3.3181798 171
2.2278996 104
3.1211092 169
1.3150615 63
3.0276592 154
1.792909 82
1.5522612 68
1.6547425 72
1.5355864 67
1.9136078 87
2.3344588 109
1.094925 51
2.2966068 112
0.123320594 5
3.1842554 163
0.8934983 40
1.7570021 79
2.6652422 119
2.0203736 87
1.8353397 86
1.9209936 104
1.6195484 72
2.3563561 119
1.9231082 92
2.1862636 108
2.9751582 152
2.3951817 123
2.7577474 136
1.6585083 82
1.641815 74
2.350729 123
2.0876918 109
2.1494515 105
2.6053991 141
3.72067 216
1.9132293 86
3.4646626 174
0.5576806 23
3.1068485 156
1.3692086 59
3.7619739 194
2.0278792 96
2.44329 134
1.6332324 78
1.4496982 73
1.7163941 77
3.1527472 160
2.7794492 138
1.9118935 92
1.247717 56
4.288046 227
0.56359154 24
1.5032709 66
0.9854622 43
2.826613 148
2.872558 138
1.5003477 77
1.9779837 88
3.2273824 167
1.7119513 86
0.027999926 1
2.3945866 130
1.6982168 87
1.5037613 70
1.4820589 63
1.8751796 86
1.66588 84
2.145307 105
1.8790681 87
0.651442 29
1.4033594 63
1.5367168 73
1.3731279 66
1.1707419 54
2.0500822 98
0.60526085 26
1.969932 106
1.7495604 93
0.027999947 1
0.8991233 40
2.7566957 147
2.8780098 156
0.5969649 26
2.9630523 147
1.7848754 82
4.1319323 213
3.748581 203
3.9059932 206
3.1908414 183
2.3870046 118
2.5948238 148
2.2799468 110
2.8200793 143
4.323522 245
3.1624634 163
0.63168305 27
2.3781059 113
2.4546623 124
3.3623085 164
1.5415714 71
1.8018812 84
2.0102563 97
1.8375735 81
1.6053152 74
3.1779046 163
1.1749196 54
1.3720685 61
1.5595751 78
1.6663426 73
2.902138 143
4.55396 227
1.8655874 84
1.1830186 53
