4.864458 238
5.5773454 255
4.361288 222
4.5147824 220
3.8349063 179
4.666724 238
3.5482411 156
4.418119 194
5.7043147 304
6.1486197 325
6.011701 288
4.422888 197
4.1365886 194
4.6556 220
4.2551866 193
4.636793 214
4.7743654 238
5.0812793 258
0.027999926 1
4.9784236 269
4.2016096 198
3.165197 131
4.8945513 224
5.322365 267
4.008226 175
6.2738414 292
4.97099 236
5.552774 268
5.3152103 247
4.389308 219
5.1779747 264
4.4753976 210
4.289686 207
4.5831122 218
5.0130734 250
6.0387607 310
4.000775 194
4.8249316 248
4.389496 202
4.48637 220
4.000014 194
4.2903137 217
4.292813 213
4.326068 205
4.3998613 195
4.2076907 203
4.3023906 200
5.012547 276
4.445903 203
4.824567 239
4.2268705 188
4.902297 236
6.4491405 332
5.3907638 268
5.592182 275
5.3967147 248
5.288087 259
3.984916 186
4.6208487 222
3.9367967 184
5.2047396 260
4.4014254 195
2.1839373 88
3.645887 157
5.4937696 278
4.046563 190
3.5792868 155
3.567695 153
5.4960394 294
5.8549204 272
4.7863545 235
8.102822 410
4.4211125 188
4.98988 244
4.5669937 219
6.295257 314
4.311998 204
4.508417 207
3.4893243 161
3.613864 162
3.205235 134
4.384075 189
6.2613153 327
4.439697 237
5.5246515 281
4.524739 223
4.7508464 238
5.1143165 255
7.8728147 432
3.073209 131
4.7137456 242
4.377888 205
2.9344013 116
4.2951145 205
5.154249 266
3.774263 167
3.7373333 167
5.397946 264
3.6496341 160
5.0043983 229
4.5543857 209
5.4748416 267
6.2351546 306
6.7313066 351
2.9384627 116
5.2198787 266
4.727845 229
3.111219 127
3.3014753 139
6.0092163 319
4.9192595 230
4.1596956 190
4.417936 218
5.032269 249
5.097048 242
0.027999965 1
4.082243 191
5.4668593 274
3.8507655 177
3.2175002 135
5.9962564 302
3.184132 131
4.58246 240
5.5862455 272
3.965852 171
1.7698871 69
5.111343 231
6.84322 338
5.2729015 253
6.7968407 363
4.0390506 179
3.6665785 160
5.8221 306
4.648528 219
6.0869694 280
4.743317 257
5.6880937 277
4.0589666 194
7.179466 391
2.767616 103
4.560088 212
6.000941 310
4.175971 182
4.112753 204
4.1918674 191
5.002952 259
5.3705883 256
6.1344676 316
6.2289963 305
3.9612098 180
4.2886863 206
4.0017447 184
5.6703677 289
5.5390005 282
4.3125443 207
7.4893947 374
7.112408 395
4.8000956 226
3.8869798 172
4.133349 197
3.8491292 174
4.0087013 179
8.646876 477
4.97924 239
4.650103 225
6.62409 342
5.047514 257
4.3870363 204
4.4493556 207
5.17269 262
4.489103 225
2.9268365 116
4.2963524 195
4.5705566 211
5.7992783 291
3.0375876 139
4.516514 224
5.213574 258
5.0808125 268
4.2777805 196
4.599486 237
5.9749246 291
5.2992578 300
7.8548584 386
3.1838074 128
3.9741058 186
6.2621503 324
6.4082637 323
4.5890245 209
4.3640113 204
4.327456 205
4.689593 242
5.943835 269
3.6676795 169
4.829096 236
2.9181063 112
5.306943 263
3.5405421 150
4.0167603 199
3.294779 141
5.175193 249
5.48058 246
4.465547 216
4.1030407 193
3.9407585 201
4.5099316 236
4.184239 211
4.9223638 233
6.0476823 309
3.4813502 153
4.6092043 224
4.0950007 187
6.113423 316
5.2790647 272
3.8433902 170
5.654347 265
5.9282928 322
0.027999945 1
5.8118405 318
6.480575 322
4.2515616 210
3.4356372 144
5.450451 245
4.7594066 231
3.5387013 160
3.9439898 182
4.611552 223
3.86856 187
4.5364304 221
4.099346 191
4.443029 202
4.594503 227
3.7693303 162
4.078161 188
3.25084 140
4.108324 192
6.978025 394
5.7233286 311
5.323921 276
4.8259506 226
5.7650185 299
3.5631387 156
4.815915 229
4.3011613 198
4.3647985 201
4.2632136 196
6.9287424 343
0.027999956 1
4.794968 243
3.775539 171
4.6299844 235
3.7754502 189
4.403233 203
5.393048 270
4.0585246 190
3.6204803 170
3.9054453 181
3.9398413 175
5.9562936 306
0.02799994 1
5.8232493 275
5.566405 319
5.3695445 274
4.789948 249
3.162396 128
4.593454 229
3.1609802 129
5.053484 254
2.8331428 116
4.863903 220
3.7317312 162
5.3082066 267
4.6253424 227
4.3554993 197
4.231993 190
3.6394913 162
5.057994 258
4.7124023 235
4.3161187 196
4.2602777 223
5.6083336 264
4.7478213 243
2.8614988 117
5.8442464 285
4.107784 184
5.9385366 333
3.484001 149
4.3605704 198
3.953578 184
4.1883345 192
2.5010607 94
3.5151553 151
3.24458 134
5.79113 289
4.6579123 224
7.17582 415
7.0082326 366
4.9070916 226
5.6029453 264
5.152479 242
4.4653053 212
5.131309 256
5.197103 251
3.8458035 164
4.120784 192
5.199974 238
5.5827627 279
4.1154895 194
3.7431073 164
4.7200766 229
4.193716 211
6.123882 285
5.005005 239
4.0148654 175
4.336039 220
5.3207507 297
2.2476985 84
4.585047 212
3.324351 137
5.10739 278
3.2001479 132
2.8168955 107
3.884666 171
5.0480857 273
4.265889 189
3.902818 177
1.5561639 58
5.4386134 254
4.9338565 233
5.049158 251
4.431768 220
5.3153653 277
4.8701434 259
5.2672963 258
5.4270926 291
5.2475777 264
2.0369053 75
3.1623192 133
5.1594515 232
0.6088411 22
1.4751512 54
3.502307 155
4.8346467 250
4.8368187 231
3.8950675 172
4.834798 234
4.921444 243
7.3147717 364
3.997163 192
4.766736 224
4.7447877 242
6.6055665 344
4.7075634 215
5.6981206 263
4.2674603 209
3.5961213 162
8.434606 438
3.5773232 175
0.5471746 20
2.5398123 103
5.3702426 261
5.391612 260
5.5330195 252
4.092864 201
5.9012623 320
4.806432 216
3.246094 134
6.036896 310
3.6396794 157
5.213617 253
4.5070086 228
5.2405715 253
4.3075633 198
5.7703657 293
4.8451223 230
7.769659 396
3.8536012 174
4.20572 204
4.507892 223
4.4778504 222
6.5228686 301
0.027982095 1
4.7284174 229
4.16049 200
5.1855125 238
4.1291485 200
3.4148552 144
4.598063 219
4.6680727 237
4.8045163 251
5.85688 279
4.155813 183
4.153619 198
4.179471 196
3.729479 169
5.644862 288
5.7555275 293
4.681465 253
4.9379015 250
5.206058 273
3.0701127 133
4.6758366 227
5.015246 233
3.0422807 128
3.4056818 143
5.9728813 308
3.7388027 171
4.6523337 219
4.4891734 244
4.0620055 195
5.7145896 296
3.8985965 179
3.3084743 135
4.786524 223
3.4083784 141
4.0095344 174
4.7841225 244
3.435241 154
5.4919853 284
4.532075 233
3.177824 130
3.8753278 171
3.654067 162
5.342834 258
5.6618657 274
5.363864 260
3.9678137 196
4.5868387 222
5.542827 298
5.760211 297
4.9156604 250
3.823147 174
4.4372034 206
5.421191 284
3.889506 196
2.6493623 102
4.8513293 260
4.4287105 198
4.6698294 219
3.2887301 135
5.6197395 269
5.9845495 298
5.3800993 285
4.1876655 183
0.6645024 24
0.027999954 1
2.9472432 120
2.796278 109
2.8956757 114
0.027999915 1
3.1992223 135
5.7787085 277
4.0121965 178
5.526501 278
5.2402544 253
4.7707653 231
3.4396925 148
2.5342324 94
5.7499156 282
5.463585 254
5.0679054 264
4.870846 230
3.4581754 147
4.9149427 226
3.6323662 156
5.316314 254
6.85192 361
4.824476 229
3.432803 138
5.902814 295
4.017383 178
3.4386308 155
6.9749155 419
4.8390284 242
4.6719747 212
4.300056 199
5.133186 257
4.1022277 186
5.4365416 300
3.1154518 129
3.562782 167
4.199206 198
5.50522 301
5.6045747 292
5.2877502 266
5.3351374 254
5.4325924 276
3.888215 177
4.0550833 206
4.2070403 211
2.9989684 127
5.9759674 306
0.028000046 1
6.2879844 326
4.861953 245
2.882937 114
4.2309303 196
2.7715986 104
4.093243 177
3.033381 121
6.586181 354
5.1542573 278
4.619014 237
7.9656563 407
4.01093 190
5.7527375 280
4.024219 188
2.834764 110
1.5567439 58
5.3463054 266
3.6491144 157
3.294217 137
6.2435465 342
5.9475365 332
4.9833474 228
3.7933726 168
4.4690266 205
4.3873706 222
6.323353 327
4.21058 195
5.321711 261
3.4960368 161
4.450784 212
3.5844035 155
4.167669 184
5.955571 289
3.7842689 171
5.040715 225
3.53275 146
5.2447157 262
3.1994278 130
4.6674285 219
4.0688143 185
7.230718 382
4.6037145 215
5.3072295 271
5.213771 271
4.6582956 231
4.076706 209
4.060783 172
6.3500814 347
5.3548684 274
3.2581675 147
2.7590349 110
6.5755754 372
4.2924304 191
7.1062803 368
2.9372723 112
4.3616805 199
4.667096 227
2.104028 78
2.0113487 77
4.1941576 196
4.5494366 201
5.3704805 257
4.0913596 194
4.773998 236
3.54386 167
4.230129 209
4.6682873 205
4.33048 215
5.1645803 234
4.1178594 203
4.5821085 227
4.7933574 222
4.3023896 203
3.9267287 173
4.244782 196
3.6593547 163
3.6357296 154
6.0835133 306
3.1357126 129
4.702585 231
5.38338 284
5.493603 292
3.705663 168
4.5129395 244
5.4735417 296
4.903293 235
4.312591 207
3.5471501 156
5.484593 270
0.027604308 1
3.1229372 131
5.0999427 243
5.1528263 276
4.97861 233
4.488117 215
6.1192465 300
4.369336 227
5.6375256 296
2.613038 99
6.36822 304
3.5785608 163
4.351157 194
4.043916 179
4.0656652 172
5.030757 221
4.233238 203
4.672283 224
4.269041 189
3.8233442 193
7.1420045 355
3.844154 173
6.569402 323
2.9225144 115
4.173288 180
7.0432816 373
5.011 225
6.065117 329
4.4922876 207
5.3938923 257
5.7378864 296
3.627629 152
4.8577814 249
4.1220655 194
3.9233727 185
4.259422 191
5.6580954 278
3.2428727 136
5.4555182 267
5.061382 251
4.832423 259
5.293213 264
3.9423032 176
0.027999934 1
5.5191197 273
4.1597834 199
4.1437244 179
3.3440468 144
4.098506 186
5.278054 270
4.9585524 239
5.4916096 290
5.216657 260
3.9219759 178
6.010321 304
4.772491 215
6.07832 308
4.210013 199
4.3584647 207
4.776684 220
5.0910335 235
6.5482507 338
5.5414653 269
3.8457263 175
2.1443086 80
4.986635 233
4.7778 235
4.324866 222
1.2622001 47
4.643391 216
5.5539765 298
6.5171437 355
4.835434 224
3.7769635 165
5.729597 289
4.590042 212
3.958767 176
0.027946318 1
4.8265424 282
4.867259 237
4.002835 188
4.7267275 233
6.4530287 341
7.959151 424
3.921188 176
3.2001288 136
5.775156 318
5.364257 270
3.675172 160
4.3389726 204
4.3997784 212
5.3405476 262
2.449502 92
4.6867332 235
4.744277 217
5.117738 235
4.298233 191
3.6315694 159
5.2481027 246
4.6192884 223
4.685513 223
4.253727 208
0.027999941 1
3.460776 152
5.0155187 276
5.5752406 285
2.2353032 86
2.710945 103
5.6674037 260
1.8539939 70
4.8946767 246
4.513737 198
4.4042788 203
4.3594027 212
3.5580235 152
4.835961 245
3.502044 142
3.3010373 137
4.6713705 251
5.5971217 249
4.1843224 213
4.1059194 184
5.8033695 277
4.835177 239
5.072187 247
3.1200647 126
4.1641088 187
6.1678057 310
6.4440894 333
6.0033026 318
4.832161 233
4.80876 220
5.3238993 298
5.241473 246
0.027748853 1
3.8302255 165
3.963048 186
4.9434385 240
2.4684348 94
4.891694 233
5.574618 290
3.466381 147
4.7379107 227
3.9832497 194
1.3584497 50
6.0528746 310
5.402054 252
3.2856264 134
4.4571 211
5.0146947 247
5.331524 250
4.133833 188
4.4620423 215
4.524169 226
5.56734 282
4.1547456 177
4.076397 177
4.693318 221
3.4180608 141
4.858827 229
5.907922 293
4.0123057 178
4.7712693 230
4.913005 242
4.314177 211
4.577738 252
5.8992796 293
3.9306567 184
5.091945 237
7.580684 374
5.5976424 279
4.6657457 223
4.7060437 243
4.6003466 222
4.022789 191
4.1651807 204
5.035337 254
4.6016245 221
3.0414026 123
4.54655 220
4.1117606 191
5.531228 242
6.1735415 301
4.680318 234
6.789775 359
3.902294 184
4.556417 229
3.2005627 131
4.9443727 251
3.7955277 168
3.9727569 198
3.8987546 183
3.4481928 150
5.3662 252
3.9832048 178
5.140406 265
6.703881 362
6.151472 326
4.510221 210
3.7183182 169
5.3379025 265
4.4870477 221
6.1925282 373
5.058526 250
2.9281154 117
5.1633353 234
4.051438 182
3.9719298 176
4.1552415 202
4.527318 214
6.6667824 364
5.4839168 268
5.7088866 271
4.210962 190
5.704409 274
3.3893392 139
4.9908285 255
6.350002 352
4.195658 193
5.2817645 264
6.667155 395
5.631004 286
4.9650903 222
5.6246753 271
6.6628633 363
4.6827674 226
4.8486876 225
4.1976213 194
4.5685 207
5.2715383 254
8.780605 503
3.272462 139
4.0994635 193
4.1391907 187
5.307466 255
4.562831 209
4.300975 196
5.0701427 274
4.0294952 176
4.5354996 209
5.5811853 287
3.9387152 183
4.419645 220
4.765896 236
4.764411 243
3.445921 151
4.0932 182
1.6073534 61
3.6218204 187
4.026581 192
4.7530713 234
3.806815 165
3.9452248 169
4.14133 208
4.0554233 190
4.901619 234
5.2756667 263
0.9500185 35
4.749743 231
3.7104487 161
3.3467405 145
5.1561213 238
3.0652947 130
4.9802127 220
0.027999956 1
5.9096785 318
4.0122147 198
7.0570307 405
3.9881244 198
6.2494245 310
4.4604683 213
4.253492 194
4.5944424 212
5.423036 298
4.963761 238
4.594796 226
5.9842005 310
4.5051055 231
5.033715 230
4.5515075 212
3.6864202 165
3.7668645 164
4.159293 188
4.577347 224
4.131506 202
6.0322514 323
4.5096407 213
6.0764985 294
2.2264452 83
6.5586762 317
4.5281796 214
4.9748187 236
4.39745 209
3.3733482 138
5.464289 242
4.4241285 202
5.131454 235
4.4530745 207
5.134743 243
3.6200123 164
2.0895042 82
2.635633 99
5.633472 263
3.984852 186
4.388801 209
4.9356503 257
5.544643 259
4.7603626 233
3.9306493 179
5.8044386 274
6.0226007 303
4.625615 214
3.5534933 162
3.706409 165
3.790109 170
7.482074 409
4.038181 180
4.4650908 213
0.24425997 9
5.166175 260
4.068803 182
3.5754669 154
4.6399345 207
5.329855 247
4.8743925 239
4.3669553 219
5.2303343 304
5.039062 246
4.443615 213
4.350066 209
5.50318 274
3.9085352 187
5.380421 264
4.4046507 201
4.826844 228
4.793087 241
4.26133 206
4.3430142 211
4.339169 225
5.7628913 293
4.2976646 200
6.1520967 347
0.46325782 17
4.7333794 235
3.0767236 127
5.395682 271
4.8864336 227
4.328885 208
3.941833 182
4.5483537 218
5.150174 241
4.461047 227
6.2187943 304
5.9706364 315
2.8515885 114
6.036656 303
0.027999945 1
3.4976275 152
0.027999934 1
4.5901184 230
4.665656 214
1.8969619 72
3.855459 172
6.6437006 316
3.9226992 188
0.027999926 1
4.750558 248
4.6194773 226
3.4924366 165
4.330789 197
3.7116425 165
4.311898 193
3.910263 182
5.4498434 310
0.7497794 27
3.8346202 177
4.5762005 218
4.3966756 204
4.3668203 198
4.5863543 219
4.166056 202
3.7665818 180
4.257218 210
0.027999947 1
3.7751956 163
4.714551 236
6.1109776 348
2.8334687 111
5.556092 293
5.11546 282
7.037655 354
6.7946043 350
6.7584076 336
4.4894648 201
3.6742947 171
3.5655594 166
6.477805 341
4.5927715 217
5.578879 303
5.837401 270
4.2635827 190
6.401091 349
4.6379924 232
5.5792923 257
3.1859915 130
4.0238624 188
4.3609424 209
4.766002 215
3.7619748 169
4.799895 233
3.939556 174
4.6104 220
4.0953717 199
2.854488 109
5.95374 308
5.725464 270
3.7553837 160
3.728554 172
