6.1625166 283
7.2692895 317
5.9354253 290
5.8399854 253
3.2561097 134
6.5593963 327
4.767277 214
3.9371011 171
2.3446004 95
3.326672 135
6.608717 299
5.4188185 225
3.5698128 154
7.2414775 338
5.085023 241
4.47091 199
3.5316477 152
7.3735237 334
1.3020837 50
3.9881067 184
1.9883387 81
4.1937933 185
4.4332337 189
5.4498677 269
2.1352088 90
5.688234 247
4.925869 219
5.004381 208
7.4750443 342
5.9877596 287
6.0433574 288
5.299826 237
6.6348977 310
1.344506 52
5.977232 277
7.001481 305
3.0493627 128
5.635957 257
3.6481552 157
4.355617 204
5.4313188 264
3.460599 147
4.607548 192
1.9397153 77
4.333635 198
2.2778373 96
5.0798926 240
4.2136936 193
3.170878 132
4.5787463 194
4.395674 196
5.324444 228
5.706329 270
4.2894773 203
4.965923 210
6.4993954 291
6.8204026 292
6.7570853 324
5.309945 237
2.981278 131
6.1591225 263
2.7683837 110
1.4237143 59
0.93553513 38
4.028342 165
2.5491595 114
3.8844614 167
4.2082367 180
5.5541153 246
6.4139323 284
7.3263426 342
7.8691506 330
5.09908 224
2.0477245 82
4.3025866 204
4.563567 203
4.8878455 230
2.1134388 86
3.9318316 171
4.5636325 198
2.6420295 114
5.076556 238
8.8571 429
3.3789809 145
5.742931 253
5.9301057 243
5.7863536 255
5.308122 234
6.407283 282
4.399557 217
5.147642 225
6.602748 331
0.026551802 1
4.2858653 195
2.0739748 89
2.7883222 112
4.6709404 207
4.1970387 188
4.4022846 198
6.512415 288
4.2595053 188
6.0653563 267
5.506698 256
6.71605 307
3.174029 127
4.2557073 191
5.036256 220
3.5178149 156
5.0516706 219
4.4902043 202
4.8800845 208
2.424569 103
4.4986677 194
5.531892 267
3.3278768 153
0.6677391 27
3.2742276 142
5.78356 247
3.9954178 179
4.0977206 178
5.187364 231
2.987381 124
5.3468657 252
6.050791 285
3.8851702 167
3.2662578 144
5.033086 205
6.0345287 265
6.601874 285
6.3344536 292
6.304564 271
5.692247 254
5.6579204 259
2.724281 115
6.3186812 280
5.1479 249
7.3066177 325
5.802313 303
6.463572 292
2.8293245 115
5.9769955 274
5.782586 271
3.697805 160
5.6651554 284
3.0421333 131
6.9698434 332
4.739744 205
6.6865025 306
5.8003836 249
2.8005552 125
4.693017 215
1.284002 50
3.2742126 143
3.8069928 167
4.936132 230
5.6171594 269
6.319873 272
6.7501006 315
2.5158603 104
3.1442122 131
3.1602736 136
5.0455437 208
6.374121 316
5.0468535 210
4.025194 174
5.6915827 241
4.5093884 201
2.9029286 131
4.7426157 217
3.8348148 168
3.9496448 168
2.682422 108
4.97283 214
3.2465374 138
6.120828 279
0.9760666 41
6.3177066 325
3.8817074 172
6.422455 322
3.6569178 152
6.0974994 291
5.548592 259
5.0277195 260
6.2107234 279
2.9426608 129
2.8867872 119
7.030121 324
4.406797 188
8.492027 392
6.202669 290
4.003996 183
6.706958 311
7.9282913 345
2.8198137 120
7.1584377 319
1.2036834 51
3.9894238 181
7.0386176 335
3.8552413 170
3.692469 154
3.2900581 135
6.964139 326
5.981136 275
5.6733603 273
6.8902135 338
4.954729 228
4.189037 176
3.8237221 164
7.761002 377
3.9751391 170
2.014482 81
1.525351 64
6.7008 307
4.461421 206
4.248413 182
6.302136 270
5.516814 248
1.7656429 71
4.3116646 199
4.517386 198
4.2246127 186
4.763431 204
4.546858 193
7.183464 325
5.548035 271
3.948057 170
5.9490495 285
3.8715594 180
7.2264156 372
4.6853814 208
3.3045945 141
3.9321692 178
3.2967763 136
3.31119 139
4.484461 202
3.0013866 127
7.8406506 399
5.2477894 229
4.2319827 181
6.1781898 294
4.5239453 218
1.4036835 55
3.0178926 125
3.9823 182
3.8276348 175
0.9367037 36
6.4783487 287
0.02698143 1
5.045192 207
3.744709 172
1.4560533 57
4.974262 229
5.6262755 248
4.995552 233
5.7399387 245
3.9461339 169
3.6514375 158
2.3677773 107
6.330956 273
0.7723877 29
5.341903 231
4.0580006 177
5.962824 280
5.6441913 239
3.234275 136
4.656495 208
0.9102433 35
6.35563 323
2.788781 115
6.139377 267
5.430844 254
7.700168 351
6.0181136 283
4.1432977 168
2.6528468 106
2.5573344 105
6.2820935 367
4.957361 223
5.3608084 231
6.560715 309
5.0123205 219
3.6497905 158
3.0100665 129
6.032367 289
5.672089 264
6.308628 286
5.241347 234
5.974663 249
4.171825 210
4.232192 179
2.1301923 85
6.452129 287
6.68448 296
6.0063696 271
6.632045 299
4.6657357 191
7.9874864 357
5.067792 218
6.672167 291
4.4246335 196
1.2780882 52
3.8892844 164
5.2322307 263
3.4908993 159
3.2601373 142
5.4565616 228
4.4012275 200
1.3738009 57
4.4382257 183
4.835356 220
3.750856 167
6.4221196 277
7.245397 322
4.4975886 188
5.6927767 312
4.986845 213
5.6230483 251
5.3197684 248
3.615211 151
4.509343 190
1.7468816 73
0.026457472 1
4.2585044 187
4.7623267 229
4.8293777 212
5.5443606 251
2.7142713 111
6.98095 322
4.2829094 208
5.985863 309
6.6203275 324
3.1282494 145
6.1272736 295
3.5629053 145
5.91399 274
2.0311038 84
4.23837 186
5.1282525 225
4.846318 192
4.5673304 202
1.1754134 47
1.4547577 60
6.3157353 314
5.3276753 232
4.402673 190
5.2944837 249
7.1496887 332
3.2058837 137
4.097381 195
1.4904525 66
4.2382927 190
5.0201793 219
4.6224494 191
5.426219 231
6.4882503 296
4.3093076 189
6.141473 300
4.7373714 224
0.57116354 22
1.6436298 66
5.164273 224
6.9807353 312
3.4823337 145
3.540772 155
6.694753 302
6.0225677 267
3.9008598 183
5.959799 263
5.303004 236
3.8328366 163
5.561261 246
7.118522 321
4.2291822 175
3.9258332 167
4.4602356 194
6.251036 284
0.9198188 37
4.982979 234
6.766115 330
4.5349364 195
5.054195 205
1.139723 44
6.200066 295
5.635954 256
7.172645 333
7.0993357 340
3.369301 147
5.1309733 255
6.676965 310
3.2449944 146
4.9137096 212
4.226437 192
6.3829784 294
3.791165 166
1.9838247 83
4.879678 213
5.405312 240
4.9676237 219
4.8427787 212
5.189447 233
3.7956073 151
3.6007214 153
4.0487227 174
2.9689994 124
3.0249662 127
3.7730894 152
0.7711542 29
7.5305057 327
4.688274 198
5.061209 252
6.731601 307
2.6591213 112
0.8563649 34
5.3249164 224
3.538191 153
4.8708076 234
4.9987817 272
3.8942285 169
5.6155257 249
7.0243807 339
1.4766684 63
4.112065 170
4.013675 175
7.3475266 367
5.5311937 236
5.8544674 253
4.3520203 196
5.943137 291
4.0806513 179
5.4458394 255
5.949664 305
2.1194592 99
5.0530505 233
4.9079666 225
3.6910238 161
1.9897029 86
4.33253 198
4.985904 225
6.0777016 277
5.2125883 241
7.1435027 314
5.281183 228
6.03032 284
2.2493277 96
0.027477207 1
0.027331254 1
5.687993 253
0.3948146 15
0.18461539 7
0.02783874 1
3.791729 167
3.4703555 153
3.6267896 162
4.023235 184
5.177351 233
5.8093543 277
2.1832497 95
3.5177388 150
6.1806426 262
6.512403 275
3.0897994 137
6.6584997 285
4.170327 163
7.429166 346
0.29455158 11
6.1651335 283
5.076623 224
5.5866747 243
3.67651 150
3.7805436 161
4.784004 219
0.93557787 38
5.28392 229
6.10179 283
5.5046577 226
3.8694785 160
5.402663 263
5.8158617 254
0.2792719 11
2.5253377 103
6.273244 296
5.2981052 232
6.8657646 318
3.2387455 154
3.138938 136
6.6817513 309
3.86986 159
4.258269 177
2.173807 92
7.1752095 339
2.596912 107
3.8195934 171
1.4838983 59
5.693093 240
7.2633986 318
0.027622366 1
5.08167 226
2.4283328 104
4.313022 185
4.991771 229
7.24465 337
6.0360146 277
2.886333 125
8.215238 375
4.701252 229
3.874112 174
6.615145 321
2.771854 116
3.4011676 148
5.1469884 252
4.5592904 198
2.0880299 89
6.0970063 303
6.792291 302
6.313733 263
2.5722835 108
3.9309208 165
5.48898 250
4.8025084 215
3.6885889 161
4.0890822 183
2.871981 128
2.1669595 90
6.084099 273
4.7983675 208
6.518972 276
3.2342477 133
5.4291463 227
3.4175172 143
5.9079604 328
1.4157399 58
1.400976 59
2.3334217 99
5.1165543 221
6.5684094 305
5.513034 246
5.6231866 255
5.2899623 265
3.4723024 157
4.831184 201
5.5791593 237
4.9618154 205
1.7417395 76
0.79366666 31
4.611449 203
4.6874747 210
6.764642 287
2.210846 89
3.8683689 168
5.893726 254
0.38056234 15
2.0965548 93
4.506085 209
5.2737265 221
5.8834066 253
4.1540585 181
5.5272503 232
2.2425802 91
4.209231 182
5.5685573 230
4.012178 202
4.5422254 193
3.4781601 163
4.1372023 188
6.231429 283
1.0780568 42
4.629051 216
4.4148316 205
5.5787315 256
6.0443945 264
5.457896 280
0.18301338 7
4.0101237 176
7.3005943 318
4.920043 216
5.2439537 226
5.421939 252
4.7767463 235
1.0469772 42
5.6300454 251
5.5899034 250
3.9241192 163
0.026944347 1
2.0451832 82
4.447071 207
6.3330193 278
3.995869 163
5.9415226 260
5.995129 256
5.379661 240
5.486144 243
1.8728524 78
8.282079 387
3.0178175 130
6.284353 284
5.853009 273
4.261258 202
6.083855 282
5.1945066 231
5.829654 261
7.267176 342
4.8051143 222
8.192738 380
2.3634248 100
4.9242516 230
1.8437076 78
3.5211036 150
7.0035143 317
7.541918 321
5.077817 223
1.670459 67
3.8616111 160
5.6727276 242
0.02630586 1
4.271042 197
5.1874647 233
5.080856 220
2.7754264 109
5.3657117 229
0.026795462 1
4.910885 204
6.065311 267
5.0021796 219
7.1422143 343
2.4117541 104
3.079541 124
6.8759985 295
3.3116693 147
2.3395524 95
3.3096852 149
4.0022383 173
6.6092987 335
5.498953 262
6.1933174 292
5.8933215 273
2.7855299 112
6.746083 321
4.964393 227
4.5691648 195
5.0458536 209
3.6966584 167
4.0199494 186
6.797394 310
6.975833 323
6.6135726 278
4.4504833 196
0.5661797 22
6.0459576 274
5.844483 249
5.243985 226
3.816014 171
5.555064 249
6.119602 290
5.503088 262
5.040042 211
3.972973 170
7.08019 299
4.9315104 228
5.52755 242
0.1336784 5
5.1016803 236
4.8372045 213
5.746376 272
6.500573 311
4.944579 213
7.511311 368
2.1167066 88
0.94785386 39
4.669026 195
4.5252843 197
5.4612455 234
5.6848645 250
6.963135 352
5.4258013 225
2.0284739 86
6.5574746 326
5.7261662 241
5.2999296 224
5.26806 234
5.746923 246
7.0079966 292
5.8329988 268
6.7581325 305
4.1304836 188
0.027331239 1
3.275512 135
4.8713098 251
3.8203454 169
3.6299412 156
2.4137776 106
5.2675023 227
1.8870647 75
2.8689594 133
5.2197113 242
2.37583 102
6.116224 278
5.790489 274
4.9267764 220
2.644439 110
4.4230423 194
6.205359 286
7.486857 338
5.106525 237
3.4705713 150
6.6216264 284
5.158321 216
5.663493 258
0.027092382 1
4.2074437 172
6.349735 307
4.9620256 215
5.6827183 265
3.4055228 142
5.5398746 238
4.9668126 206
5.24748 240
3.202887 139
3.6251264 157
5.2367744 251
5.370732 227
0.1078515 4
5.5297036 240
5.47287 228
5.8171406 279
6.2390213 287
6.839016 334
0.02630586 1
2.9988666 125
3.0862741 128
5.4801135 240
5.0019484 224
7.161748 334
6.9279037 307
4.7233186 202
5.665053 260
5.4873114 275
5.262602 216
4.892007 215
2.152965 84
4.8155413 228
0.02709239 1
4.0047293 177
8.0706625 356
5.1309276 246
4.4794555 202
6.140407 278
3.9380665 166
5.608144 256
3.2481003 135
6.3102403 310
5.2372355 224
4.894963 206
4.266717 178
3.9570673 179
7.280538 354
5.898711 275
5.196761 234
4.8274355 212
4.0820713 178
3.2432666 148
1.7347944 75
5.2069197 240
3.4853253 140
5.121276 221
5.7472177 240
5.6645904 252
4.086336 176
5.6849833 256
4.4600444 218
4.686182 220
5.360828 228
2.033175 86
4.7509365 211
4.9786386 222
2.3472068 104
5.0674295 229
4.7683573 200
3.6811142 173
5.7742543 250
4.178461 184
3.8604896 163
2.8177536 121
6.3456783 295
6.432254 313
6.119974 264
3.416205 145
2.6168513 109
3.256909 131
4.2012887 198
2.4626994 102
3.8525012 190
2.7911243 124
7.4257054 333
5.7879934 261
6.802678 313
3.9884932 177
6.6040635 305
1.5129796 63
6.0868464 315
7.52458 357
3.6941493 153
6.6290145 283
4.0256214 172
5.66879 246
5.3470397 228
6.6223454 289
4.9858155 232
6.210853 302
5.4979506 257
5.9470787 287
1.5248678 58
5.7619386 268
6.593991 280
2.0098944 80
7.5568976 366
6.1323123 282
5.4833527 250
5.595604 231
3.2992141 149
7.0976505 339
6.487895 289
5.3209453 222
7.685233 350
4.7883186 204
6.4351816 321
5.2515836 225
6.198056 324
2.487969 109
3.1101036 127
2.3116658 95
1.8126197 75
4.518257 206
1.9190696 78
3.988731 171
4.267431 183
6.5081773 319
5.9236507 262
4.58585 209
3.7338064 157
0.88116723 34
5.294556 249
2.3923526 99
4.3306084 194
6.420555 262
1.486677 62
7.4065485 332
2.1043413 83
5.7241387 262
6.8374577 334
5.2273445 234
5.081489 241
5.9333096 275
4.2144885 183
4.706563 209
6.6136937 284
5.495988 249
5.3746834 264
3.4607008 147
3.3507998 138
2.5320241 113
7.6271996 354
5.796451 247
3.7512867 160
3.933865 169
5.016576 238
5.2259593 234
1.7027332 71
5.863231 262
4.390156 202
5.1025167 235
3.0684063 133
8.2120905 368
3.7809355 164
5.290259 236
2.8820465 126
4.870141 211
5.019898 216
2.5555751 109
5.93079 255
5.0046763 211
6.771732 330
1.5020293 59
0.56345654 23
0.7882937 34
7.7343473 340
5.2666216 227
6.260946 280
4.4234157 185
6.0497518 269
6.2201157 291
2.2590108 98
4.7100983 212
6.94501 312
3.376719 142
3.1073759 128
5.024437 214
2.203688 85
4.392237 190
3.5165746 153
5.2984242 235
0.56319064 22
6.138285 258
2.993487 123
4.3709307 184
6.0105557 245
7.1289377 336
3.5076387 174
5.469652 261
5.200611 222
4.4747562 188
4.44879 195
4.36108 184
5.3143454 230
4.971413 228
5.094803 229
4.9764357 224
3.424116 137
6.1437063 280
6.7703447 333
4.4902534 209
5.10544 236
7.923812 377
3.2503927 138
6.3672695 285
0.027802818 1
6.0797734 282
1.2046729 47
5.6558776 243
4.799149 210
5.7188606 267
2.6012475 109
3.1467226 136
5.39727 230
5.088505 222
4.1125016 177
5.347303 249
1.8164194 75
7.777536 336
1.2453777 48
0.91305304 35
2.906484 124
6.9287305 312
6.6103444 301
3.9259138 169
2.913019 129
7.1167545 321
3.4853659 148
0.027092356 1
6.657196 324
5.406257 254
2.4751732 103
1.4017419 56
4.385592 183
3.7655823 160
4.2830067 191
3.0466735 127
2.262793 96
3.1113515 131
1.7502486 71
3.462449 148
2.3236632 103
6.538282 289
1.5643578 65
4.2184396 194
6.22478 298
0.027331246 1
3.1498406 132
6.5382514 318
6.233231 277
2.0408366 87
5.884473 259
5.253452 224
8.400903 384
6.800204 312
7.0991793 335
4.845238 207
2.8913145 125
4.1875577 192
5.2101464 216
4.6904855 222
6.0971026 277
6.309461 273
2.6082518 116
3.5648334 171
6.2296367 309
5.1271353 211
6.6551266 312
3.0272846 128
5.669031 275
4.15476 170
2.8723958 122
4.4317064 200
4.1762094 183
4.754612 210
4.2171364 187
3.6482105 155
5.7259984 248
8.139459 390
3.3468223 143
3.7100344 167
