2.7433493 150
3.6137502 201
2.1694024 136
1.7080162 85
1.9695294 104
2.083565 133
1.5599945 75
1.9901809 110
1.6631072 78
2.0985289 103
2.1321306 97
2.6383486 125
1.5592849 83
2.5674477 133
2.0539412 120
1.4542431 66
1.377962 69
2.7863002 162
0.49498305 22
2.5200262 137
0.4982099 25
1.6058317 87
2.3388853 117
3.2983422 197
1.6717333 88
2.1497045 102
1.6345569 95
2.8334801 150
2.4882114 120
2.1471705 126
2.4649994 128
1.8476143 120
1.9538985 95
2.4204352 118
2.7472324 152
2.7934027 140
1.8847729 96
2.1757405 134
2.0951095 107
2.2024188 134
1.7329535 119
1.3712459 72
2.21556 115
2.1275506 120
0.88073176 47
1.601447 81
1.8026283 110
3.0536623 170
1.4949256 71
2.4581108 120
2.1964216 121
2.2975714 111
2.1670396 107
1.9833461 95
2.4039066 115
2.886591 151
2.7397687 139
1.6688598 106
1.9929472 100
1.1925604 60
2.4199271 149
2.1113462 105
0.021817382 1
1.140864 56
2.5459733 131
1.1363612 66
2.5549903 130
2.3134441 122
2.5253463 122
2.5187218 115
2.3486464 127
3.8366504 182
2.3490627 115
1.3188627 69
2.3976018 150
2.7526956 147
1.8012381 91
1.6199985 75
0.72807235 38
1.8716633 97
1.3926824 81
2.1319957 110
2.025485 100
2.444173 135
2.9304936 155
2.2367764 111
2.1372795 129
1.7311959 87
3.1263206 159
1.3001378 77
2.1936488 105
2.5668604 145
0.6497479 33
1.0946745 54
1.9308225 110
0.99789447 45
1.3237549 81
1.263311 62
1.8785464 97
2.3429594 114
1.6220583 77
3.3427086 167
2.4615448 129
2.357061 112
1.5058227 76
1.8570484 94
2.0704327 109
1.1230317 64
1.7297176 95
2.5498111 134
3.0637152 164
1.2271206 72
1.9882392 106
1.6686372 88
1.5300127 82
0.44191128 24
1.7893845 99
2.3408248 114
1.2306981 63
0.6283416 29
2.994387 150
0.98797363 47
1.910357 116
3.2866166 177
0.96353453 49
1.5554531 81
0.96382797 42
4.000109 258
2.5102763 131
3.6761296 208
1.8347098 92
2.1778088 104
2.1553671 107
1.6375015 80
3.255547 167
2.5934443 155
2.4052 117
1.7273259 97
3.183651 180
0.92718077 47
2.6676822 141
3.2063818 193
1.9829376 96
2.006127 124
1.5886925 83
2.0257342 133
2.4093814 123
2.9208229 138
3.135574 165
1.3406316 69
1.9680724 99
0.50351685 22
1.870287 101
2.4959059 125
2.3481421 150
3.1285603 161
2.6625707 141
2.2316384 113
1.0123091 48
1.7011586 91
1.2331043 62
3.3495862 185
4.242931 258
3.103635 153
2.0869627 103
2.7329988 136
2.0263298 99
1.2245506 61
2.121371 137
2.4369335 128
2.5552945 143
1.6766053 85
1.9371938 91
1.5493753 74
2.1286712 114
0.59907335 35
1.987608 132
1.6548071 86
2.2212563 140
1.6354246 80
2.3030603 144
2.4888868 127
2.7015908 155
2.9760053 139
1.0626277 56
1.3434035 65
1.8452579 88
2.3308296 108
2.6054971 133
2.1709359 138
2.0362837 122
2.4115226 141
3.2791715 161
1.0014741 51
2.1839097 106
0.77720386 41
2.161852 128
1.9652139 110
2.179185 118
0.46853572 22
1.4803903 66
3.8769658 229
2.2275622 136
2.3392625 154
2.1488914 137
2.1005847 115
1.587968 86
1.6842508 84
1.392145 69
0.8661194 43
2.5201733 133
1.3516905 66
3.2040677 180
2.1642222 115
1.1396939 58
2.5570738 136
2.969519 170
0.8860638 45
2.5283678 144
2.6669025 136
1.6863983 87
1.3363073 64
1.9966576 88
2.2852993 137
1.9194448 123
1.37867 61
2.0194361 101
1.6276164 92
1.9611113 119
2.427579 145
1.4094194 71
1.7410275 88
0.7602112 35
2.105902 106
1.8088466 107
1.8083316 92
3.9216597 235
2.5865757 137
2.4167693 130
2.8061788 178
1.9215467 96
0.9819734 47
1.9172002 98
0.9839576 46
1.3505126 78
0.984947 46
2.488131 115
0.022912823 1
1.7839662 89
1.6613555 91
1.4119154 74
1.7822526 110
1.8194216 97
2.8294106 153
2.6741197 152
2.0641217 114
1.3605118 67
1.2334892 67
2.0632029 98
1.5644127 72
2.7764456 140
1.6936284 85
3.174798 184
2.841518 161
1.1978263 65
2.3184767 139
1.4636462 71
2.545529 166
1.0888095 49
1.5133402 71
1.8520926 85
2.8409464 149
2.997925 204
0.7065897 33
1.683294 79
2.026073 104
2.3326595 147
2.2173681 113
1.3153907 61
2.7203348 166
2.550041 126
1.8627754 97
1.4660628 78
3.0210016 160
2.2322772 117
3.3569856 187
1.1735024 61
2.1014888 105
2.0210752 124
1.1294539 55
1.4341618 73
2.032188 102
0.7109456 34
2.6667502 134
2.6822937 134
2.7854738 160
2.7847507 123
2.5158486 124
2.040484 100
2.4363868 131
1.4710537 76
1.8339761 88
1.8702049 121
1.3253437 70
2.3800833 124
2.2608187 106
2.666342 140
1.4078981 73
1.5817975 77
2.115819 103
1.7042546 87
2.387665 116
2.2925646 118
1.2586087 58
1.7886885 107
2.3533273 114
1.8253973 101
1.8309 92
1.7832774 83
1.84747 85
0.020420536 1
0.022382978 1
1.7220309 88
2.554787 129
0.94200814 46
1.3589803 73
1.8952625 96
3.28324 162
1.5416368 79
2.6895685 164
2.620845 171
2.916693 148
2.7856593 175
1.1995076 55
2.1768432 100
1.2548476 63
0.9480635 45
1.6821812 88
3.0101397 144
1.2729889 62
1.0169873 51
1.3204267 68
2.4400628 156
1.8946393 88
2.2255325 120
1.9867476 120
1.8265742 95
2.12659 104
1.9190392 117
1.2819891 68
1.9474269 125
3.438914 201
1.6927364 86
2.5411193 122
2.1833954 132
1.2403407 64
3.7156081 202
1.4902862 95
1.1887 63
0.023811696 1
2.4194667 129
3.1825316 174
1.257699 59
2.1986554 115
2.5607882 133
2.5611145 138
1.9221832 97
1.7634878 84
1.2691015 70
0.9995869 46
2.469919 136
3.2011673 166
1.2366527 58
2.8318396 143
2.3543618 116
4.643705 325
1.3784975 76
1.7332333 108
2.4838893 168
2.225724 116
2.5367758 118
1.3077822 71
1.9895109 97
2.6884673 155
4.1163707 254
2.2830105 149
1.2924552 66
2.2635942 125
2.3966649 147
0.9968947 53
2.9558535 141
1.8303227 87
2.557028 143
1.8902069 112
0.6904904 34
2.2693512 114
2.686047 139
1.6754293 84
2.7327988 143
1.7880553 87
0.89004123 42
2.546595 135
1.3701835 59
1.4427918 73
0.14984284 7
1.9928433 97
1.946702 89
2.353313 118
1.802974 88
1.436971 83
3.69293 222
1.4832771 83
1.0587503 47
2.483509 136
1.631297 83
2.016004 116
2.2865658 136
1.1754408 66
2.4408956 127
2.8104436 177
1.2806829 65
1.7492146 83
1.1189771 56
2.4039118 120
2.290009 111
1.4659967 70
1.4725428 79
2.265719 144
2.3640268 120
2.7717612 144
2.4319093 145
1.8115327 84
1.034275 57
2.3190014 115
1.3615391 76
0.77092063 41
1.861506 100
1.8191108 81
2.356738 138
1.2751647 68
1.9178302 89
2.3101935 120
1.7453414 83
1.8576622 110
0.21927086 10
0.15543774 7
2.081636 102
0.8805215 45
0.29033208 14
0.026229665 1
0.6899972 32
2.1990135 106
1.9156401 93
1.741312 79
2.0568843 98
2.182122 134
1.6771735 88
1.3481362 69
3.0545764 169
1.7785279 88
1.5272583 80
2.9522326 147
0.53388673 24
3.3985898 185
0.95767653 44
1.8591357 91
3.5321865 205
2.7486312 140
1.110163 57
1.3172778 61
1.8519834 90
0.116957024 6
2.925139 150
1.7803941 117
1.9745939 103
2.0005438 92
2.1981373 143
1.7741354 80
1.5654474 86
1.2526909 63
1.8691111 115
1.7756218 93
2.8802142 168
2.608155 147
2.5284138 132
2.4141605 120
2.5480132 122
1.5116035 80
1.2832333 67
2.1188061 131
1.906122 94
2.0190847 107
0.38002834 17
2.6006634 132
2.7067103 154
1.1357722 53
2.0505075 111
0.17214218 9
0.89089185 46
1.8940094 107
2.9140148 157
2.277072 109
1.4151268 70
3.390461 176
2.0381527 133
1.7640384 86
2.2240584 130
0.8464302 43
0.74077064 37
2.3960462 119
1.2233219 63
1.0609583 60
2.8603296 163
3.0991817 172
2.8720126 138
1.0979933 56
2.424458 123
2.1657498 103
1.9373058 91
0.99341685 52
2.397 132
1.6714809 96
1.6082985 85
1.3344811 79
1.1601051 53
3.0204701 149
1.7606114 83
2.7119832 134
0.8685209 42
2.4495556 149
1.2905741 68
1.7310362 91
1.3035207 71
2.1427493 108
2.2481706 119
2.1516404 100
2.715283 148
2.230846 134
1.7574904 91
1.8134009 93
2.8413317 137
2.1593375 115
0.6945418 35
0.48770255 23
1.4097447 71
2.6413016 130
3.292613 167
0.89416814 44
2.0371416 110
2.2662952 105
0.84078556 42
0.4792659 24
1.0350462 52
0.6321008 29
2.58927 134
1.7715743 93
1.7506764 79
1.576119 81
1.6871246 89
2.2238586 106
1.3268412 67
1.767671 90
1.79933 95
1.6636822 86
2.3886185 128
1.7865946 93
1.6936965 90
1.4967426 72
1.8651924 94
2.0898545 104
2.087915 104
0.7969474 40
1.9610621 100
2.928367 148
1.7444088 80
1.6876559 87
2.3728354 128
3.2955062 178
2.1055522 103
2.3073387 126
1.8508244 100
1.74018 82
0.023452036 1
0.46129763 21
1.771827 116
3.145692 181
2.660978 137
1.6007081 79
2.6665921 127
2.1102824 112
2.3259115 106
1.0418278 51
3.116639 165
0.44458184 23
2.124248 117
1.6952008 79
1.4439902 73
1.6307659 82
1.12386 59
1.6360649 82
2.9550605 150
2.031564 115
3.50312 178
1.5006418 77
3.2426844 199
0.8656096 46
1.7542257 86
2.7198374 144
2.466339 116
2.6925642 139
0.3873147 18
2.0333219 96
3.0121195 156
0.81152856 44
2.7451217 165
1.7992451 102
2.0980976 116
1.4909953 72
1.6515999 78
0.6999336 36
2.1639006 102
2.3621473 127
2.6168487 143
2.465127 139
1.4779482 75
0.55672866 25
3.5937557 202
1.5648346 81
1.6397351 80
1.3149375 62
1.8539815 97
2.5473635 122
1.6767349 85
2.5851998 131
2.34247 116
1.61432 86
4.0837326 247
1.1739994 55
2.9732468 157
1.294892 70
2.056894 126
1.6959908 84
1.5704458 79
3.0698428 155
2.6597052 135
1.65587 81
0.7812987 40
2.2279918 140
2.237211 105
2.37508 139
1.090387 55
2.1340387 115
2.3824458 146
3.488717 208
2.0613606 93
0.96888036 43
2.7632124 134
2.4447286 118
1.540245 82
0.024186702 1
2.6136372 135
1.5168059 83
2.0334096 111
2.6560946 172
1.7401644 84
3.9905808 224
2.136663 119
1.1402537 72
1.8264847 94
2.626714 151
1.8857137 106
2.1958704 103
2.4257054 148
2.197116 113
0.95503277 46
2.4950712 162
1.6748236 81
2.0660481 96
1.8943394 91
2.3924415 133
3.1180003 164
2.0685658 100
2.444481 162
1.3858274 76
0.02376966 1
1.4377451 73
3.5378852 197
2.0382774 101
1.2956119 70
1.0363203 61
1.7599679 82
1.4550321 71
2.2782226 122
1.9422457 104
2.1161304 105
2.120407 131
1.6749946 101
2.1922076 107
1.6935828 84
1.5172324 83
1.6251533 102
2.429506 111
2.0440314 121
1.9517533 100
2.6505306 128
2.7128043 149
2.4805613 133
1.1201133 56
1.7738829 88
2.8222117 151
3.0709648 156
2.8385832 136
1.9582452 104
1.9650874 95
1.6578128 75
2.2911763 115
0.4762538 27
0.023237834 1
2.073273 118
2.3330374 107
0.18243302 8
1.995826 92
2.8157957 136
1.7640963 91
2.8639464 154
1.9388036 128
0.55958605 31
2.0071223 102
1.0242246 48
2.6797843 131
2.4142609 130
2.628035 125
2.5891693 129
2.19446 116
2.1250625 115
1.8317959 112
1.3900787 64
3.2353895 164
0.6791324 30
1.8242364 90
0.34444556 19
2.0850155 110
2.9436371 139
1.9143534 107
1.8874614 89
2.2853055 134
2.0128894 120
2.353108 121
1.9139775 96
1.6382617 103
2.5073826 130
3.2209997 161
1.7122985 86
1.9453933 101
2.2537656 140
2.3419945 142
2.4599953 130
2.043987 110
1.8983018 96
1.8592414 100
0.9833431 54
1.3895614 70
1.7628226 87
1.6229192 77
2.2633798 117
2.62735 143
2.390026 115
1.8707759 128
2.015939 129
1.706271 92
2.1926517 110
1.4992933 79
1.5785413 102
2.0395916 109
0.94814634 54
2.0766177 104
1.3579215 68
2.1745727 135
2.489544 124
3.1659 164
2.0145926 92
1.1866877 61
1.9098067 87
2.5915184 173
1.9292969 101
1.8586211 88
0.57239693 27
2.1769638 103
1.4727163 77
1.4093664 79
2.158898 138
1.4053372 70
3.736866 202
2.5862045 144
3.0188801 161
1.4246007 78
2.6758246 133
1.9479805 101
2.0272021 125
3.3932123 188
1.5742031 79
1.7208344 80
3.1318393 160
2.3785858 114
1.4675549 73
3.3797991 206
3.4160645 197
1.7911754 79
1.8384324 88
1.9272808 129
1.5740021 71
3.2828155 181
4.479842 278
0.023832683 1
2.3718677 137
1.2193277 57
1.9902602 98
2.986057 143
2.3825746 137
2.7384672 130
2.8568542 160
1.8042834 87
3.1926298 175
0.81389 39
2.1537142 135
2.0411055 114
2.686052 174
2.0774949 110
1.6420255 81
0.32941404 16
2.0687218 109
1.8214147 115
2.3399153 130
0.9465061 50
1.6978954 91
2.0420613 132
1.8201011 113
2.386011 123
2.2179456 112
1.3189433 64
1.6343327 92
2.0437064 95
1.5526726 91
3.2297754 175
1.1674393 55
2.8123522 135
0.15146251 7
2.6266038 150
2.425972 141
2.9344358 152
1.7264305 117
2.950485 158
2.3917058 139
2.6641986 146
2.1655889 111
2.38777 120
2.420898 122
2.0213573 103
1.9281218 98
2.182417 130
3.7907543 210
2.761223 149
1.1933055 60
0.714112 32
2.9988909 146
2.2080843 112
2.1608248 109
2.9084964 146
1.6430126 86
3.149771 166
0.7818345 40
3.3088937 165
1.4453939 77
1.5964694 75
0.8918754 49
1.4165384 69
3.280053 162
1.4665021 69
1.4918808 72
2.3821402 126
2.2672098 130
0.7349403 38
0.022338266 1
0.022560999 1
2.2624555 112
1.335607 71
2.8682704 139
2.222189 110
1.3863273 62
2.4533443 157
1.3771545 64
3.093581 164
2.3699076 120
1.6294439 76
1.3143808 61
0.8568612 42
1.8483505 90
2.3478694 113
1.257639 62
1.9669294 95
0.44054118 24
2.314581 120
1.1939346 64
1.4523016 70
0.71835446 33
2.4227421 120
1.2918065 66
1.7643292 110
2.011106 113
2.5026703 149
2.5127807 131
2.7714086 148
2.5811095 127
2.3189163 117
1.8357625 94
1.8852454 102
1.1428107 54
2.3545506 136
2.089434 139
2.6992164 136
1.911735 125
3.0058525 159
1.0929048 51
3.1925876 163
0.025357382 1
2.5937781 136
0.6144891 29
2.4783802 129
1.9304314 92
1.5139564 95
1.6335899 83
1.3554069 75
1.8371382 82
1.5506145 72
2.6998467 142
2.1477425 110
0.79103094 38
3.6691668 210
0.07012825 3
1.2506362 62
0.8912918 43
2.5114675 153
2.1704555 114
2.3328252 130
1.9057826 99
2.1057642 98
2.6098733 148
0.023237806 1
2.6809514 174
1.7853383 108
1.5002731 80
1.7230228 88
2.656937 135
2.084084 115
1.997863 117
2.0551069 100
0.3484398 19
1.9116888 99
1.0790089 54
1.3232232 73
0.917581 48
2.4006424 127
0.8671161 45
1.5892543 98
1.9052463 118
0.7694413 37
1.4613084 78
2.4350474 160
1.8343022 100
1.4745177 77
2.7171423 148
1.7265593 88
3.3709812 166
3.684276 185
3.524535 197
2.2196116 111
0.874804 44
2.0814013 128
2.0513954 108
1.8445764 115
3.7859693 228
2.971425 150
1.5230709 74
2.2503383 128
2.3406305 154
2.3136215 109
2.2708182 124
1.8388543 101
1.7850118 108
1.7890198 87
1.8696543 94
2.5824707 127
1.0233411 50
1.8067681 92
1.248521 73
1.5506063 73
2.5678267 123
3.6360993 197
1.0746461 51
1.0490122 54
